Date,Press,Category,Title,Content,Comment,URL_Origin,URL_Naver
2019.05.30.,매일경제,,SSG닷컴 해외 상품 `프리오더 전문관` 오픈,,,http://news.mk.co.kr/newsRead.php?year=2019&no=366984,http://www.mk.co.kr/
2019.05.30.,전자신문,경제,"SSG페이 ""이마트24서 맥주 8캔 1만5000원에 구매하세요""","[ 해외 출시 신상품 미리 주문해 저렴하게 구입지난 3월 시범 운영 결과 목표 초과 달성6일부터 `카슈` 드라이빙 슈즈 등 50여개 상품 판매     SSG닷컴이 해외 상품 '프리오더(선주문) 전문관'을 연다. 해외 브랜드 상품들이 국내에 출시되기 전 미리 구입할 수 있는 서비스로, 상품이 출시되자마자 받아볼 수 있고 공식 유통 가격보다 저렴하다는 장점이 있다.SSG닷컴은 지난 3월부터 프리오더 서비스를 성공적으로 시범 운영해 왔다고 설명한다. 이탈리아 프리미엄 슈즈 브랜드 '부테로', 스웨덴 패션 브랜드 '악셀 아리가토', 스페인 캐쥬얼 브랜드 '아렐스' 등 판매 상품 모두 목표를 달성했다. 30만원대에 판매한 부테로 스니커즈는 3일 만에 목표 수량 100%에 도달하며 1주일 행사 기간 동안 매출 목표치 240%를 달성했다. 남성구매 비중이 55%에 달한 점도 고무적이었다. 기존 명품 시장에서 여성 고객들이 대부분을 차지한 것과 달리 2030 남성들의 입지가 늘어난 트렌드를 반영한 결과여서다.SSG닷컴은 전문관 오픈을 기념해 6월 5일 오전 11시까지 일주일 간 3개 브랜드 50여개 상품을 판매한다.국내에서는 인지도가 낮지만 잠재적으로 성장 가능성이 높은 브랜드 위주로 선정했다. 남성 고객 공략을 위해 상품 선정에도 공을 들였다.가장 눈에 띄는 것은 국내 최초 공식 판매를 시작하는 '카슈' 드라이빙 슈즈와 스니커즈 16종이다. 카슈는 프라다 그룹이 운영하는 브랜드로 드라이빙 슈즈의 원조로 평가 받는다. 트렌디한 디자인과 편안한 착용감이 특징인 프리미엄 신발로, 전문관에서는 오는 가을·겨울 시즌 대표상품인 '드라이빙 슈즈'를 38만5000원에 구매할 수 있다. 배송은 9월 중순에 시작한다.브라질 캐쥬얼 브랜드 '카리우마' 스니커즈 24종도 준비했다. 메모리폼 안창으로 발을 편하게 해주는 것이 특징이며 가죽, 스웨이드, 캔버스 소재 상품을 모두 입점시켰다. 대표 상품인 가죽 스니커즈는 17만9000원에, 캔버스 스니커즈는 10만7000원에 판매한다. 배송은 6월 말부터 시작된다.이탈리아 명품 캐쥬얼 브랜드 '엠에스지엠(MSGM)' 셔츠 9종도 만나볼 수 있다. 스테디셀러 상품인 기본 디자인 로고 티셔츠와 맨투맨 셔츠로 구성했으며 주문 후 한 달 내로 배송이 이루어질 예정이다.SSG닷컴은 전문관 정식 오픈 이후 최소 두 개 이상의 브랜드를 꾸준히 소개하는 한편, 구매 고객 분석을 통해 고객 취향을 겨냥한 새로운 상품을 계속해서 선보인다는 계획이다.김예철 SSG닷컴 영업본부장은 ""앞으로도 여러 해외 브랜드를 국내에 빠르게 알리는 트렌드세터 역할을 해나가겠다""며 ""경쟁사에서 보기 어려운 새로운 서비스를 지속적으로 기획해 온라인 쇼핑의 '격'을 높여갈 것""이라고 말했다.[강인선 기자]▶네이버에서 '매일경제' 뉴스 구독하고 경품 받아가세요▶뉴스레터 '매콤달콤' 구독 ▶무궁무진한 프리미엄 읽을거리[ⓒ 매일경제 &amp; mk.co.kr, 무단전재 및 재배포 금지]   ]",[],http://www.etnews.com/20190530000157,https://n.news.naver.com/mnews/article/009/0004365715?sid=101
2019.05.29.,연합뉴스,,"미래에셋대우 ""이마트, SSG닷컴 성장 회복 예상…'매수'""",,,http://yna.kr/AKR20190529031900008?did=1195m,http://www.etnews.com
2019.05.31.,CEO스코어데일리,IT/과학,"신세계 이커머스 순항?…SSG닷컴, 순손실에도 현금흐름 양호","[    신세계그룹 간편결제 서비스 SSG페이는 6월 한 달 매주 토요일 이마트24에서 수입 맥주 구매자를 대상으로 캐시백 이벤트를 실시한다고 30일 밝혔다. 수입 맥주 8캔(2만원)을 SSG페이로 결제하는 고객에게 SSG머니 5000원을 제공한다.SSG머니 캐시백은 월 1인 1회에 한해 5000원 한도도 적용된다. 해당 SSG머니는 7월 18일 일괄 제공된다. SSG머니는 SSG페이 선불 결제 수단이다. 전국 이마트, 신세계백화점, 트레이더스, SSG닷컴, 스타벅스 등 온·오프라인 가맹점에서 현금처럼 자유롭게 사용할 수 있다.문준석 신세계I&amp;C 플랫폼사업부장은 “빠르게 찾아온 여름과 다양한 축구 경기가 열리는 6월을 시원하게 보낼 수 있도록 이마트24와 맥주 프로모션을 마련했다”면서 “SSG페이가 준비한 알찬 혜택과 SSG페이의 편리한 결제 서비스를 함께 누릴 수 있을 것”이라고 말했다.    윤희석 유통 전문기자 pioneer@etnews.com▶ 네이버 모바일에서 [전자신문] 채널 구독하기▶ 전자신문 바로가기 [Copyright ⓒ 전자신문 &amp; 전자신문인터넷, 무단전재 및 재배포 금지] ]",[],http://www.ceoscoredaily.com/news/article.html?no=56195,https://n.news.naver.com/mnews/article/030/0002816304?sid=105
2019.05.27.,한국경제,,화장품 최대 반값 할인…SSG닷컴 '뷰티 페스타' 진행,,,https://www.hankyung.com/article/201905277759g,https://www.yna.co.kr/
2019.05.26.,이데일리,경제,"SSG닷컴, 화장품 최대 반값 할인 '뷰티 페스타' 실시","[     이마트 본사[연합뉴스TV 제공]    (서울=연합뉴스) 김아람 기자 = 미래에셋대우는 29일 이마트가 온라인몰 SSG닷컴(SSG.COM)의 외형 성장 회복이 예상된다며 목표주가 19만원과 투자의견 '매수'를 유지했다.    김명주 연구원은 ""SSG닷컴은 사모펀드(PEF)의 투자 집행 시 주주가치 3조원을 평가받았으나 현재 이마트 기업가치에 SSG닷컴의 가치는 거의 반영되지 않았다""며 ""성장률이 지난 1년 이상 온라인 시장을 하회했기 때문""이라고 전했다.    이어 ""배송 캐파 부족에 따른 이마트몰 충성고객 이탈과 마켓컬리, 오아시스, 무신사 등 신흥강자 탄생에 따른 신규 유입 고객 감소 때문으로 판단한다""고 덧붙였다.    그러나 김 연구원은 ""하반기에 진입하면서 SSG닷컴의 외형 성장은 차츰 회복할 것""이라며 ""이마트의 온라인 배송 캐파가 지속적으로 확대되고 명품 등 프리미엄 카테고리 강화로 타 플랫폼과의 차별화를 확보하고 있다""고 설명했다.    그러면서 ""이마트 본업 부진은 당분간 이어져도 SSG닷컴의 외형 성장 회복 가능성과 기업가치 재조명, 에브리데이와 프라퍼티 등 자회사 실적 개선에 따라 하반기 주가 반등 가능성이 있다""고 내다봤다.    rice@yna.co.kr▶네이버 홈에서 [연합뉴스] 채널 구독하기▶뭐 하고 놀까? #흥  ▶쇼미더뉴스! 오늘 많이 본 뉴스영상 ]",[],http://www.edaily.co.kr/news/newspath.asp?newsid=01269366622492856,https://n.news.naver.com/mnews/article/001/0010853667?sid=101
2019.05.31.,PC사랑,,"솔로몬닷컴, LG전자 외장형ODD '천왕 특별전' 이벤트 진행",,,http://www.ilovepc.co.kr/news/articleView.html?idxno=30183,http://www.ceoscoredaily.com
21면 TOP,전자신문,,"e커머스로 쓱(SSG닷컴) 하고 온(롯데 ON) 신세계·롯데, 사업 순항",,,http://www.etnews.com/20190528000194,http://www.hankyung.com/
2019.05.20.,쿠키뉴스,생활/문화,"SSG닷컴 ""생필품부터 백화점 상품까지…최대 64% 할인""","[    [ 강경주 기자  ]     SSG닷컴 '뷰티 페스타'SSG닷컴은 27일부터 다음달 2일까지 일주일간 뷰티 브랜드를 모두 망라한 할인행사 '뷰티 페스타' (BEAUTY FESTA)를 실시한다고 27일 밝혔다. 이 행사에서는 화장품부터 대중적인 가성비 제품까지 1만여 종을 최대 50% 할인한 가격에 만날 수 있다.대표적으로 '랑콤 뗑 이돌 롱 라스팅 파운데이션 세트'를 정가보다 10% 할인한 6만3000원, '로라메르시에 미네랄 피니싱 파우더 세트'도 10% 할인한 4만4100원에 구매할 수 있다.최근 착한 성분 화장품으로 입소문을 탄 '마녀공장' 스킨케어 제품은 최대 40%, 아모레퍼시픽의 인기 제품들도 최대 50% 할인한다. 이밖에도 SK-II, 아벤느, 베네피트, 정샘물, 빌리프 등 100여개 브랜드 상품들을 준비했다.다양한 쿠폰·적립금 행사도 있다. 뷰티 카테고리에서 단일 상품 2만원 이상을 구매하면 최대 1만원 할인하는 10% 할인 쿠폰, 모바일 앱에서 뷰티 15만원 이상 구매시 S머니(적립금) 1만원 증정 등이다.매일 한정 수량·선착순으로 배송비만 결제하면 상품을 무료로 체험할 수 있다. 31일까지 매일 오전 10시에 무료 체험 2개를 공개한다. 27일 단 하루동안 신세계몰-이마트몰 상품과 합산해서 2만원 이상 구매하면 10% 할인 쿠폰을 적용하는 '원데이 크로-쓱 할인'도 있다.H&amp;B스토어 부츠(Boots)는 전 상품을 대상으로 2개 가격에 3개 구매할 수 있는 '3 for 2' 행사를 29일부터 31일까지 3일 동안 진행할 예정이다.SSG닷컴 관계자는 ""지난 4월 고가 화장품부터 대중적인 가성비 상품 브랜드들까지 '원스톱' 뷰티 쇼핑이 가능한 뷰티 전문관을 연 후 좋은 반응을 얻고 있다""며 ""이번 뷰티 페스타 행사를 통해 입지를 더욱 다지겠다""고 말했다.강경주 한경닷컴 기자 qurasoha@hankyung.com▶ 네이버에서 '한국경제' 구독하고 비씨카드·한경레이디스컵 KLPGA 입장권 받자 ▶ 한경닷컴 바로가기  ▶ 모바일한경 구독신청 ⓒ 한국경제 &amp; hankyung.com, 무단전재 및 재배포 금지   ]",[],http://www.kukinews.com/news/article.html?no=664170,https://n.news.naver.com/mnews/article/015/0004148573?sid=103
2019.05.27.,더벨,,"[더벨]SSG닷컴, 재무 악화 이마트 부채 양수",,,http://www.thebell.co.kr/front/free/contents/news/article_view.asp?key=201905240100043160002690,http://www.edaily.co.kr/
2019-05-30 15:45:06,연합뉴스,경제,"SSG.COM 명품 화장품 매출 증가…""작은 사치 누린다""","[ SSG닷컴 '뷰티 전문관' 개관 기념    (자료=SSG닷컴)[이데일리 이성웅 기자] SSG닷컴은 오는 27일부터 6월2일까지 가성비와 프리미엄 뷰티 브랜드를 총망라한 할인행사 ‘뷰티 페스타 (BEAUTY FESTA)’를 실시한다고 26일 밝혔다.이번 프로모션은 원스톱 화장품 쇼핑이 가능한 SSG닷컴 ‘뷰티 전문관’의 특징을 적극적으로 알리기 위해 기획됐다.지난 4월, SSG닷컴은 종합쇼핑몰 최초로 명품 화장품부터 시코르, 부츠 등을 포함한 뷰티 전문관을 개설하고 100여개 브랜드, 1만여종의 상품을 한곳에 모았다. 행사 대표 상품으로 ‘랑콤 뗑 이돌 롱 라스팅 파운데이션 세트’와 ‘로라메르시에 미네랄 피니싱 파우더 세트’를 각 10% 할인된 가격에 구매할 수 있다. ‘SK-II 피테라 에센스’에 백화점 상품권이 포함된 단독 구성 제품도 준비했다.또한, 아모레퍼시픽 인기제품을 최대 50% 할인된 가격에 판매한다. 최근 ‘착한 성분’ 화장품으로 사회관계망서비스(SNS)에서 입소문이 난 ‘마녀공장’ 스킨케어 제품도 최대 40% 할인가에 만나볼 수 있다. 더모화장품 대표 브랜드인 ‘아벤느’ 오떼르말은 58% 할인한다. 이 외에도 베네피트, 정샘물, 빌리프, 오휘, 후, 닥터지 등 다양한 브랜드의 상품을 준비했다.브랜드별 할인 행사 이외에도, 뷰티 카테고리에서 사용할 수 있는 10% 할인 쿠폰도 준비했다. 이 쿠폰은 2만원 이상의 단일상품 구매 시에만 사용 가능하며, 최대 할인 금액은 1만원이다. 브랜드 별로 최종 결제 시 쿠폰 적용 여부를 확인할 수 있다.또한, SSG닷컴 모바일 앱에서 뷰티 카테고리 제품 15만원 이상을 구매한 고객에게는 S머니 적립금 1만원을 증정한다. 구매 후 이벤트 페이지를 통해 응모한 고객에 한해 19일 일괄 지급할 예정이다.SSG닷컴 관계자는 “뷰티 전문관 오픈 이후 전년 대비 화장품 부문 매출이 신장률이 33%에 달한다“며 “이번 행사를 통해 입지를 더욱 공고히 할 계획”이라고 말했다.이성웅 (saintlee@edaily.co.kr)네이버 홈에서 ‘이데일리’ 뉴스 [구독하기▶]꿀잼가득 [영상보기▶] , 청춘뉘우스~ [스냅타임▶]＜ⓒ종합 경제정보 미디어 이데일리 - 무단전재 &amp; 재배포 금지＞ ]",[],http://yna.kr/AKR20190516044500030?did=1195m,https://n.news.naver.com/mnews/article/018/0004387735?sid=101
2019-05-30 10:53:03,더벨,,"[더벨]쓱닷컴, 이사회 새 진용…어피너티·BRV 참여",,,http://www.thebell.co.kr/front/free/contents/news/article_view.asp?key=201905280100048620003044,http://www.ilovepc.co.kr
2019-05-29 08:48:26,이데일리,,"SSG페이, SSG닷컴 인기상품 최대 50% 환급 행사 진행",,,http://www.edaily.co.kr/news/newspath.asp?newsid=03125846622488592,http://www.etnews.com
2019-05-27 13:45:06,여성소비자신문,IT/과학,"보미라이, SSG닷컴 입점기념 '최지우의 뷰티톡톡' 성료","[    신세계와 롯데가 신사업인 e커머스에서 순항하고 있다. 오프라인 유통에서 축적한 노하우와 신기술 기반 시장 경쟁력을 온라인에 접목하며 거래액과 매출을 확대하고 있다. 양사는 올해 차별화된 마케팅 전략으로 지속 성장을 위한 발판을 마련할 계획이다.28일 유통업계에 따르면 SSG닷컴은 지난 1분기 거래액 6527억원을 기록했다. SSG닷컴 법인 설립 전인 전년 동기 신세계몰, 이마트몰 등 온라인사업 거래액 5647억원에서 15.6% 증가했다.신세계 온라인쇼핑 사업 매출은 지난 2014년 통합 쇼핑몰 SSG닷컴 론칭 이후 매년 두 자릿수 성장률을 기록 중이다. 올해 거래액 목표는 작년(약 2조4000억원) 대비 약 29% 상승한 3조1000억원으로 잡았다. 2~4분기 평균 8200억원 거래액을 확보하면 목표를 달성할 전망이다.SSG닷컴은 가성비(가격 대비 성능) 상품부터 프리미엄 상품까지 한 곳에서 구매할 수 있는 쇼핑 환경을 최대 강점으로 앞세웠다. 실제로 최근 신세계 프리미엄 아울렛이 SSG닷컴에 입점했다. 백화점은 물론 대형마트, 회원형창고, T커머스 등을 합해 총 10개 쇼핑 탭을 제공하게 됐다. 신선식품부터 명품까지 한 데서 구매할 수 있는 원스톱 쇼핑 체계를 구축한 셈이다.SSG닷컴은 최근 신선식품 부문에서 고객이 신선하지 않다고 판단하면 100% 환불하는 '신선보장' 제도를 도입했다. 유명 유튜버와 손잡고 '온라인센터'를 홍보하는 한편 매주 다양한 영상 콘텐츠를 제공하는 '극한신선'도 선보였다. 최근 새로운 성장동력으로 떠오른 온라인 신선식품 유통과 비디오(V) 커머스 시장을 공략하기 위함이다.SSG닷컴 관계자는 “상품 카테고리별 강점을 극대화하고, 한층 차별화된 마케팅을 선보일 것”이라면서 “(목표 달성을 위해) 명절을 비롯한 시즌 수요에 적극 대응할 계획”이라고 말했다.    SSG닷컴 프리미엄 아울렛 탭롯데 7개 유통 계열사는 지난해 e커머스 사업에서 총 거래액 6조3000억원을 기록했다. 올해는 26% 증가한 8조원을 연 거래액 목표로 잡은 것으로 알려졌다. 내년 10조원, 2023년 20조원을 각각 돌파해 연 거래액 기준 국내 1위 e커머스 채널 자리를 꿰찰 계획이다.롯데쇼핑은 지난 2018년 8월 '롯데 e커머스 사업본부'를 출범시켰다. 총 3조원을 투자해 2020년 상반기까지 각 계열사 온라인몰을 통합할 예정이다. 지난달 선보인 통합 로그인 서비스 '롯데 ON'은 이를 위한 첫걸음이다. 7개 유통 계열사 온라인 채널을 로그인 한 번으로 이용 가능하다. 서비스 론칭 이후 최근 한 달간 하루 평균 방문고객(트래픽)은 400만명이다. 전년 대비 60% 이상 늘며 기대를 높였다.롯데 e커머스 관계자는 “e커머스 경쟁력 강화를 위해 구매성향 분석기술과 상품 빅데이터를 접목한 인공지능(AI) 솔루션 '샬롯'을 고도화하고 있다”면서 “오는 2020년 7개 유통사 모든 상품을 앱 하나로 쇼핑할 수 있는 롯데 ON 앱도 선보일 계획”이라고 말했다.윤희석 유통 전문기자 pioneer@etnews.com▶ [IT지식채널 - 올쇼TV] FireEye Mandiant의 전문성으로 짚어보는 최신 사이버위협 트렌드▶ 네이버 모바일에서 [전자신문] 채널 구독하기▶ 전자신문 바로가기 [Copyright ⓒ 전자신문 &amp; 전자신문인터넷, 무단전재 및 재배포 금지] ]",[],http://www.wsobi.com/news/articleView.html?idxno=74240,https://n.news.naver.com/mnews/article/030/0002815583?sid=105
2019-05-26 09:45:06,중소기업뉴스,,"요가복ㆍ필라테스 운동복 '이지요가ㆍ로나제인', SSG닷컴과 공동으로 'Brand ...",,,http://news.kbiz.or.kr/news/articleView.html?idxno=50432,http://www.kukinews.com
2019-05-28 13:53:08,아시아투데이,,"진영R&S, 보미라이 SSG닷컴 입점 기념 최지우 토크쇼 '엄지 척'",,,http://www.asiatoday.co.kr/view.php?key=20190519010011356,http://www.thebell.co.kr
2019.05.16.,뉴스1,,"SSG닷컴, 日 패션 '온워드 카사야마' 전문관 연다",,,http://news1.kr/articles/?3615817,https://www.yna.co.kr/
2019.05.28.,뉴스1,경제,"""어린이날, 개린이 선물 샀다""… SSG닷컴 매출 107% 상승","[    (서울=연합뉴스) 이신영 기자 = 가성비를 중시하는 소비 성향에 밀려 한동안 주춤했던 명품 화장품 수요가 다시 늘고 있다.     SSG닷컴은 지난 3년간 뷰티 상품 매출을 분석한 결과 명품 화장품 비중이 2016년 25%에서 2018년 35%까지 증가했다고 16일 밝혔다.     명품 화장품 판매량은 2016년부터 매년 15%씩 신장했고 지난해에는 20% 가까이 증가한 것으로 나타났다.     가장 많이 팔린 상품은 립스틱이었고 파운데이션과 아이섀도가 뒤를 이었다.     SSG닷컴은 과도하게 비싸지 않은 물건에 자기만족을 위해 돈을 쓰는 '작은 사치' 소비 경향이 화장품 시장에서도 나타나면서 평균 10만원 내외로 구매가 가능한 명품 화장품을 찾는 사람들이 늘어난 것으로 보고 있다.     SSG닷컴 관계자는 ""고객을 위해 가격 할인도 추구하지만 '중요한 상품을 구매할 때 믿고 살 수 있는 곳'이라는 인식을 줄 수 있도록 온라인 쇼핑의 격을 높여가겠다""고 말했다.     SSG닷컴에서 판매중인 명품 화장품 [신세계그룹 제공=연합뉴스]    eshiny@yna.co.kr▶네이버 홈에서 [연합뉴스] 채널 구독하기▶뭐 하고 놀까? #흥  ▶쇼미더뉴스! 오늘 많이 본 뉴스영상 ]",[],http://news1.kr/articles/?3616889,https://n.news.naver.com/mnews/article/001/0010828348?sid=101
2019.05.13.,마켓뉴스,,"보미라이, SSG닷컴 입점기념 ‘최지우의 뷰티톡톡’ 성료",,,http://www.marketnews.co.kr/view.php?ud=201905192009211226d6aa6036b4_24,http://www.thebell.co.kr
2019.05.23.,아시아경제,,신세계 아울렛을 온라인에서…SSG닷컴에 오픈,,,http://view.asiae.co.kr/news/view.htm?idxno=2019050708321492403,http://www.edaily.co.kr/
2019.05.23.,인사이트,경제,"보미라이, SSG닷컴 입점기념 '최지우의 뷰티톡톡' 개최","[ 입생로랑 립스틱, 일렉트로맨 에어프라이어 등    (자료=신세계아이앤씨)[이데일리 이성웅 기자] 신세계그룹의 간편결제 서비스 SSG페이는 SSG닷컴의 인기 아이템을 선착순 특가로 제공하고 SSG페이로 구매 시 결제 금액의 최대 50%를 SSG머니로 돌려주는 이벤트를 진행한다고 13일 밝혔다.이번 이벤트는 SSG닷컴에서 진행되며 이날부터 오는 17일까지 오후 1시와 오후 6시, 하루 두번 특가 상품이 공개된다. 대표 페이백 제품으로는 다이슨 무선청소기 V11, 발뮤다 토스터기, 일렉트로맨 에어프라이어, 입생로랑 립제품 등 다양한 분야의 제품을 준비했다.특히, 최대 50% 할인되는 상품도 있다. 입생로랑의 베스트셀러인 ‘입생로랑 인데이저 미 레드’, ‘일렉트로맨 5.5ℓ 에어프라이어’ 등은 판매가의 50%에 해당하는 SSG머니가 추후 적립된다.신세계아이앤씨 관계자는 “선물 수요와 지출이 많은 5월을 맞아 이번 프로모션을 준비했다”며 “파격적인 혜택과 더불어 보다 많은 분들께서 SSG페이의 빠르고 편리한 결제 서비스를 경험할 수 있을 것으로 기대한다”라고 덧붙였다.이성웅 (saintlee@edaily.co.kr)네이버 홈에서 ‘이데일리’ 뉴스 [구독하기▶]꿀잼가득 [영상보기▶] , 청춘뉘우스~ [스냅타임▶]＜ⓒ종합 경제정보 미디어 이데일리 - 무단전재 &amp; 재배포 금지＞ ]",[],https://www.insight.co.kr/news/227311,https://n.news.naver.com/mnews/article/018/0004376878?sid=101
2019.05.20.,뉴스1,,"보미라이, SSG닷컴 입점기념 ‘최지우의 뷰티톡톡’ 개최",,,http://news1.kr/photos/view/?3649527,http://www.wsobi.com
2019.05.08.,쿠키뉴스,,"SSG닷컴 ""어린이날 기간 반려동물 매출 107% 증가""",,,http://www.kukinews.com/news/article.html?no=660952,http://kbiznews.co.kr
2019.05.09.,파이낸스투데이,,"이지요가ㆍ로나제인, SSG닷컴과 요가복ㆍ레깅스 등 'Brand Week Sale' 행사",,,http://www.fntoday.co.kr/news/articleView.html?idxno=188919,http://www.asiatoday.co.kr
2019.05.19.,비즈니스포스트,,"""이마트 주식 긴호흡으로 봐야"", 트레이더스와 쓱닷컴 기대는 유효",,,http://www.businesspost.co.kr/BP?command=article_view&num=127686,http://news1.kr/
2019.05.07.,스포츠조선,경제,"보미라이, SSG닷컴 입점기념 ‘최지우의 뷰티톡톡’ 개최","[ ICB, 23구, 자유구, 쿠미쿄쿠 입점    SSG닷컴에 국내 최초 공식 입점한 '온워드 카시야마' 전문관 © 뉴스1(SSG닷컴 제공)(서울=뉴스1) 정혜민 기자 = SSG닷컴(쓱닷컴)은 일본 패션 브랜드 '온워드 카시야마' 전문관을 연다고 8일 밝혔다.온워드 카시야마는 '23구'를 비롯해 '질샌더' '조셉' 등 100여개 브랜드를 보유한 일본의 대표 패션기업이다.이번에 쓱닷컴 온워드 카시야마 전문관에 입점하게 된 브랜드는 'ICB' '23구'(23区) '자유구'(自由区) '쿠미쿄쿠'(組曲) 등 총 4개다. 여성 컨템포러리(최신 경향의) 상품 약 5000종을 SSG닷컴에서 선보이게 된다.이중 23구는 '세대와 시대를 넘어 오래도록 사랑받는 편안한 옷'을 모토로 세련된 스타일을 추구하며, 자유구는 다양한 라이프스타일에 맞는 현대적인 디자인이 특징이다. ICB와 쿠미쿄쿠 역시 고급스러운 소재를 사용하고 유행을 타지 않으면서 단순한 디자인으로, 일본의 20~30대 여성 사이에서 인기가 높다.이예중 SSG닷컴 백화점상품팀 바이어는 ""국내 소비자의 해외 직구(직접구매) 수요에 맞춰 국내에 소개되지 않은 유명 브랜드의 입점을 계속해서 추진하고 있다""며 ""온워드 카시야마를 공식적으로 SSG닷컴을 통해 국내에 처음 선보인다는 점에서 의미가 있다""고 말했다.hemingway@news1.kr▶ [ 크립토허브 ]  [ KFF포럼 2019 ] ▶ 네이버 메인에서 [뉴스1] 구독하기![© 뉴스1코리아(news1.kr), 무단 전재 및 재배포 금지] ]",[],http://sports.chosun.com/news/ntype.htm?id=201905150100103840006920&servicedate=20190514,https://n.news.naver.com/mnews/article/421/0003978128?sid=101
2019-05-16 10:00:13,컨슈머타임스,,"쓱페이, 쓱닷컴 인기제품 선착순 특가…최대 50% 페이백 이벤트 실시",,,http://www.cstimes.com/?mod=news&act=articleView&idxno=304397,http://news1.kr/
2019-05-13 13:35:02,뉴스웨이,생활/문화,"이베스트투자증권 “신세계, SSG.컴 분사로 1분기 시장 기대치 상회”","[ 가슴줄, 식기세트 등 많이 팔리고 펫드라이어 인기    사진 이미지투데이 © 뉴스1(서울=뉴스1) 최서윤 기자 = 최근 어린이날 주간에 반려동물 용품 매출액이 상승한 것으로 조사됐다. 최근 집에서 키우는 동물을 가족 구성원으로 여기는 '펫팸(펫+패밀리)족'이 늘어나면서 어린이 뿐 아니라 일명 '개린이(개+어린이)' 또는 '냥린이(고양이+어린이)'에게도 선물을 한 것으로 분석된다. 9일 SSG닷컴에 따르면 어린이날을 전후해 지난 1일부터 7일까지 반려동물 카테고리 내 영양제와 이미용기기, 잡화용품 등의 매출을 분석한 결과, 전월 같은 기간과 비교해 107% 늘어난 것으로 집계됐다.아직까지 매출규모 비중은 어린이용 완구와 아동복이 더 크지만, 성장율 측면에서는 반려동물 카테고리가 두 배 높았다. SSG닷컴에서 같은 기간 완구와 아동복은 54% 성장했다.가장 큰 폭의 성장세를 보인 상품은 '러프웨어(Ruffwear)'에서 출시된 하네스(가슴줄)로, 지난 달에 비해 8배가 넘게 매출이 늘어났다. 이 상품은 가격대가 보통 6만원대 이상으로, 비슷한 다른 상품에 비해 높은 편이지만 피부 마찰을 줄인 소재를 사용했다는 입소문이 나면서 반려용품의 베스트셀러로 자리잡았다. 최근 시행 중인 동물보호법에 따라 외출할 때 반려견에 목줄을 착용하게 한 것 또한 매출 상승의 이유로 꼽힌다.받침대가 원목으로 된 '강아지(고양이) 식기세트' 매출도 전월보다 42% 늘었다. 높낮이가 조절되는 상품부터, 식탁처럼 만든 상품까지 종류도 다양하다. 외출용 밥그릇도 많이 팔리고 있는데, 언뜻 보면 육아용품과 구분이 쉽지 않을 정도다. 최근에는 자동센서가 달린 정수기와 급수기도 출시돼 주목받고 있다. 7만원대로 가격대가 높은 편이지만, 장시간 외출로 먼지가 쌓인 물을 먹이는 것이 걱정인 소비자들이 많이 찾는 상품이 됐다. 특히 물먹는 양이 중요한 고양이를 키우는 고객들에게 필수품으로 자리잡았다.반려동물의 기호에 맞는 영양식품의 인기도 높았다. 휴고앤셀린에서 출시한 '스웨덴산 연어 강아지 아이스크림'과 '스웨덴산 대구 강아지 아이스크림'같은 상품도 전월에 비해 100% 더 많이 팔린 것으로 나타났다. 같은 기간 '플렉스 K9 강아지 관절영양제'도 122% 늘어나 가정의 달을 맞아 반려동물을 내 가족처럼 관리하는 잠재적 수요를 이끌어낸 것이라고 SSG닷컴 측은 분석했다.송금아 SSG닷컴 반려동물 담당 바이어는 ""올해 1분기 SSG닷컴 내 반려동물 카테고리 전체 매출은 지난해에 비해 40%가 넘게 성장했다""며, ""특히 영양제나 다양한 케어용품의 매출 증가가 두드러지는 한편, 모바일로 제어되는 고가의 '펫살균드라이어' 등 기술이 접목된 상품도 반려동물 선물로 각광을 받고 있는 것이 특징""이라고 설명했다.  한편, 가정의 달을 맞아 SSG닷컴은 반려동물을 키우는 고객을 위해 글로벌 펫푸드 브랜드 '힐스코리아(Hill’s)' 전 제품을 10% 할인하는 특별 행사도 오는 31일까지 진행한다. 또한 '힐스 사이언스 다이어트' 사료를 구매한 고객에게 2만원 상당의 반려동물 방석을 증정한다. 구매 고객 80명을 추첨해 신세계상품권도 증정할 계획이다.    사진 SSG닷컴 홈페이지 © 뉴스1news1-1004@news1.kr▶ [ 해피펫 ]  [ KFF포럼 2019 ] ▶ 네이버 메인에서 [뉴스1] 구독하기![© 뉴스1코리아(news1.kr), 무단 전재 및 재배포 금지] ]",[],http://www.newsway.co.kr/news/view?tp=1&ud=2019051308373251436,https://n.news.naver.com/mnews/article/421/0003980348?sid=103
2019-05-08 11:11:23,공감신문,,"요가복·레깅스 브랜드 '이지요가·로나제인', SSG닷컴과 'Brand Week Sale' ...",,,http://www.gokorea.kr/news/articleView.html?idxno=189942,http://www.marketnews.co.kr/
2019-05-09 10:54:13,매일경제,,`디지털 백화점` 신세계…AI 상담사 24시간 만난다,,,http://news.mk.co.kr/newsRead.php?year=2019&no=365165,https://www.asiae.co.kr/
2019-05-07 08:32:17,뉴시스,경제,올여름 빛나는 입술 갖고 싶어? THREE 러쉬 펠루시드 립스틱,"[     [아시아경제 성기호 기자] 신세계사이먼이 8일 신세계 그룹의 통합 쇼핑몰인 SSG닷컴에 ‘프리미엄 아울렛’ 관을 오픈하고, 온라인 사업을 본격 추진한다고 7일 밝혔다.신세계사이먼은 이번 SSG닷컴의 입점을 기념해 8일부터 26일까지 다양한 특별 프로모션을 진행한다. 우선, 8일부터 14일까지 7일간 ‘브랜드 데이’를 열고 매일 변경되는 7개 브랜드의 인기 상품을 최고 80% 할인한다. 슈콤마보니, 쿠론, 토박스, 아쉬, 게스키즈, 리모와, 엠에스지엠 등 7개 브랜드가 참여한다.또한, 8일부터 19일까지는 ‘럭셔리 스페셜 위크’가 진행되어, 발렌티노, 발렌시아가, 펜디, 넘버21 등의 가방, 지갑 상품을 최고 40% 할인된 가격에 만나볼 수 있다.이와 함께 8일부터 26일까지는 카테고리별 인기 브랜드의 시즌 상품을 만나볼 수 있는 ‘카테고리 베스트 전’도 개최된다. 본격적인 골프 시즌을 맞아 아디다스 골프, 캘러웨이 골프, 핑골프 등의 인기 상품을 최고 70% 할인하여 판매하고, 가정의 달 기프트 아이템으로 랑방, 마크제이콥스, 끌로에 등의 향수 제품을 최고 40%, 코렐, 웨지우드 등의 리빙 상품을 최고 60% 할인한다.특히, 행사 기간 동안 ‘프리미엄 아울렛’관에서 상품을 구매한 고객 대상으로 10만원 이상 구매시 SSG닷컴에서 사용 가능한 S머니 5000원, 100만원 이상 구매시 S머니 5만원을 적립해 주는 이벤트도 진행한다.조창현 신세계사이먼 대표는 “이번 SSG닷컴 입점을 통해 오프라인을 넘어 온라인에서도 신세계사이먼 프리미엄 아울렛만의 차별화된 가치를 제공할 수 있게 되었다”라며 “앞으로 온라인 사업의 성장을 위해 지속적인 노력을 기울일 것”이라고 밝혔다.성기호 기자 kihoyeyo@asiae.co.kr▶ 네이버 메인에 '아시아경제' 채널 추가하기▶ 재미와 신기 '과학을읽다' ▶ 자산관리최고위과정 모집&lt;ⓒ경제를 보는 눈, 세계를 보는 창 아시아경제 무단전재 배포금지&gt;   ]",[],http://www.newsis.com/view/?id=NISX20190531_0000668609&cID=13001&pID=13000,https://n.news.naver.com/mnews/article/277/0004462458?sid=101
2019.05.13.,매일경제언론사 선정,,신선배송 여름전쟁…작업장엔 한기 느껴졌다,,,http://news.mk.co.kr/newsRead.php?year=2019&no=367553,http://www.insight.co.kr
2019.05.18.,서울경제,,"[시그널] GIC, 이마트 지분 5.16% 취득",,,https://signal.sedaily.com/NewsView/1VJCD6PQRN,http://news1.kr/
2019.05.10.,한국경제,생활/문화,"이마트 지분 5% 넘긴 GIC…반토막 난 주가, 바닥 신호?","[     배우 최지우가 18일 오후 서울 강남 스타필드 코엑스몰 B2 라이브플라자에서 열린 ‘최지우의 뷰티 톡톡’ 행사에서 인사말을 하고 있. (더 피알 제공) 2019.5.18/뉴스1juanito@news1.kr▶ [ 크립토허브 ]  [ KFF포럼 2019 ] ▶ 네이버 메인에서 [뉴스1] 구독하기![© 뉴스1코리아(news1.kr), 무단 전재 및 재배포 금지] ]",[],https://www.hankyung.com/article/2019053016191,https://n.news.naver.com/mnews/article/421/0003996440?sid=103
2019.05.15.,딜사이트,,"부진 빠진 대형마트, ‘3사3색’ 활로 찾기…승자는?",,,http://paxnetnews.com/allView?vNewsSetId=6073&articleId=2019053115410302525&objId=A2019053115410302525&portalCode=naver,http://www.kukinews.com
2019.05.17.,이데일리,,"신세계사이먼 프리미엄 아울렛, ‘수퍼 세일’ 개최",,,http://www.edaily.co.kr/news/newspath.asp?newsid=02830646622493512,http://www.fntoday.co.kr
2019.05.14.,신아일보,,롯데·신세계·현대 ‘3大 아울렛’ 상반기 최대 할인 경쟁,,,http://www.shinailbo.co.kr/news/articleView.html?idxno=1171822,http://www.businesspost.co.kr/
2019.05.13.,뉴데일리,,‘오프라인 강자’ 아울렛... 'e커머스' 외도 나선 이유,,,http://biz.newdaily.co.kr/site/data/html/2019/05/30/2019053000072.html,http://sports.chosun.com
2019.05.13.,연합뉴스,생활/문화,"[PRNewswire] 오터박스, 모바일 액세서리 일렉트로마트 입점","[    원적외선 마스크 브랜드 '보미라이(BOMIRAI)'가 오는 18일 오후 2시 코엑스 라이브플라자A서 '최지우의 뷰티 톡톡' 행사를 개최한다고 13일 밝혔다.이번 행사는 SSG닷컴(SSG.COM) 입점을 기념해 마련된 행사로, 브랜드 모델 배우 최지우가 팬들과 함께 소통하는 미니 토크쇼 형식으로 구성됐다.행사는 오후 2시부터 약 60분간 최지우의 피부 비결 공개와 함께 보미라이 사용법 시연 등 다채로운 프로그램으로 진행될 예정이다. 이날 최지우는 직접 럭키드로우 행사를 진행하며 팬들과 소통할 예정이다.참가자 전원에게는 최지우 포토카드와 함께 다양한 기념품을 증정한다. 특히, 포토카드에는 SSG닷컴 앱에서 사용 가능한 보미라이 제품 25% 할인 쿠폰 QR코드를 제공한다. 해당 할인 쿠폰은 6월 30일까지 SSG닷컴 앱에서 사용 가능하다.참가 희망자는 오는 14일까지 진행되는 보미라이 공식 페이스북 및 인스타그램 사전 신청 이벤트를 통해 응모할 수 있다. 100명 추첨을 통해 토크 콘서트 초청권을 증정하며, 당첨자 발표는 개별 통보한다. 보미라이 관계자는 ""보미라이 SSG닷컴 입점을 기념해 브랜드 모델 최지우와 함께하는 뷰티 토크 콘서트를 준비했다""며, ""보미라이와 최지우가 함께하는 첫 오프라인 행사인 만큼 알찬 프로그램과 풍성한 혜택을 준비했으니 많은 관심과 참여 부탁드린다""고 말했다.전상희 기자 nowater@sportschosun.com▶사주로 알아보는 내 운명의 상대▶눈으로 보는 동영상 뉴스 핫템- Copyrightsⓒ 스포츠조선(http://sports.chosun.com/), 무단 전재 및 재배포 금지   ]",[],http://yna.kr/AKR20190529070600009?did=1195m,https://n.news.naver.com/mnews/article/076/0003416217?sid=103
2019.05.14.,노컷뉴스언론사 선정,,"'손정의 펀드' 등에 탄 쿠팡, 로켓 쏴 올릴까?",,,https://www.nocutnews.co.kr/news/5156353,http://www.cstimes.com
2019.05.30.,데일리시큐,,"솔로몬 닷컴, LG전자 외장형ODD “OH! HAPPY” 이벤트 시행",,,https://www.dailysecu.com/?mod=news&act=articleView&idxno=49857,http://www.newsway.kr
2019-05-18 17:20:50,매일경제언론사 선정,,[단독] 8년만에 거액 배당…`스벅코리아`에 무슨 일이,,,http://news.mk.co.kr/newsRead.php?year=2019&no=339284,http://gokorea.kr
2019-05-14 16:25:05,연합뉴스,,"신세계百 PB속옷, TV 쇼핑 진출해 판로 다각화",,,http://yna.kr/AKR20190522025900030?did=1195m,http://www.mk.co.kr/
2019-05-30 10:37:02,조선일보,경제,"""데이터처럼, 음식도 클라우드 시대 곧 옵니다""","[ 31일부터 챗봇 S봇 도입해 고객 편의 높여    [사진제공 : 신세계백화점] '디지털 신세계'에 앞장서고 있는 신세계백화점이 이번에는 AI 챗봇 고객 상담사인 '신세계 S봇'을 도입한다.30일 신세계백화점에 따르면 오는 31일부터 선보이는 신세계백화점 챗봇 'S봇'은 24시간 365일 운영되는 1:1 고객 상담 서비스이다. 신세계백화점은 지난해 신세계I&amp;C·구글과 AI·머신러닝 기술 공동 연구를 위한 MOU를 체결해 인공지능을 활용한 다양한 쇼핑서비스를 개발 중에 있다. 'S봇'은 신세계I&amp;C가 개발한 구글 기술 기반의 쇼핑 전용 챗봇 플랫폼 '사이보그'를 활용했다.S봇의 이용 방법은 총 5가지이다. 우선 신세계백화점 모바일 앱, 신세계백화점 홈페이지를 통해 서비스가 제공되며, 콜센터 상담 중에도 'S봇' 사용을 원할 경우 장문 메시지를 통해 바로 연결된다. 향후 네이버 검색을 사용하게 되면 '네이버톡톡'을 통해 접속이 가능하며 AI 스피커인 '구글홈'을 통해 음성으로도 만날 수 있다.'S봇' 도입으로 신세계백화점 고객의 편의가 향상되는 것은 물론, 회사 업무 효율 역시 높아질 것으로 기대된다. 신세계백화점 관계자는 ""시작은 가장 도입 효과가 큰 CS부터 시작해 백화점 전 서비스 영역으로 확대하고 S봇의 활용성을 지속적으로 높여나갈 계획이다""고 말했다.실제로 신세계백화점 통합 콜센터의 경우 매장연결, 브랜드 문의, 휴점일, 영업시간 등 단순 상담 문의가 70% 이상을 차지하고 있다. 따라서 이런 유형의 문의는 챗봇으로 시스템화 하기에 좋아 실제 이용자들이 더 편리하게 이용할 수 있을 것으로 예상된다.업무 효율성이 높아지면서 직원들의 만족도 역시 높아질 것으로 기대된다. 단순 상담 업무에 투입하는 시간이 줄어들면 더욱 다양한 고객 응대를 할 수 있다는 시간이 늘어나 상호 윈윈인 셈이다.신세계백화점 관계자는 ""오전 10시 30분부터 저녁 8시 30분까지 운영하는 기존 콜센터 시간에 대한 고객들의 불만이 컸다""며 ""제한된 인력과 시간으로 상담 서비스를 받지 못하던 이용자들이 챗봇을 활용하면 콜센터를 통한 응대량보다 더 많은 상담 업무 처리가 가능해 고객 불만이 많이 해소될 수 있을 것""이라고 예상했다.신세계백화점은 그동안 디지털과 인공지능 등 다양한 혁신 기술을 유통 현장에 접목하기 위해 노력해왔다.신세계백화점은 지난달 공식 홈페이지인 '신세계닷컴'을 대대적으로 개편해 세분화 된 쇼핑 정보를 선보인 것은 물론, SSG닷컴과 연동해 상품을 바로 구매할 수 있는 옴니채널 기능을 강화했다. 업계 최초로 인공지능을 접목한 '퍼스널 쇼퍼(personal shopper)' 서비스인 'S마인드'도 홈페이지에 적용했다. 'S마인드'란 고객 개개인의 쇼핑 패턴을 분석해 선호하는 맞춤형 브랜드와 쇼핑정보를 분석해 맞춤형 쇼핑 정보를 제공하는 서비스다.지난해 12월부터는 '종이 없는 백화점'을 내세우며 '전자가격표시기'를 도입하기도 했다. 전자가격표시기는 과거 종이에 표시했던 상품의 가격 등을 전자 종이와 같은 디지털 장치를 활용해 표시하는 방식이다. 기존 종이 가격표의 경우 용지, 코팅 등 소모품이 많았다. 신세계백화점은 불필요한 인쇄 작업을 디지털로 전환하면서 친환경이라는 두 마리 토끼를 잡았다는 평가를 받는다. 작년부터 신세계백화점 식당가에 도입한 '스마트 대기 시스템'에 대한 반응도 뜨겁다. 식당 앞에서 기다릴 필요 없이 이름만 올려놓으면 모바일로 알려주는 서비스로 고객들의 호응이 높은 것.조우성 신세계백화점 디지털이노베이션 담당 상무는 ""AI 챗봇 등 4차 산업혁명의 혁신 기술을 유통 현장에 접목 시키기 위해 노력하고 있다""며 ""고객 편의와 직원들의 업무 효율을 높이는 다양한 디지털 시스템을 개발해나갈 것""이라고 말했다.[디지털뉴스국 방영덕 기자]▶네이버에서 '매일경제' 뉴스 구독하고 경품 받아가세요▶뉴스레터 '매콤달콤' 구독 ▶무궁무진한 프리미엄 읽을거리[ⓒ 매일경제 &amp; mk.co.kr, 무단전재 및 재배포 금지]   ]",[],http://biz.chosun.com/site/data/html_dir/2019/05/28/2019052800024.html?utm_source=naver&utm_medium=original&utm_campaign=biz,https://n.news.naver.com/mnews/article/009/0004365430?sid=101
2019.05.31.,뉴스인사이드,,"[잡인사이드] 에스에스지닷컴 공채 속보, 채용",,,http://www.newsinside.kr/news/articleView.html?idxno=681504,http://www.newsis.com
A22면 TOP,연합뉴스,경제,명품시장 새로운 키워드는 '온라인·2030',"[ 단독 사용 시 청초하고 맑은 색다른 립 제품 레이어링 시 다채로운 빛    【서울=뉴시스】'THREE 러쉬 펠루시드 립스틱' 【서울=뉴시스】김정환 기자 = 일본 라이프스타일 코스메틱 브랜드 '쓰리'(THREE)가 여름을 맞이해 올해 썸머 컬렉션인 'THREE 러쉬 펠루시드 립스틱'을 출시한다고 31일 밝혔다.THREE 러쉬 펠루시드 립스틱은 이 브랜드의 올해 S/S(봄·여름) 컬렉션 립스틱의 신규 제품이다. '컬러 오브 레인'(Color of Rain) 콘셉트로 출시됐다. 총 3종이다.이 립스틱은 사용하는 방법에 따라 다양한 분위기를 연출한다. 단독 사용 시 이슬을 머금은 듯 청초하고 맑은 색을 낸다. 다양한 립 제품과 함께 레이어링 시 비가 오거나 흐린 날에도 다채로운 빛을 발한다.특히 THREE는 올해 S/S 콜렉션 제품인 'THREE 데어링리 디스팅트 립스틱'과 함께 사용할 것을 제안한다. ""벨벳 텍스쳐의 THREE 데어링리 디스팅트 립스틱 위에 덧발리면 투명하고 얇은 베일을 덮은 듯 신비로운 반짝임을 선사해 전혀 다른 제품처럼 연출된다""는 설명이다.      【서울=뉴시스】'THREE 러쉬 펠루시드 립스틱' 온라인 종합쇼핑몰 SSG(쓱)닷컴에서 판매한다. 개당4만3000원(3.5g) 출시 기념 프로모션으로 러쉬 펠루시드 립스틱 포함 THREE 립 제품 2개 이상 구매 고객에게 러쉬 펠루시드 립스틱을 15% 할인해준다.ace@newsis.com▶ 네이버에서 뉴시스 채널 구독하기▶ 뉴시스 빅데이터 MSI 주가시세표 바로가기 &lt;저작권자ⓒ 공감언론 뉴시스통신사. 무단전재-재배포 금지.&gt;   ]",[],http://yna.kr/AKR20190524122300030?did=1195m,https://n.news.naver.com/mnews/article/003/0009262440?sid=101
2019.05.30.,연합뉴스,,빠른배송 홍수 속 '느린배송' 뜬다…크라우드펀딩 시장 급성장,,,http://yna.kr/AKR20190524145800030?did=1195m,http://www.mk.co.kr/
A22면 1단,아시아경제언론사 선정,경제,"명품에서 생활용품까지, 할인 정조준한 유통업계(종합)","[ 마켓컬리 보랭재 늘리고검수·검품 공간 기온 낮춰SSG닷컴은 보랭커버 확대직원들 겨울외투 입고 작업     30일 오후 서울 송파구 장지동 마켓컬리 물류센터에서 직원들이 상품을 포장하고 있다. 실내온도가 4도로 유지돼 직원들은 겨울 외투를 착용한 채 일하고 있다. [사진 제공 = 마켓컬리] 지난 29일 오후 3시 30분. 서울 송파구 장지동에 위치한 '마켓컬리' 물류센터에는 입고 마감 시간 4시를 앞두고 전국에서 탑차 10여 대가 속속 도착했다. 이날 오전 경기도 한 반찬가게에서 만들어진 콩가루 꽈리고추찜 300여 팩은 차에서 내려지자마자 10여 m 떨어진 포장 공간으로 들어갔다. 입고 지점과 벽을 사이에 둔 포장 공간으로 들어서자 실내온도는 영상 9도에서 영상 4도로 떨어졌다.2주 전까지만 해도 상품 개수와 질을 확인하는 검수·검품 작업은 입고 지점과 맞닿아 있는 800여 ㎡ 공간에서 이뤄졌다. 그러나 '하절기 모드'에 들어간 이후로는 변질 가능성이 높은 반찬류와 육류에 한해 5도가량 낮은 포장 공간에서 검수를 진행하고 있다.신선식품을 전날 자정 전 주문하면 다음날 새벽까지 가져다주는 '새벽배송' 서비스를 제공하는 유통업체들에 일찍 찾아온 더위는 반갑지 않은 손님이다. 생산지에서 최종 소비자에게 제품이 도달할 때까지 저온을 유지하는 '콜드체인'을 도입한 식품업체들은 더위와의 사투에 일찍 나선 모양새다.주문 물량 중 30%가 몰린다는 오후 9시 이후 다시 찾은 물류센터에서는 물건을 담고 포장하는 피킹·패킹 작업이 한창이었다. 포장대 18곳에서 하루 3만여 개 물품을 포장하는 직원 150여 명 손길도 덩달아 바빠졌다. 신선도를 유지하기 위해 포장에 들어가는 아이스팩도 수량이 늘었기 때문이다. 배송하는 물건 중 비중이 가장 큰 중형 에코박스에는 샛별배송 기준 500g 아이스팩 1개가 들어갔다. 하절기 모드가 적용된 뒤부터는 무게가 1㎏으로 늘었다. 강성주 마켓컬리 물류팀 리더는 ""매주 새벽 기온을 기본적으로 확인하고, 폭염주의보나 열대야가 오는 날에는 배송 기준을 강화한다""고 말했다. 마켓컬리는 모든 상품을 직매입해 품질 변질에 따른 부담이 타 유통업체에 비해 크다.마켓컬리 관계자는 ""물로 만들어 사용 후 폐기할 수 있는 친환경 아이스팩을 개발하는 등 다양한 방법을 실험 중""이라고 말했다.      자정에 주문을 마감하고 3시간 단위로 원하는 시간에 신선식품을 받아볼 수 있는 SSG닷컴도 하절기 시스템을 도입했다. SSG닷컴 관계자는 ""SSG 배송은 시간대를 지정해 대면 배송을 하기 때문에 스티로폼 박스나 보랭재는 늘리지 않았다""고 설명했다. 대신 배송기사가 상품을 싣고 내릴 때 사용하는 아이스박스를 기존에 비해 세 배 늘렸다. 하절기에는 외부 온도가 올라가는 만큼 이전에는 아이스박스에 넣지 않아도 신선도가 유지됐던 상품까지 온도를 유지하기 위해서다. 매장 내에서 물건을 집어와 포장할 때도 신선식품이 상온에 노출되는 것을 피할 수 있도록 '보랭커버'를 사용하기 시작했다. 신선도 유지가 어려운 광어·연어회를 배송할 수 있는 시스템도 구축하고 있다. SSG 배송 관계자는 ""내부 테스트를 거쳐 6월 중순부터 이마트 성수점 배송 권역에서 시범적으로 이용할 수 있도록 할 계획""이라고 말했다.또 다른 신선식품 새벽배송 업체 '헬로네이처'도 올해 초 경기도 부천에 신선물류센터를 오픈하면서 콜드체인 시스템을 강화했다. GS수퍼마켓과 GS25를 운영하는 GS리테일도 이달부터 9월까지 식품 안전 검사 실시 비용을 두 배로 늘렸다. 신선식품 업계에서는 비수기로 여겼던 하절기에 지난해 처음 주문 물량이 늘어났다는 점에서 업계는 올여름에도 긴장을 늦추지 못하고 있다. 마켓컬리에 따르면 지난해 하절기 매출은 전년 동기 대비 3배 이상 증가했다. 여기에 지난해 말 쿠팡이 신선식품 새벽배송 서비스 '로켓프레시'를 시작하면서 전반적인 새벽배송 수요가 늘 것으로 예상돼 드라이아이스, 아이스팩 등 수급 불균형이 우려된다는 목소리도 나온다. [강인선 기자]▶네이버에서 '매일경제' 뉴스 구독하고 경품 받아가세요▶뉴스레터 '매콤달콤' 구독 ▶무궁무진한 프리미엄 읽을거리[ⓒ 매일경제 &amp; mk.co.kr, 무단전재 및 재배포 금지]   ]","['', '', '새벽배송은 오아시스마켓']",https://view.asiae.co.kr/news/view.htm?idxno=2019052015360959275,https://n.news.naver.com/mnews/article/009/0004365795?sid=101
2019.05.31.,이데일리,,"[주간추천주]카카오, 실적개선 기대…유통·통신 관심 지속",,,http://www.edaily.co.kr/news/newspath.asp?newsid=01715446622492856,http://www.sedaily.com
2019.05.28.,매일경제언론사 선정,경제,온라인몰에서 얼마까지 써봤니?,"[     [서울경제] 싱가포르국부펀드(GIC)는 이마트(139480)에 5.16%(약 2000억원)를 신규 투자했다고 29일 공시했다. GIC는 경영권 참여 의지가 없는 단순 투자라고 설명했다.앞서 신세계그룹의 이커머스 법인인 SSG닷컴은 이마트의 부채 일부를 상환하기로 했다. 이번 투자유치는 이마트의 재무구조 개선에도 도움이 될 것으로 보인다. 이마트의 실적은 하향세다. 1·4분기 연결 영업이익은 743억원, 순이익은 697억원으로 지난해보다 각각 51.6% , 44% 줄었다.   /임세원기자 why@sedaily.com[서울경제 바로가기]▶ 텔레그램으로 서울경제 구독하기  | ▶ 네이버TV로 서울경제썸 구독하기▶ 네이버 메인에서 'No. 1 뉴스' 서울경제를 만나보세요저작권자 ⓒ 서울경제, 무단 전재 및 재배포 금지   ]","['', '유상증자가 아닌데, 무슨 투자 유치냐?  회사에 자본 유입이 없는데, 무슨 재무가 좋아지냐?  내가 주식 사는것도 투자 유치냐?  경제 신문 기자가 생각이 있는거냐? 없는거냐? 무식하기는']",http://news.mk.co.kr/newsRead.php?year=2019&no=335204,https://n.news.naver.com/mnews/article/011/0003562473?sid=101
2019.05.30.,머니투데이,,"신세계, 매출 호조세 이어질 것-NH투자증권",,,http://news.mt.co.kr/mtview.php?no=2019052407510213688,http://www.hankyung.com/
2019.05.30.,머니S,경제,"아동복 아비에, 네이처 원피스 출시… 프릴 디자인으로 포인트","[ ""국내 주식 팔아치우던 GIC이마트엔 2000억 투자 이례적""일각 ""온라인몰 등 실적 저조""[ 임근호 기자  ] 테마섹과 더불어 싱가포르 양대 국부펀드인 싱가포르투자청(GIC)이 이마트 지분을 5% 이상 취득했다. 1년 새 반 토막 났던 주가가 ‘바닥’에 가까워진 것 아니냐는 기대가 솔솔 나온다.    30일 금융감독원에 따르면 GIC는 지난 23일 이마트 주식 4만4652주를 순매수해 보유 주식이 14만3683주로 늘었다. 지분율은 5.1%로 처음 5%를 넘어섰다. 이날 종가 14만3000원을 기준으로 2057억원어치에 달한다.GIC는 웅진코웨이, 아모레퍼시픽, LIG넥스원, 오리온, BGF 등을 갖고 있었지만 지난해부터 올해까지 상당량 팔았다. 셀트리온과 셀트리온헬스케어 등을 보유한 테마섹도 비중을 줄여나가고 있다.이마트는 지난해 32.66% 급락했다. 올해도 21.64% 떨어졌다. 소비 행태가 온라인 쇼핑으로 급속히 바뀌며 오프라인 점포의 실적이 계속 나빠지고 있는 탓이다. 편의점(이마트24), 복합쇼핑몰(스타필드), 창고형 할인점(트레이더스), 전문점(노브랜드·일렉트로마트·삐에로쑈핑) 등으로 사업 다각화를 하고 있지만 그만큼 비용 부담이 커지고 있다.증권가에선 이마트 주가를 둘러싼 바닥 논쟁이 한창이다. 쟁점은 이마트·신세계의 통합 온라인몰인 SSG닷컴의 경쟁력이다. SSG닷컴의 매출 증가율이 시장 평균을 밑돌고 있는 게 문제로 지목된다.유정현 대신증권 연구원은 “SSG닷컴은 경쟁사와 비교해 강점이 없고 신생 업체가 계속 등장하면서 업종 내 경쟁이 치열해졌다”며 “이마트 주가가 바닥을 찍었다고 말하기 힘들다”고 했다. 김주명 미래에셋대우 연구원은 “제2 김포 물류센터 등 배송인프라가 올해 말 확충되면 기업가치가 재조명될 것”이라고 말했다.자산주로서의 매력을 보고 GIC가 이마트 주식을 매수했을 것이란 분석도 나온다. 이마트의 주가순자산비율(PBR: 시가총액/자본총계)은 0.4배로 사상 최저 수준이다. 현금성 자산(5800억원), 유형자산(10조원), 투자부동산(1조원), 삼성생명 주식(1조원) 등 보유 자산이 많지만 시가총액은 3조9862억원으로 넷마블(9조6561억원) 강원랜드(6조6535억원)보다 적다.임근호 기자 eigen@hankyung.com▶ 네이버에서 '한국경제' 구독하고 비씨카드·한경레이디스컵 KLPGA 입장권 받자 ▶ 한경닷컴 바로가기  ▶ 모바일한경 구독신청 ⓒ 한국경제 &amp; hankyung.com, 무단전재 및 재배포 금지   ]","['누가 이렇게 이마트 주가를 바닥 냈을까요? 기자님 나타난 실태만 기사 쓰지 말고 왜! 이렇게까지 됐을까? 경기가 안 좋아 실적이 부진 한 것이 비단 이마트 하나여서 그럴까요? 조금 더 기사 내는 것 보다 더 중요한 이슈가 될 실적이사실로 국민들에게 적극적인 호응을 좀 얻어 보시죠! 이러니 맨날 뒷북 친다는 얘기가 나오는 것 아닐까요? 그렇다면 이마트 주가가 왜 이렇게 됐을까요? 정말 모르면 이마트 증시 토론글 좀 보세요! 그곳에 골프 소액주주 까페가 그 사실을 알리고 있습니다. 참고하세요! ^^*', '']",http://moneys.mt.co.kr/news/mwView.php?no=2019052710128015896,https://n.news.naver.com/mnews/article/015/0004150860?sid=101
2019.05.29.,매일신문,,온라인쇼핑 5월 할인대전 열린다,,,https://news.imaeil.com/Economy/2019052018294914652,https://dealsite.co.kr/
2019.05.26.,뉴스핌,,"[단독] 이마트, 주가 급락에 '소액주주 간담회' 연다",,,http://www.newspim.com/news/view/20190528000503,http://www.edaily.co.kr/
2019-05-31 18:33:02,이데일리,경제,"신세계, 원화 약세로 가격 경쟁력 ↑-NH","[ 6월 1~2일 여주·파주·시흥·부산서 동시 개최아울렛 가격에서 최고 20% 추가 할인SSG닷컴 ‘프리미엄 아울렛’ 관에서도 동시 진행    (사진=신세계사이먼)[이데일리 함지현 기자]신세계사이먼은 6월 1~2일 양일간 여주, 파주, 시흥, 부산 프리미엄 아울렛에서 ‘수퍼 세일(SUPER SALE)’을 개최한다고 28일 밝혔다.신세계사이먼에 따르면 올해 ‘수퍼 세일’은 연중 25~65% 할인하는 기존 아울렛 가격에서 최고 20% 추가 할인하는 혜택을 제공한다.구매 금액 별 사은 행사도 진행한다. 전 점에서 삼성 또는 KB국민카드로 100·200만원 이상 구매 시 신세계상품권을 각 5·10만원 선착순 증정한다. 또한, SSG PAY로 100·200만원 이상 결제 시 SSG MONEY를 각 1·2만원 증정한다.대표적인 브랜드 프로모션으로 전 점에서 아르마니 스토어, 마이클코어스, 마쥬, 산드로, 띠어리, 미샤, 지고트, 럭키슈에뜨 등의 디자이너 브랜드와 폴로 랄프로렌, 빈폴, 브룩스브라더스, CK 진, 게스 등 트래디셔널 캐주얼 브랜드가 참여한다. 또한, 아디다스, 언더아머, 푸마,  노스페이스, 블랙야크 등의 스포츠·아웃도어 브랜드와 슈콤마보니, 락포트, 탠디 등의 슈즈 브랜드도 행사에 동참한다.올해 처음으로 온라인 판매도 함께 진행된다. 지난 5월 초 오픈한 SSG닷컴 ‘프리미엄 아울렛’관에서도 파라점퍼스, 무스너클, MSGM, 아쉬, 나이스크랍, 에고이스트, 랩 등의 브랜드가 아울렛 가격에서 최고 20% 추가 할인한다.수퍼 세일이 개최되는 동안 프리미엄 아울렛은 다채로운 즐기거리도 선보인다.우선 전 점에서 가족 단위 고객을 위해 회전목마, 미니트레인 등 놀이 시설을 무료 개방하고, 특별 제작한 수퍼 세일 풍선을 무료 증정한다. 센터별로 특색있는 이벤트도 펼쳐진다. 여주 프리미엄 아울렛에서는 인디밴드 공연과 글램핑 컨셉의 푸드트럭·플리마켓 대축제가 열리며, 파주 프리미엄 아울렛에서는 BTS 어쿠스틱 버전 커버 등 감미로운 버스킹 공연과 함께 인기 스트리트 푸드가 가득한 푸드 페스타가 개최될 예정이다. 시흥 프리미엄 아울렛에서는 동심을 자극하는 수퍼 매직쇼와 비눗방울 놀이, 플리마켓, 수퍼 간식 페스타 등이 열리며, 부산 프리미엄 아울렛에서도 버스킹 밴드, 저글링 쇼 등이 개최된다.신세계사이먼은 ‘수퍼 세일’기간동안 30분 조기 오픈, 1시간 연장영업을 단행해 오전 10시부터 오후 10시까지 운영할 계획이다. 조창현 신세계사이먼 대표이사는 “수퍼 세일은 쇼핑과 함께 다양한 즐길거리가 어우러진 프리미엄 아울렛만의 차별화된 쇼핑 축제”라며 “향후에도 단순한 쇼핑 공간을 넘어 고객들의 지친 일상을 힐링하는 문화 공간으로 자리잡을 수 있도록 노력할 것”이라고 말했다.함지현 (hamz@edaily.co.kr)네이버 홈에서 ‘이데일리’ 뉴스 [구독하기▶]꿀잼가득 [영상보기▶] , 청춘뉘우스~ [스냅타임▶]＜ⓒ종합 경제정보 미디어 이데일리 - 무단전재 &amp; 재배포 금지＞ ]",[],http://www.edaily.co.kr/news/newspath.asp?newsid=01462886622492200,https://n.news.naver.com/mnews/article/018/0004389403?sid=101
2019-05-30 17:19:07,이데일리,,[주간추천주]SK증권,,,http://www.edaily.co.kr/news/newspath.asp?newsid=01462886622492528,http://www.shinailbo.co.kr/
2019-05-30 10:23:02,아주경제,,"[경영승계 진행중인 재벌가] 사실상 '그룹 총수', 도전과 파격 뒤엔 성과·수...",,,http://www.ajunews.com/view/20190527074849619,http://www.newdaily.co.kr/
2019-05-30 17:34:06,매일경제언론사 선정,,누이 좋고 매부 좋고…e커머스 `선주문` 열풍,,,http://news.mk.co.kr/newsRead.php?year=2019&no=323019,https://www.yna.co.kr/
2019-05-28 14:01:11,이뉴스투데이,세계,"스타벅스코리아, 400억 통 큰 배당…안정적 성장 결과","[    (서울, 한국 2019년 5월 29일 PRNewswire=연합뉴스) 미국 판매 1위 케이스 업체 오터박스[1]가 스마트폰 케이스와 강화유리, 케이블을 비롯한 다양한 모바일 액세서리를 일렉트로마트 매장에서 판매하기 시작했다.오터박스는 현재 일렉트로마트 일부 매장에서 애플 아이폰, 아이패드 전용 액세서리 판매하기 시작했으며, 입점 매장 수와 운영상품 카테고리를 지속해서 확장할 예정이라고 한다.이외에도 SSG닷컴, 지마켓, 이베이, 11번가 등 온라인 몰에서는 애플 전용 액세서리뿐만 아니라 삼성 갤럭시 시리즈 전용 액세서리들을 포함한 더욱 다양한 상품들을 취급하고 있다.신세계아이앤씨와 국내 총판 제휴를 맺은 오터박스는 모바일 액세서리 분야의 글로벌 선두주자로서 국 내에서도 모바일 액세서리 1위 브랜드로 성장할 것이 기대된다.오터박스 소개    오터박스는 어떤 환경에서도 자신감과 신뢰감을 주는 견고하고 혁신적인 제품을 개발하는 업체이다. 미국의 콜로라도주, 작은 차고에서 다용도 방수 상자인 드라이박스를 만드는 것으로 소박하게 시작한 오터박스는 특유의 디자인, 제조 기술로 미국에서 가장 많이 팔리는 스마트폰 케이스 브랜드[1], 러기드 아웃도어 라이프스타일 제품 분야의 리더가 되었다.오터박스의 모든 혁신의 중심에는 세상에 긍정적이고 지속적인 변화를 가져오겠다는 데에 더 확고한 목표가 있다. 오터캐어스(OtterCares) 재단과의 파트너십을 통해, 오터박스는 기업가 정신과 자선 활동을 통해 세상을 더욱 긍정적으로 변화시킬 수 있도록 어린이들을 고무시키는 데에 성장의 목표를 두고 있다. 오터캐어스와 오터박스의 활동에 대한 자세한 내용은 본 사이트에서 볼 수 있다. otterbox.com/givingback.오터박스 본사 사이트 https://www.otterbox.asia/참고:    [1] 출처: The NPD Group/Retail Tracking Service: Cell Phone Device Protection / Units Sold / January 2015 - June 2018(c)2019 모든 권리는 Otter Products, LLC에 있으며, 미국과 다른 나라에 등록된 오터박스 이름과 트레이드 마크는 Otter Products, LLC의 자산입니다.로고 - https://photos.prnasia.com/prnh/20190523/2476241-1    OtterBox Logo출처: OtterBox Hong Kong Limited[편집자 주] 본고는 자료 제공사에서 제공한 것으로, 연합뉴스는 내용에 대해 어떠한 편집도 하지 않았음을 밝혀 드립니다.▶네이버 홈에서 [연합뉴스] 채널 구독하기▶뭐 하고 놀까? #흥  ▶쇼미더뉴스! 오늘 많이 본 뉴스영상 ]",[],http://www.enewstoday.co.kr/news/articleView.html?idxno=1304240,https://n.news.naver.com/mnews/article/001/0010854260?sid=104
2019-05-29 10:57:25,마니아타임즈,,"글렌뮤어, 후원선수 서형석 KB금융 리브챔피언십 우승 할인 이벤트 진행",,,http://www.maniareport.com/view.php?ud=201905281634505178689a6d883f_19,https://www.nocutnews.co.kr
2019-05-26 04:51:06,조선비즈언론사 선정,경제,신세계 1분기 매출 늘고 영업익 감소…면세점 투자 영향,"[ [CBS노컷뉴스 장성주 기자]    (사진=연합뉴스)유통업계의 '무한투자 전쟁'을 촉발한 쿠팡이 향후 어떤 행보를 보일지 관심이 집중되고 있다.26일 업계에 따르면, '로켓배송'을 앞세운 쿠팡은 2014년부터 지난해까지 매출 기준 10배 넘는 성장을 기록했다.쿠팡의 매출은 △2014년 3484억원 △2015년 1조 1337억원 △2016년 1조 9159억원 △2017년 2조 6846억원 △2018년 4조 4227억원 등이다.문제는 같은 기간 동안 영업손실 역시 10배에 가까이 커졌다는 점이다. 쿠팡의 영업손실은 △2014년 1215억원 △2015년 5470억원 △2016년 5652억원 △2018년 1조 970억원 등을 보였다. 여기에 연결재무제표 기준 지난해 부채는 1조 8345억원에 달한다.덩치가 커지는 만큼 영업손실도 늘어나는 추세인 탓에 일각에서는 쿠팡의 미래가 불투명하다고 전망한다. 재무 건전성이 나빠지는 만큼 유동성 위기도 덩달아 커질 수 있기 때문이다.    (사진=연합뉴스)반면 쿠팡은 '의도된 적자'라는 입장이다.지난해 우리나라 온라인쇼핑 거래액은 111조 1893억원으로 전년대비 23% 성장했다. 전체 소매판매액에서 온라인쇼핑이 차지하는 비율은 23.9%로 13.2%였던 2015년에 비해 2배 가까이 늘어났다.시장 규모가 지속적으로 커지는 만큼, 공격적인 투자로 시장을 선점한 뒤 규모의 경제에 통해 큰 이익을 내겠다는 전략으로 풀이된다.이 같은 포부의 배경에는 손정의(손 마사요시) 소프트뱅크그룹 회장이 있다. 손 회장이 주도해 만든 '소프트뱅크 비전펀드' 규모는 1000억 달러, 우리나라 돈 119조다. 쿠팡은 이 비전펀드에서 2015년과 지난해 등 두 차례에 걸쳐 30억 달러(우리나라 돈 3조 5688억원)의 투자를 받았다.비전펀드를 통해 손 회장은 전 세계 IT벨트를 조성하는 것이 목표다. 비전펀드가 △영국 ARM(세계 최고 반도체 설계 기업) △미국 엔비디아(AI 기술 기업) △미국 우버(세계 최대 차량 공유 업체) △미국 위워크(세계 최대 사무실 공유 업체) △중국 디디추싱(중국 최대 차량 공유 업체) 등에 투자한 이유다.이에 따라 글로벌 기업들과 함께 어깨를 나란히 하고 있는 쿠팡의 기업가치는 10조원으로 평가된다.여기에 손 회장은 최근 제2의 비전펀드 조성을 공식 선언했다. 이 펀드 규모 역시 10조엔, 우리나라 돈 107조 8580억원 수준이다. 쿠팡에 추자 자금이 투입될 여력이 생기는 것으로 풀이된다.우리나라 유통업계의 전통적 강자인 롯데와 신세계가 각각 3조원의 투자와 1조원의 투자유치를 통해 '롯데온(ON)', '쓱(SSG)닷컴'에 공을 들이는 이유도 이 같은 쿠팡과 정면 승부를 위한 몸풀기라는 해석이다.또 국내 1위 포털사이트인 네이버가 지난달 모바일 화면을 개편하면서 쇼핑 부분을 부각시킨 것도 온라인쇼핑 시장의 '무한경쟁 시대'를 보여준 상징적인 사건이라는 평가다.한편 쿠팡의 공격적인 시장 선점 전략은 부작용도 낳고 있다.쿠팡이 최근 '쿠팡이츠' 시범서비스를 통해 음식 배달시장에 도전장을 내밀었으나, 현재 업계 1위인 우아한형제들이 불공정 거래 의혹을 제기하며 공정거래위원회와 경찰에 수사의뢰를 하면서다.쿠팡이 음식점에게 배달의민족과 기존 계약을 해지하고 쿠팡이츠와 독점 계약을 맺으면 수수료를 대폭 할인해주고 매출이 떨어질 경우 최대 수천만원의 현금보상안을 제시한 것은 공정거래법 위반이라는 게 우아한형제들의 주장이다.또 배민라이더스의 매출 상위 50개 음식점 명단과 매출 정보를 확보해 영업 활동에 이용했다는 의혹도 제기했다.결국 쿠팡이 불러온 온라인쇼핑 생태계의 '치킨게임'은 절정으로 치닫는 상황이다.▶ 확 달라진 노컷뉴스▶ 100만의 선택, 노컷뉴스 무료 구독 서비스▶ 어른들은 모르는 10대들의 이야기 joo501@cbs.co.kr저작권자 © CBS 노컷뉴스 무단전재 및 재배포 금지   ]","['쿠팡의 모델은 혁신이라기 보다는 막대한 자금력을 바탕으로 혼자 살아남기 위한 출혈경쟁이 지속이라 생각합니다.  경제라는게 한정된 자원으로 효율적 사용을 전제로 하는건데 요즘 나오는 비지니스들 보면 그런쪽하고 거리가 먼거 같아요.  우선 시장을 교란하고 혼자 살아남기 전략이 많아 보여 아쉬어요', '', '', '쿠팡 영업담당자들 발주만넣고 돈 밀려서 돈달라고 전화하면 안받는다며 ㅋㅋ', '쿠팡의 매출은 △2014년 3484억원 △2015년 1조 1337억원 △2016년 1조 9159억원 △2017년 2조 6846억원 △2018년 4조 4227억원 등이다.문제는 같은 기간 동안 영업손실 역시 10배에 가까이 커졌다는 점이다. 쿠팡의 영업손실은*2014년 1215억원*2015년 5470억원 *2016년 5652억원 *2018년 1조 970억원 등을 보였다. 여기에 연결재무제표 기준 지난해 부채는 1조 8345억원에 달한다./승자는 뉴구?쿠팡의 모델은 혁신이라기 보다는 막대한 자금력으로 상대가 죽을때까지.살아남을수 있을까', '', '솔직히 배송만큼은 쿠팡이 넘사벽인건 맞음', '쿠팡? 적자를 나중에 국민들의 신뢰를 쌓아 돈벌겟다는 심정이겠지만 과연..쿠팡이 직접 생산하는업체에서 물건을 다이렉트로 판매하는것도 아니고 다른 쇼핑몰처럼 중간상인업체들이 마진 먹을려고 모여있는거자나.쿠팡 너네들이 암만 그런다해도 모여있는 중간상인업체들이 마진 많이먹을려고 물품값을 대거올려뒀던데.. 그러니까 커질 못해..차라리 제품들을 다이렉트로 소비자와 연결시켜주면서 마진남긴다면 서로서로좋은건데 중간상인들의 마진율 장난으로 물건값은 더비싸..결국 소비자들은 공짜배송보다 물건값에 더 신경쓰니까.', '쿠팡 직방 배달의 민족 야놀자, 마켓컬리 등 플랫폼 사업은 최후에 살아남아서 독점을 통해 수익이 난다는 사업목표를 가지고 있다. 이걸 기술혁명이라고 해야되는가? 4차산업이라는 가면뒤에서 서비스의 독점기업화를 궁극적인 목적으로 하는 회사의 의견을 대통령이 듣다니... 독점기업 양산을 지원한다니 참!', '쿠팡 협력업체들에게 마진 많이 남길려고 단가인하 압박 엄청 납니다. 벌써 몇차례 인하를 했는지.. 이젠 사실 쟤네덜 못 믿겠습니다.', '쿠팡자본금은 남아잇냐 단군이래 최악의 글로벌 사기기업될듯하다', '쿠팡\n화이팅♡♡\n장성에계신  시어머님께\n온갖음료수나  사골곰탕 두유  떡 이불이며배개\n시키면 이틀만에도착  \n너무너무감사합니다\n로켓배송~~~♡♡♡♡♡\n대박나셔요', '로켓배송 납품업체들의 등골 빼먹고 입맛에 맞지않게 매입가 내고 안해주면 쉽게 매입중단하고 중소기업 조그만 업체들 사장들은 이러저리 휘둘리다 누구하나 자살해야 공정위에서 조사할랑가', '쿠팡 갑질 심각하다', '쿠팡 정말 좋아^^', '', '쿠팡로켓배송 그 서비스는 중소기업 등꼴빼서 가격후려치고 수수료높여서 만든거임.', '배송 하나는 끝내줌.\n\n쿠빵. 급할땐 찾게됩니다.', '', '', '', '의도된 적자가아니라 예고된 적자겠지 임마', '지역 자영업자들이 어려움을 격는 주된 이유가 바로 온라인쇼핑의 폭발적인 매출점유율 증가인 것이다. 오프라인소매업의 위축은 지역에서 유통되는 통화량을 줄여버렸다. 경제란 돈이 도는 것,  즉 화폐의 유통량을 의미하는 데 그 흐름에 경화가 발생한 것. 이는 구조적인 것으로 대세를 형성하고 있어 돌이킬 수는 없다. 정부의 지원정책으로는 해결될 숯없다. 일자리창출의 근본적인 개념을 변화시키는 연구가 시작되어야 한다.', '쿠팡 무료배송 의미  없음. 정말 급할때 로켓 와우 쓰는거 말고는 가격적인 메리트는 1도 없음. 네이버 가격비교 후 사는게 제일 이득임.', '손마사요시 소프트뱅크 회장이 투자의 귀재인건 아는데 쿠팡건은 실수한듯.', '결국 다른업체  다죽이고 다죽이면 가격올리겟따\n이거다\n쿠팡자채가 문제인데\n매출 억지로 늘리고 에효  빨리 망해라', '쿠팡이 왜? 이러는지 몰라서 물으니 전라도것들이 나대지....손정의는 일본사람이다!', '쿠팡이 착각하는게 선점을 위한 규모의 경제? 싸지 않으면 오늘이라도 다 떠나는게 요즘 인터넷 소비자들이야...', '', '요즘 위메프한테도 발리더만 ㅋㅋ', '그동안 물류회사 새끼들 힘든일 싫어하여 운전으로 밥먹고 살려는 애들 마구잡이로 뽑아 \n지엄마도 강간할 놈들 까지 택배기사로 막쓰다 \n쿠팡 생기면서  그나마  사람 새끼 쓸려고 노력은\n하는디 아직 멀었지.  쿠팡 없었으면  여자들 어디가서 하소연도 못하고  인생 종치는 여자들 수두룩히  계속 생겼을거다.  형도 힘든일 싫고  \n머리쓰는일 싫어 운전으로 밥먹고 사는데 주변에서   이런 새끼까지 택배 회사에서 쓰네 하는 놈들  수두룩 했다.  그나마 쿠팡이  택배기사 이미지 많이 바꿔 놨지. 그건 인정.', '쿠팡 라인잘탔네', '기업가치는 화장빨. 온라인도 별 메리트가 있나? 모래성이다.', '', '', '굿팡 망하면  줄도산하는거 아녀?\n적당히 해야지 \n다죽기하면 되남..', '', '', '', '손정의 쿠팡 좋던데... 노컷이야 좌빨 선동이 많고... 싸고 빠르고 편하고.. 더 좋은 서비스 내는 회사가 이기는 거지..', '최후의 승자는 네이버다 한국에서 캐쉬카우 하나없이 직매입 사업모델이 승리할수있을거라고 보냐', '쿠팡 홧띵', '', '']",http://biz.chosun.com/site/data/html_dir/2019/05/10/2019051002613.html,https://n.news.naver.com/mnews/article/079/0003231091?sid=101
2019.05.01.,조선비즈언론사 선정,,명품 빼면 실적 '마이너스'…백화점 우울한 1분기,,,http://biz.chosun.com/site/data/html_dir/2019/05/13/2019051302389.html,http://www.dailysecu.com
A23면 TOP,머니투데이,,"오프라인 유통업체 수난시대, 영원한 강자는 없다",,,http://news.mt.co.kr/mtview.php?no=2019052011564890454,http://www.mk.co.kr/
2019.05.22.,매일경제,경제,차단이 전부가 아니다…How to Sunblock,"[ 지분 50% 이마트에 200억본사엔 배당·로열티 합쳐1000억원 가까이 지급해이마트와 20년계약 종료說엔""계약기간 없어"" 결별설 일축     스타벅스 코리아가 지난해 400억원을 배당한 것으로 나타났다. 스타벅스 코리아가 배당한 것은 2010년 이후 8년 만이며 미국 본사에 지급한 로열티 지급액도 지난해 약 780억원에 달했다. 22일 금융감독원 전자공시시스템에 따르면 스타벅스 코리아는 지난해 이마트와 스타벅스 인터내셔널에 각각 200억원씩 모두 400억원을 배당했다. 스타벅스 코리아는 정용진 신세계 부회장 주도로 1999년 신세계그룹 계열 이마트와 스타벅스 인터내셔널이 각각 50%를 투자해 설립됐다. 이후 2005년 60억원, 2007년 20억원, 2009년 20억원, 2010년 30억원 등 단 네 차례만 배당했다. 스타벅스 코리아는 또 상표·기술사용 계약을 통해 매출의 5%가량을 로열티로 스타벅스에 내고 있다. 스타벅스 코리아는 지난해 매출액 1조5224억원, 영업이익 1428억원, 당기순이익 1120억원을 기록했다. 이 같은 매출 규모는 신세계그룹 내에서 이마트와 신세계백화점에 이어 세 번째로 신세계푸드(1조2637억원), 신세계인터내셔날(1조1208억원)과 비슷한 수준이다.스타벅스 코리아 매출이 늘어나면서 로열티도 2015년 약 380억원에서 2016년 500억원, 2017년 630억원 등으로 매년 100억원 이상 늘고 있다. 스타벅스 코리아 매출액을 감안하면 지난해 미국 본사에 지급한 로열티 지급액은 약 780억원에 달한다.로열티와 배당금까지 1000억원에 가까운 돈이 지난해 스타벅스 본사로 흘러간 셈이다. 한 잔에 4000원짜리 아메리카노를 마시면 배당과 로열티로 250원가량이 미국 본사에 지불되는 구조다. 이러한 지급 구조 때문에 외국보다 한국 스타벅스 커피 가격이 비싸다는 지적도 나온다. 스타벅스 코리아가 8년 만에 갑작스럽게 거액을 배당한 것과 관련해 정용진 부회장의 강력한 요구가 있었던 것으로 알려졌다. 신세계는 최근 온라인과 오프라인을 통합하는 '신유통전쟁'에 대응하기 위해 그룹 통합 쇼핑몰인 SSG닷컴을 구축했다. 통합 온라인 쇼핑몰을 구현하기 위해 막대한 '총알'이 필요한 것도 사실이다. 이마트와 스타벅스 본사 간 재계약이 거액 배당에 영향을 미쳤을 것이란 분석도 나온다. 이마트가 그동안 배당 등에 관한 불만으로 스타벅스와 재계약하지 않을 것이란 소문이 있었기 때문이다. 스타벅스 코리아는 올해로 창립 20주년을 맞았다. 스타벅스 코리아의 고속 성장을 이끌어낸 이석구 대표가 지난 3월 갑작스레 물러난 것도 이러한 배당, 로열티, 재계약 문제 등과 관련됐다는 시각이 있다. 이 대표는 지난해 11월 말 신세계그룹 정기임원 인사에서 대표에 유임되면서 '성과주의'에 입각한 인사라는 평가가 나왔다. 그러나 3월 송호섭 전략운영담당 상무가 신임 대표에 선임되며 물러났다. 송 대표는 지난해 10월 스타벅스 코리아에 영입됐다. 송 대표 이전까지 신세계그룹 출신이 스타벅스 코리아 대표를 맡아왔기 때문에 스타벅스 본사 입김이 대표 인사에 반영됐다는 관측이 나왔다. 결국 스타벅스 본사는 한국 대표를 얻고 이마트는 '배당'을 얻었다는 분석도 가능하다. 하지만 이마트는 스타벅스 코리아는 조인트벤처 형태로, 스타벅스와 정해진 계약 기한이 없기 때문에 이 같은 주장이 사실과 다르다고 설명했다.배당과 관련해 스타벅스 코리아는 2년 연속 무차입 경영으로 안정화됐다는 판단에 따라 그동안 하지 않았던 배당을 진행했다는 입장이다. 배당 성향도 2011년도부터 현재까지 전체적인 관점에서 보면 업계 평균보다 오히려 낮은 수준이라고 주장했다. 2011년부터 2018년까지 스타벅스 코리아의 전체 당기순익의 합인 약 3890억원 대비 배당액은 10% 수준이다. 적자 경영 속에서도 무리하게 배당하는 기업이 많은 데 반해, 스타벅스 코리아는 회사가 안정적인 경영 기틀을 마련할 때까지 배당 대신 투자를 선택했다는 설명이다.[김기정 기자]▶네이버 메인에서 '매일경제'를 받아보세요▶뉴스레터 '매콤달콤' 구독 ▶무궁무진한 프리미엄 읽을거리[ⓒ 매일경제 &amp; mk.co.kr, 무단전재 및 재배포 금지]   ]","['ㅋㅋㅋㅋ 스벅이 비싼것도 옛말이지 다른 프렌차이즈 커피들이 미친듯이 가격을 올려놔서 누가 엔젤리너스 그가격주고 마시냐? ㅋㅋ', '스벅이 제일좋네요', '입맛이 싸구려인가 스벅이 제일 맛있음 ㅋ', '이디야 이용합시다 토종브랜드', '스벅? 외국가면 아메리카노 1800원정도한다', '스타벅스는 대표적인 비싼 커피중 하나로서 매장 분위기와 맛도 좋지만 국부유출이 심하네요.\n가성비 좋은 토종 국산 커피가 나왔으면 좋겠습니다~!!', '부끄럽네요. 이렇게 국부가 유출되는지도 모른체 좋다고 찾았으니.\n1. 일본보다 더비싼 이유도 ㅠㅠ\n2. 소위 종이컵을 들고서는 매장내를 접근도 못한체 ㅠㅠ\n3. 직원들로 부터 친절이라곤 찾아볼수도 없는 로보트느낌\n4. 이젠 더이상 스벅에서 느낄수 없는 경쟁력?\n5. 아무래도 조금씩 스스히 댐이 무너질것 같다.']",http://news.mk.co.kr/newsRead.php?year=2019&no=336325,https://n.news.naver.com/mnews/article/009/0004360829?sid=101
B6면 1단,이데일리,,"오프라인 한 우물 파던 아웃렛, 온라인에 눈 돌린 이유",,,http://www.edaily.co.kr/news/newspath.asp?newsid=01108646622491216,https://www.yna.co.kr/
2019.05.07.,이코노미톡뉴스,경제,"쿠팡 유발 '치킨게임', 승자는 누구?","[    (서울=연합뉴스) 이신영 기자 = 신세계백화점의 자체브랜드(PB) 속옷이 백화점을 넘어 온라인과 TV 쇼핑 등으로 판로를 넓혀나가고 있다.     신세계는 자체브랜드 속옷 편집매장 '엘라코닉'이 오는 29일 신세계 TV 쇼핑에서 제품을 선보인다고 22일 밝혔다.     판매되는 제품은 신세계백화점과 신세계 TV 쇼핑이 공동 기획한 상품이다.     여름에 맞는 인견 소재를 사용한 노와이어 제품이 주를 이루고 있다.     2017년 8월 처음 문을 연 신세계 엘라코닉은 몸을 덜 조이는 편안한 속옷의 인기와 함께 1년 반 만에 매출이 6배 넘게 증가했다.     또 백화점에서 처음 시작했지만, 온라인과 TV 쇼핑, 면세점에 입점하며 다양한 연령대의 고객을 만나고 있다.    엘라코닉은 SSG닷컴은 물론 W컨셉 등 유명 온라인몰에 잇따라 입점했고 올해 들어 4월까지 온라인 매출이 전년 동기 대비 4배 늘었다.     신세계는 지난해 TV 쇼핑을 통해 엘라코닉 라운지 웨어를 선보였을 때 1시간 만에 1억원이 넘는 매출을 기록했고 품절 사태가 빚어질 만큼 인기를 끌어 이번에는 속옷까지 선보이게 됐다고 설명했다.    엘라코닉 매장[신세계백화점 제공=연합뉴스]    eshiny@yna.co.kr▶네이버 홈에서 [연합뉴스] 채널 구독하기▶뭐 하고 놀까? #흥  ▶쇼미더뉴스! 오늘 많이 본 뉴스영상 ]",[],http://www.economytalk.kr/news/articleView.html?idxno=187024,https://n.news.naver.com/mnews/article/001/0010839365?sid=101
2019.05.25.,한국경제,,"""신세계, 연결 자회사들 실적 개선…목표가↑""-현대차證",,,https://www.hankyung.com/article/2019051566426,http://www.chosun.com/
2019.05.26.,시사저널이코노미,사회,마켓컬리 '풀콜드'가 뭐길래?,"[ 윤관 BRV캐피털매니지먼트 대표""음식의 클라우드화로 제2의 페이팔(미국의 온라인 결제 기업) 성공 신화를 쓰겠습니다.""윤관(44) BRV캐피털매니지먼트 대표는 올 3월 신세계그룹의 온라인 쇼핑 전문 회사 SSG닷컴에 3500억원을 투자해 큰 주목을 받았다. BRV는 중동, 홍콩, 미국 등 해외에서 전략적 투자금을 모아, 현재 SSG닷컴 지분 11.5%를 갖고 있다.    지난 3월 신세계그룹의 온라인 쇼핑 전문 회사 SSG닷컴에 3500억원을 투자한 윤관 BRV캐피털매니지먼트 대표가 지난 13일 본지와 인터뷰하고 있다. /김연정 객원기자그는 '음식의 클라우드화'를 강조했다. 예전에는 데이터·프로그램을 모두 개인 컴퓨터에 저장했지만, 지금은 클라우드 서비스로 중앙화가 이뤄져 필요할 때마다 접속해 꺼내 쓴다. 음식 분야에서도 비슷한 일이 발생한다는 것이다. 윤 대표는 ""개인 맞춤형 주문이 실시간으로 이뤄져서 가정의 물리적·전통적 주방 역할은 점차 축소되고 신세계 그룹과 같이 온·오프라인을 모두 포괄할 수 있는 선도적 사업자를 주축으로 중앙화가 돼 가고 있다""고 말했다. 지금도 다양한 가정간편식(HMR) 시장이 있고, 식품·음식에 대한 새벽 배송 시스템이 있지만, 더욱 광범위하고 정교하게 맞춤형 서비스를 제공한다는 것이다. 윤 대표는 ""신세계그룹이 30년 이상 축적해 온 구매 네트워크와 유통 노하우에 BRV가 보유한 해외의 앞선 인공지능, 빅데이터 기술을 결합해 음식의 클라우드화를 전 세계적으로 확산시킬 수 있는 시스템을 완성한다면 제2의 페이팔과 같은 성공 사례로 자리매김할 수 있다""고 강조했다.    BRV캐피털매니지먼트의 모회사인 블루런벤처스는 미국 실리콘밸리를 중심으로 활동하는 글로벌 벤처캐피털이다. 1998년 노키아로부터 유치한 출자금을 바탕으로 설립된 이 회사는 1999년 페이팔의 첫 번째 기관투자자로 참여했다. 페이팔은 2002년 나스닥 상장 이후 이베이에 15억달러(약 1조8000억원)에 인수됐다. 윤 대표는 블루런벤처스의 공동 창업 파트너로 현재 4명의 글로벌 대표 중 한 명이다. 2009년 모바일 지도 분야에서도 이스라엘 스타트업이었던 웨이즈를 발굴·투자한 것도 대표적인 성공 스토리다. 블루런벤처스는 웨이즈의 경영에도 관여해 기술·서비스를 고도화했고, 구글과 14억달러에 달하는 전략적 M&amp;A를 성사시켰다. 지금의 구글맵은 웨이즈 기술을 기반으로 진화하고 있다. 중국에서는 최대 뷰티 이커머스 플랫폼 모구지에, 세계적인 핀테크 기업 취뎬(趣店·Qudian) 등 다수의 유니콘 기업을 발굴해 나스닥에 상장시켰고, 국내에서는 대성산업가스, 전기차용 배터리 소재 회사인 에코프로 GEM, 부동산 정보 업체 직방 등에 투자했다. 윤 대표는 ""현재 조성 중인 10억달러 규모의 블라인드 펀드를 활용해 국내 기업이 기술 기반 혁신을 글로벌하게 이끌 수 있도록 적극적으로 돕겠다""고 말했다.그의 투자 철학은 '농부 정신'이다. 윤 대표는 ""보통 투자자라고 하면 다들 헌터(사냥꾼)라고 생각하지만, 우리는 20년간 기술 성장 투자를 하면서 기술 트렌드에 대한 노하우를 차곡차곡 쌓아왔다""며 ""'어떤 씨를 뿌리면 잘 자랄 수 있을까' 오랫동안 연구하는 농부의 마음으로 투자를 하고 있다. 신세계 투자도 글로벌 기술 투자 경험을 바탕으로 23개월 이상 연구해서 결정한 것""이라고 말했다. 이러한 투자 철학은 그의 장인인 고(故) 구본무 LG그룹 회장의 경영 철학과도 맞닿아 있다. 그는 ""회장님은 늘 남에게 도움이 되는 사람이 되라고 말씀하셨다""며 ""BRV라는 혁신 플랫폼을 통해 함께 일하는 사람들에게 가치 있는 경험과 관계를 만들어 나가겠다""고 말했다.[신은진 기자 momof@chosun.com]- Copyrights ⓒ 조선일보 &amp; chosun.com, 무단 전재 및 재배포 금지 -     [네이버 메인에서 조선일보 받아보기] [조선닷컴 바로가기] [조선일보 구독신청하기]  ]","['요즘 방씨조선 많이 써먹네 입만 벌리면 다 써줘 이 기사 읽고 너무 웃기는것 있지 말만하면 다 찍어 붙인다. 음식이 오래보관하면 숙성되서 좋긴하지만 정보와 자료는 수시로 사용하고 넣놓고 하는 것이고 정보도 이제 시간 지나면 쓰레기다. 추억의 사진 정도나 보관하는 것이지요.  사기꾼들의 이력 같은건 보관해 둬야지 난 양주보관을 이야기 한 것으로 안다.  짱깨 페킹호털 좋더라 운동장이데 거기에 마우타이 이런것 클라우도 시키고 그러나 짱깨들은 그냥 다 마셔버리지 않아 내돈 찾으면 나도 한번 가야지', '가장 아름다운 음식이 곡차 이지요.  느그들 좋아하는 30년 곡차 그거 클라우드에 보관해서 예수님도 드시게 해주겠다. 부처님도 가끔은 드시게 화당해도 보관해 주고 공자님는 너무 많이 마셔서 패스요. 런칭에 된장들 많이 왔던데 속물들 그곳이 먼지도 모르고 사기꾼 아지트...\n글로벌화 할 태세야 르네에는 로비전체를 물장사로 꾸밀까 전망좋고 카지노가 없는게 아쉽지만 근처 7도 있고 기분나면 워커로 달리고 좋겠다. 수첩이 많아서 들고 다니는데 안 무거워ㅋㅋ 반납도 하고 해요. 난리나면 피신할곳도 많고 또 뱅기회사 하고 친하고 부럽어서...', '물장사해서 양주 키핑 시킨다는 것!  황당한 이야기 한다. 아무 말이나 찍어 붙이면 된다는 사기꾼 기질이다. 황당한 혀끝으로 포장하고 권모술수 쓰지마라 어찌 배운게 겉멋에 아부만 배워서 개그맨이니 과테는 버렸어요. 이제 서서히 정체를 드러내고 싶다 이거지요. 트럼프가 친구하자고 해 어떻게 땃어요. 맨날 뱅까에 있으면서 ...중국 방머시기는 좋아!  미궄 아들 이름 도용좀 그만해라 그들과 친한것 처럼 보이려고 그러디요. 육 고깃집도 화재나면 조심해야 겠더라 바다횟집도 마찮가지고 밀실은 위험해요. 햄버거는 먹어보니 아니더라 질을 높여!', '마켓컬리도  음식의 클라우드화로  세상을  선하게 바꿀 것입니다', '', '', '데이터는 현물이아니라 수집,가공,보관,유통 모든게 용이하니 글로벌한 중앙화가 가능했던거고요...음식에 무슨 보존마법걸어서 텔레포트 시킬수있나요? 커다란 출장뷔페를 꿈꾸는건지 편의점식 레토르트 제품배달을 생각하는건지 모르겠네요']",http://www.sisajournal-e.com/news/articleView.html?idxno=200450,https://n.news.naver.com/mnews/article/023/0003449481?sid=102
2019.05.20.,서울경제TV,,"클래시스 코스메틱 브랜드 스케덤, 런던 Stamegna 비즈니스 미팅 참석",,,http://www.sentv.co.kr/news/view/554305,http://www.newsinside.kr/
2019.05.26.,전자신문,,"[이슈분석]백화점 빅3, 1분기 전반적인 부진…하반기 개선 기대",,,http://www.etnews.com/20190521000078,https://www.yna.co.kr/
A23면 1단,넥스트데일리,경제,"필터교체형 마스크, 온라인판매 약 84% 미인증제품...구매시 주의","[    LVMH 온라인몰 24S 韓진출…유통업계도 젊은 층 공략 강화    [24S 제공]    (서울=연합뉴스) 조성흠 기자 = 명품업계가 '가심비'(가격 대비 만족도) 및 '욜로'(YOLO) 소비 확대와 온라인몰의 성장에 맞춰 변신을 시도하고 있다.    세계적 명품업체가 온라인을 통해 명품을 판매하고, 국내 대형 유통업체들도 신흥 명품 브랜드를 입점시키면서 새로운 고객층으로 떠오른 젊은 세대 잡기에 나서고 있다.    25일 패션 및 유통업계에 따르면 글로벌 유통업체 루이뷔통모에헤네시(LVMH)의 온라인 편집숍 24S는 최근 기존의 영어, 프랑스어, 독일어 외에 한국어 서비스를 추가하고 한국 진출을 선언했다.    24S는 세계 100여개 국가를 대상으로 명품 브랜드부터 최신 유행 브랜드까지 200여개 브랜드를 취급하고 있으며 루이뷔통, 디올, 셀린 등을 온라인 독점 유통하고 있다.    이번 한국 진출을 계기로 주문 이후 프랑스에서 출고한 제품을 한국에서 3일 만에 받을 수 있는 배송 시스템도 마련했다. 25만원 이상 구매 시 배송비가 무료고, 교환이나 환불도 30일 이내에 무료로 가능하다.    에릭 고게 24S 최고경영자(CEO)는 ""한국 시장의 괄목할 만한 성장세에 주목했다""며 ""우리는 고객이 쇼핑을 하는 곳이 어디든 갈 것""이라고 말했다.    오프화이트 한정판 구매를 위해 줄선 고객들 [롯데백화점 제공]    유통 대기업들도 온라인을 통해 젊은 고객 '모시기'에 앞다퉈 나서고 있다.    롯데백화점은 20대를 타깃으로 한 신흥 명품 브랜드 강화를 추진하고 있다.     지난해 에비뉴엘에 문을 연 MSGM, 오프화이트, N˚21 등 브랜드들은 올해 다른 주요 점포들로 매장을 확대할 예정이다.    오프화이트는 지난 1월 한정판 운동화 출시 행사에 수백 명이 매장 앞에서 밤새 줄을 서는 진풍경을 연출하기도 했다.     2월 본점에 문을 연 구찌 맨즈는 파격적인 디자인과 SNS 마케팅 덕분에 20∼30대 고객이 전체의 60%를 차지하고 있다.    [신세계사이먼 제공=연합뉴스]    신세계그룹의 쇼핑몰 SSG닷컴은 지난 8일 '프리미엄 아울렛관'을 열고 온라인 사업에 박차를 가하고 있다.    '프리미엄 아울렛관'은 그동안 오프라인에서만 살 수 있었던 명품과 패션잡화 등 100여개 브랜드를 선보였다.     MSGM과 N ˚21 등 젊은 층이 선호하는 명품 브랜드부터 무스너클, 파라점퍼스, 아쉬 등 브랜드를 할인 판매하고 있다.    SSG닷컴에서는 명품 화장품 판매 비중도 나날이 커지고 있다. 지난 3년간 뷰티 상품 매출 분석 결과 명품 화장품 비중이 2016년 25%에서 지난해 35%로 올랐다.    업계는 자기만족에 과감하게 지갑을 여는 젊은 층이 크게 늘면서 명품시장도 변화하는 것으로 분석했다.    온라인쇼핑사이트 G마켓의 1분기 판매 분석 결과 지난해와 비교해 20대의 명품 의류 구매 신장률은 70%에 달했다. 이는 30대(53%)와 40대(58%), 50대(45%), 60대(5%)의 신장률을 크게 앞지르는 수치다.     업계 관계자는 ""명품이 나이 많은 부유층의 전유물처럼 여겨지던 시대는 지났다""며 ""젊은 층을 겨냥한 신흥 브랜드와 새로운 유통 채널의 중요성이 계속해서 커질 것""이라고 말했다.    josh@yna.co.kr▶네이버 홈에서 [연합뉴스] 채널 구독하기▶뭐 하고 놀까? #흥  ▶쇼미더뉴스! 오늘 많이 본 뉴스영상 ]",['재밋네요. 결제수단도 얼마나 더 단순화 될지 ㅎㅎ 돈이 이제 더더욱 쓰는거 같지 않겠음 ㅎㅎ'],http://www.nextdaily.co.kr/news/article.html?id=20190524800015,https://n.news.naver.com/mnews/article/001/0010846972?sid=101
2019-05-22 17:24:02,서울경제,,"실적 부진 이마트, 속절없는 추락",,,https://www.sedaily.com/NewsView/1VJ6EZDVV5,https://www.yna.co.kr/
2019-05-22 09:24:34,뉴시스,경제,"""가정의 달? 나도 가족이야""…10명 중 8명 날 위한 쇼핑","[    (서울=연합뉴스) 이신영 기자 = 직장인 A씨는 최근 크라우드펀딩을 통해 화장품을 주문했다.    제품을 받기까지 한 달이 넘게 걸리지만, 가격이 저렴하고 일반 온라인몰에서는 구할 수 없는 제품이어서 선뜻 구매를 결정했다.     이제 막 사업을 시작하는 스타트업을 도울 수 있다는 점도 마음에 들었다.     A씨는 ""아이디어 상품도 많고 가격도 적절해 물건을 산다는 생각보다 작지만 투자한다는 생각으로 종종 크라우드펀딩을 이용하고 있다""고 말했다.     새벽 배송, 내일 배송, 3시간 배송 등 유통업계가 치열한 배송 속도전을 치르고 있지만 한편에서는 주문 후 한 달을 기본으로 기다려야 하는 크라우드펀딩 시장이 새로운 소비 형태로 주목받고 있다.     26일 업계에 따르면 크라우드펀딩은 일정 기간 특정 제품을 주문할 고객을 미리 모은 뒤 목표 금액이나 수량을 달성하면 제작에 들어가는 방식으로 운용된다.     제조업체 입장에서는 재고 부담을 덜고 각종 수수료를 낮춰 제품을 합리적인 가격에 판매할 수 있다.     특히 생산 비용을 미리 마련할 수 있어 상대적으로 자금력이 달리는 신생브랜드 제품이 많은 대신 아이디어 상품이 많고, 어디서나 구할 수 있는 제품이 아니어서 소비자들의 만족도도 높은 편이다.     최근에는 반려동물을 위한 정수기나 운동기구처럼 대량 생산이 잘 이뤄지지 않는 제품도 많이 소개되고 있다.     빠른 배송을 선호하는 시대에 배송은 느리지만, 거품 없는 가격과 만족할만한 품질, 희소성 있는 제품을 내세운 '역발상'이 통하면서 크라우드펀딩을 선보이는 업체들도 성장을 거듭하고 있다.     2017년 문을 연 온라인 펀딩 플랫폼 '하고'는 올 1분기까지 펀딩 상품 거래액이 지난해 전체 거래액의 54%를 돌파했다. 높은 성장세에도 반품률은 0.9%에 불과하다.     대표 상품인 하고백의 경우 지난달까지 40차례가량 리오더 됐고 연간 20억원의 매출을 올리고 있다.     2012년 5월 설립된 와디즈는 제품이나 서비스를 구매하는 리워드형 펀딩 액이 2016년 35억원에서 2017년 126억원으로 늘었고 지난해는 392억원까지 성장했다.     소비자들의 반응이 이처럼 뜨겁자 대형 유통업체에서도 속속 크라우드펀딩 시장에 뛰어들고 있다.     먼저 신세계그룹은 지난해 SSG닷컴을 통해 크라우드펀딩 서비스 '우르르'를 선보였다.     지난해 9월 서비스 시작 초기 16%에 불과했던 펀딩 성공률은 현재 50%까지 올라섰다.     2020년까지는 80%로 높이겠다는 계획이다.     또 지난 3월에는 해외 패션 브랜드 상품이 정식 출시되기 전에 미리 구매할 수 있는 '프리오더' 서비스를 시범 도입했고 오는 30일에는 프리오더 전문관을 열기로 했다.     11번가도 지난달 중소 브랜드의 경쟁력 있는 화장품을 소개하는 펀딩서비스 '뷰티 투게더'를 통해 5개 브랜드 상품을 선보여 목표 수량의 2배가량을 판매한 바 있다.    업계 관계자는 ""나 자신의 만족을 위해서라면 기다림도 감수할 수 있다는 소비자들이 늘면서 배송은 느리지만 흔하지 않은 고품질 상품을 구매할 수 있는 크라우드펀딩 시장이 계속 성장하고 있다""고 설명했다.     크라우드펀딩 사이트 하고[하고 제공=연합뉴스]    eshiny@yna.co.kr▶네이버 홈에서 [연합뉴스] 채널 구독하기▶뭐 하고 놀까? #흥  ▶쇼미더뉴스! 오늘 많이 본 뉴스영상 ]",[],http://www.newsis.com/view/?id=NISX20190516_0000652468&cID=13001&pID=13000,https://n.news.naver.com/mnews/article/001/0010847720?sid=101
2019-05-28 03:14:39,이투데이,,이번엔 '온라인'서 전쟁...신세계·롯데 할인 공세에 G마켓·옥션도 '맞불',,,http://www.etoday.co.kr/news/section/newsview.php?idxno=1757642,https://www.asiae.co.kr/
2019-05-25 06:15:00,서울파이낸스,경제,'유통공룡' 롯데·신세계 할인공세에 이커머스 맞불작전,"[    [아시아경제 성기호 기자] 유통업계가 다양한 할인전을 기획하고 소비자들의 선택을 기다리고 있다. 명품부터 생활용품까지 다양한 제품을 대대적으로 할인해 씀씀이가 커지는 휴가철이 오기전 꼭 필요한 소비를 하는데 좋은 기회가 될 것으로 보인다.    두타면세점이 개점 3주년을 맞아 특별한 혜택을 모은 다양한 온·오프라인 고객 사은행사를 진행한다고 20일 밝혔다.일단 명품 편집숍 '디메종' 제품을 최대 50% 세일한다. 20일부터 31일까지 보테가 베네타 전 상품을 40%, 살바토레 페레가모· 끌로에 전 상품 50% 세일을 실시한다. 또한 시즌 재고 소진 시까지 미우미우, 버버리 등 최대 50%까지 클레어런스 세일을 실시한다.두타인터넷면세점 디메종도 3주년을 맞아, 프라다, 구찌, 발렌시아가 등 최대 30% 세일과 함께 적립금 최대 45%까지 추가 사용 가능한 특별 할인전을 진행한다.에스티 로더·라 메르·투 페이스트·달팡 등 뷰티 패션 70여 개 브랜드의 30% 세일 행사도 진행한다. 두타면세점 페이스북, 인스타그램에서는 두타 모델 '몬스타엑스'가 전하는 3주년 축하 영상을 공개하고 26일까지 진행하는 3주년 축하 댓글 이벤트에 참여하면 추첨을 통해 선불카드, 기프티콘 등의 선물을 증정한다.    SSG닷컴은 26일까지 일주일 간 오늘의 특가 대표 코너 ‘해피바이러스’와 ‘오반장’ 통합 프로모션을 진행한다. 테마는 두 코너의 이름을 따 ‘오! 해피데이즈’로 명명했다. 총 200여개 제품을 최대 64%까지 할인해 판매한다.우선 신세계몰과 신세계백화점 상품 핫딜 코너인 ‘해피바이러스’ 코너 에서는 의류, 화장품, 잡화, 가전 인기 품목을 준비했다. 스포츠 브랜드 베스트 상품과 화장품은 상품별로 최대 50%까지 할인해 판매한다.가전제품도 특별 할인 판매한다. ‘LG 휘센 19평형 에어컨’ 신상품을 단독 선런칭 가격인 239만원에, ‘삼성’, ‘발뮤다’ 등 여름 가전 제품도 할인 판매할 예정이다. 이 밖에도 ‘쿠쿠 식기세척기’, ‘캐논 카메라’, ‘일리 커피머신’, ‘바디프랜드 안마의자’ 등 생활 가전도 만나볼 수 있다.이마트몰 상품 핫딜 코너인 ‘오반장’에서는 자주 구매하는 식품과 생활 품목 위주로 할인 상품을 구성했다. 20일은 미국산 프라임 등급 소고기를 할인 판매하며 삼성카드 이용시 30%까지 할인된다. 22일과 25일은 1+등급 한우, 24일은 호주산 소고기를 구매할 수 있다.가공식품 대표 브랜드인 ‘CJ 비비고’와 ‘스팸’, ‘오뚜기 피자’와 ‘즉석밥’, ‘동서식품 카누’, ‘롯데제과 자일리톨 해피박스’ 등도 구매 가능하다. ‘동원 우유담아 내몸에 건강한 체다치즈’ 제품은 하나 가격에 두 개를 받아볼 수 있다.성기호 기자 kihoyeyo@asiae.co.kr▶ 네이버에서 아시아경제를 쉽게 만나보세요▶ 경제 감각을 키우고 싶다면? ▶ 재미와 지식이 가득한 '과학을읽다'&lt;ⓒ경제를 보는 눈, 세계를 보는 창 아시아경제 무단전재 배포금지&gt;   ]","['두타 면세점 3주년 축하해요!!\n몬스타엑스와 두타 2019년 대박난다!!', '두타는 앞으로 대박나게 되있어 모델 선정을 아주 기가막히게 한것보니까!!', '두타 면세점 3주년 축하해요💙\n몬엑 4주년도 축하해요💙💙', '몬스타 엑스가 모델이니깐 가 봐~~야 쓰겄다💟', ""두타 3살 축하해요👏👏👏 두'타'랑  몬스'타'엑스랑 함께 롱런~"", '두타면세점 3주년 축하합니다!몬엑이들 사진 이쁘네요👍', '두타모델 기깔나네요!!', '완전 잘어울려요! 몬스타엑스랑 두타 흥해랏~~~~~~~~', '두타 참각막 크으👍', '두타의 안목...큰 성장..!', '두타면세점 당신들 생각 참 잘하신겁니다... 몬엑이 모델 맡으면 다 잘되고 생활 속에 홍보가 몸에 밴 사람들이라 잊을래야 잊을수가 업쓰여ㅎㅎㅎ 두타 흥하세여👍', '몬스타엑스 더 대박나자💕💕💕💕', '', '', '두타 축하해요 :D 몬엑 모델로 고른건 신의 한 수!! 몬스타엑스 더 승승장구 하길 몬베베가 열심히 응원해😘💕', '축하드려요!!!!!!❤️', '3주년축하드립니다~~!!몬스타엑스도 승승장구! 두타도 승승장구!!', '', '두타 3주년 축하합니다~~몬스타엑스랑 함께 더더 잘되시길 바랍니다~~👏👏👏👏👏👏👏', '']",http://www.seoulfn.com/news/articleView.html?idxno=343654,https://n.news.naver.com/mnews/article/277/0004470550?sid=101
2019-05-26 05:57:00,에너지경제,,[창간30주년-혁신과 변화] 신세계백화점 ‘디지털 신세계’ 향해 가속 페달 밟...,,,http://www.ekn.kr/news/article.html?no=433821,http://www.edaily.co.kr/
2019-05-20 15:36:10,서울경제,경제,[이번주 추천주] '3기 신도시 수혜' HDC현대산업개발 등 주목,"[ ""카카오, 신규 채팅창 광고 매출 성장에 기여할 것""삼성전자 화웨이 반사이익 기대…`신차효과` 현대차도 추천코스닥, 통신장비株 주목…5G 수혜 기대 여전    [이데일리 이후섭 기자] 증권가에서는 카카오톡 채팅창 광고를 통한 실적 개선이 전망되는 카카오(035720)에 관심을 두고 있다. 미국 정부의 화웨이 제재에 따른 반사이익이 기대되는 삼성전자(005930)와 신차 효과를 톡톡히 보고 있는 현대차(005380)도 추천주로 꼽았다. 5세대(5G) 이동통신 수혜가 기대되는 통신장비 업체와 신세계(004170) 이마트(139480) 등 유통주에도 러브콜을 보냈다.26일 금융투자업계에 따르면 카카오는 KB증권과 유안타증권의 중복 추천을 받았다. KB증권은 “카카오톡 채팅창 목록에 노출되는 비즈보드 광고상품이 새롭게 공개되면서 매출액 증가에 기여할 것”이라고 내다봤다. 유안타증권은 신규 채팅 창 광고와 더불어 카카오페이지·카카오뱅크 등 자회사 실적개선에 따른 기업가치 상승도 기대된다며 카카오를 추천했다.반도체 업황 악화로 실적 부진 우려가 커지고 있는 삼성전자도 모처럼 추천주에 이름을 올렸다. 올해 하반기 반도체 업황 회복 기대가 조금씩 살아나고 있는 가운데 미국의 화웨이 제재에 따른 수혜도 기대된다. 하나금융투자는 삼성전자에 대해 “화웨이 제재는 프리미엄 안드로이드 시장 점유율 확대 기회로 작용할 것”이라고 판단했다. 쏘나타·팰리세이드 등 신차를 출시하며 내수와 북미 판매량이 호조를 보이고 있는 현대차는 유안타증권의 추천을 받았다. 유안타증권은 “현대차가 판매믹스 개선에 따른 이익 개선 구간에 진입했다”며 “원화 약세로 영업이익 개선이 기대되고 글로벌 경쟁업체 대비 가격 경쟁력도 제고될 것”이라고 진단했다.온·오프라인 채널 경쟁이 치열한 유통 업종도 시장의 주목을 받았다. SK증권은 이마트를 유통 업종 내 밸류에이션 매력이 가장 높은 추천주로 꼽았다. 신성장 동력으로 꼽히는 트레이더스의 시장지위 강화가 긍정적이며 SSG닷컴도 구체적인 사업목표 및 계획 발표가 모멘텀으로 작용할 것으로 전망했다. KB증권은 신세계에 대해 “올해 백화점 VIP 고객 매출로 상위 3개사 중 실적 우위를 지속할 전망”이라며 “면세점 중국인 수요가 지속되고 규모의 경제 효과와 경쟁 완화로 큰 폭이 이익 성장이 가능할 것”이라고 내다봤다. 이 외에도 하나금융투자는 동원F&amp;B(049770)에 대해 “선망 참치어가 약세로 원가절감이 기대된다”며 “가정간편식(HMR) 수요 및 식자재 단가 인상 효과도 반영될 것”이라고 진단했다. 드림텍(192650)은 무선 바이오센서 패치 매출이 올해부터 실적에 반영됨에 따라 헬스케어 사업 가시화가 기대된다며 유안타증권 추천주에 이름을 올렸다. 비은행부문 강화 전략으로 2조원대 순이익을 유지할 것으로 전망되는 하나금융지주(086790)도 KB증권의 추천을 받았다. 하나금융지주는 높은 시가배당률 대비 낮은 밸류에이션으로 저평가 매력도 부각되고 있다는 진단이다.코스닥 시장에서는 케이엠더블유(032500)와 서진시스템(178320) 등 통신장비 부품업체가 두드러졌다. 하나금융투자는 케이엠더블유에 대해 “5G 고주파 빔포밍 기술 도입에 따른 수혜가 기대된다”고 내다봤다. 케이엠더블유는 국내 통신 3사로부터 5G용 안테나·필터 매출을 올리고 있다. SK증권은 글로벌 5G 서비스 상용화 속도전으로 서진시스템(178320)이 가장 큰 수혜를 입을 것으로 전망했다. SK증권은 “서진시스템은 5G 커버리지 확대에 필요한 기지국과 5G 디바이스를 모두 생산하고 있다”며 “올해 자동차 부품 및 전기차 배터리 함체 등 기타 부문의 매출 성장도 기대된다”고 판단했다.이후섭 (dlgntjq@edaily.co.kr)네이버 홈에서 ‘이데일리’ 뉴스 [구독하기▶]꿀잼가득 [영상보기▶] , 청춘뉘우스~ [스냅타임▶]＜ⓒ종합 경제정보 미디어 이데일리 - 무단전재 &amp; 재배포 금지＞ ]",['호명된 종목들 지켜봐주지\n오를지 떨어질지 한번 보자구'],https://www.sedaily.com/NewsView/1VJ7B555VW,https://n.news.naver.com/mnews/article/018/0004388130?sid=101
2019-05-26 16:17:02,파이낸셜뉴스언론사 선정,,빈손으로 끝난 무역협상에 변동성 확대 [주간 증시 전망],,,http://www.fnnews.com/news/201905121614382447,http://www.mk.co.kr/
2019-05-21 17:48:06,이데일리,경제,[주간추천주]1Q실적 발표 끝자락…밸류에이션 저평가株 러브콜,"[ 4천만원짜리 워치와인더현대H몰에 입점 화제     손목의 움직임으로 동력을 얻는 오토매틱 시계는 일정 시간 착용하지 않으면 시계가 작동하지 않는다. 이 때문에 보관할 때도 시계를 특정한 방향으로 회전시켜야 할 필요가 있는데, 이 역할을 하는 것이 '워치와인더'다. 고가의 명품시계를 수집하는 남성들에게 워치와인더도 새로운 필수품으로 주목받고 있다. 안전하고 편리하게 오토매틱 시계를 보관할 수 있는 데다 워치와인더를 소장하고 있다는 것 자체가 고가의 시계를 두 개 이상 보유하고 있다는 상징이기 때문이다.독일 하이엔드 워치와인더·금고 브랜드 '부벤앤줴르벡'이 지난 4월 현대H몰에 입점했다. '초저가' 경쟁이 치열한 이커머스 시장에서 프리미엄 상품으로 콘텐츠 차별화에 나선 것이다.특히 16개의 손목시계를 보관할 수 있는 '퀀텀 16구 마카사(사진)'는 4070만원으로 현대H몰 상품 가운데 가장 비싸다. 지금까지 현대 H몰 최고가 상품은 2776만원 상당의 '삼성 QLED 8K 214㎝ 벽걸이형 TV'였다. 부벤앤줴르벡 관계자는 ""고가의 탁상용 시계, 오르골, 프리미엄 스피커 등 마니아층이 찾을 만한 '재미있는 명품'이 현대H몰에 많았다""며 ""(부벤앤줴르벡이) 대중적인 명품은 아니지만 마니아층이 많이 찾는 브랜드라는 점에서 현대H몰과 이해관계가 맞아떨어졌다""고 입점 배경을 설명했다. 현재 이 브랜드의 오프라인 매장은 전국 신세계백화점 점포 세 곳에만 입점해 있다.현대H몰은 지난해에도 홍콩 명품 주얼리 브랜드 '주대복'을 판매해 월평균 1억원가량의 매출을 올렸다. 이탈리아 명품 워치와인더·액세서리 브랜드 '아그레스티'도 온라인몰 중 유일하게 선보이고 있다. 프랑스 유명 주얼리 브랜드 '클리오블루'도 최근 입점했으며, '레네레이드'도 상반기 중 입점할 예정이다.현대H몰에 따르면 최근 3년간 온라인몰 명품 매출이 연평균 약 15%의 성장세를 보이고 있다. 전체 상품 중 명품 매출이 차지하는 비중도 지난해 처음으로 10%를 넘어섰다.이러한 현상은 경쟁사에서도 두드러지게 나타난다. 롯데백화점의 공식 온라인몰 '엘롯데'의 명품 매출은 2016년부터 3년간 30% 이상, 매년 두 자릿수 이상 성장하고 있다. 신세계그룹이 운영하는 온라인몰 SSG닷컴에서도 전년 대비 패션·잡화 부문 해외 명품 매출은 2017년 10%, 2018년 13% 성장했다. 시계·주얼리도 2017년 8%, 2018년 10% 매출 성장세를 보였다. [강인선 기자]▶네이버 메인에서 '매일경제'를 받아보세요▶뉴스레터 '매콤달콤' 구독 ▶무궁무진한 프리미엄 읽을거리[ⓒ 매일경제 &amp; mk.co.kr, 무단전재 및 재배포 금지]   ]",[],http://www.edaily.co.kr/news/newspath.asp?newsid=01466166622490560,https://n.news.naver.com/mnews/article/009/0004360126?sid=101
2019.05.24.,아주경제,,[주간추천종목] 하나금융지주 이마트 한솔케미칼 F&F,,,http://www.ajunews.com/view/20190517164119520,http://www.mt.co.kr/
2019.05.27.,이데일리,경제,[주간추천주]SK증권,"[    [머니투데이 김사무엘 기자] NH투자증권은 원화 약세로 고가 수입품의 가격경쟁력이 높아지면서 신세계의 매출 호조세가 이어질 것으로 24일 전망했다. 투자의견 '매수'와 목표주가 43만원을 유지했다.지난달 신세계 국내 백화점 부문은 전년 동월대비 5% 성장률을 기록했다. 수입 럭셔리, 프리미엄 가전, 컨템포러리의 고성장으로 호실적이 이어지고 있기 때문이다. 원화약세로 국내 백화점의 수입 럭셔리 카테고리의 가격경쟁력이 높아지고 있어 당분간 긍정적 업황이 이어질 것으로 분석된다.온라인 사업부문을 에스에스지닷컴(ssg.com)으로 이관하면서 관련 판관비 부담 감소로 수익성도 개선 중이다. 면세점dms 명동점 기준 2분기 현재까지 일평균 매출이 1분기 62억원을 넘어섰다. 3분기에는 에르메스 오픈이 예정돼 일매출 1억~2억원이 추가로 늘어날 전망이다.이지영 NH투자증권 연구원은 ""올해 예상 실적을 기준으로 보면 현재 주가의 PER(주가수익비율)는 10.5배에 불과하다""며 ""전 사업부문의 양호한 영업상황과 면세부문의 향후 수익성 개선 여력, 연결자회사의 신사업 등을 감안하면 지나치게 저평가 상태""라고 설명했다.김사무엘 기자 samuel@mt.co.kr▶'의문 투성이' 배우 한지성 교통사고▶조 변호사의 가정상담소 ▶더 많은 기사 보러가기  &lt;저작권자 ⓒ '돈이 보이는 리얼타임 뉴스' 머니투데이, 무단전재 및 재배포 금지&gt;   ]",[],http://www.edaily.co.kr/news/newspath.asp?newsid=01587526622490232,https://n.news.naver.com/mnews/article/008/0004223166?sid=101
2019.05.20.,한국경제TV,,"SK證 ""이마트, 영업익 훼손…긴호흡 주시""",,,http://news.wowtv.co.kr/NewsCenter/News/Read?articleId=A201905170102&t=NN,https://www.moneys.co.kr/
2019.05.28.,아시아경제,생활/문화,이번 주말 아울렛 큰 장 열린다…추가할인 최대 30%(종합),"[    유러피안 스타일 키즈 브랜드 아비에(Habille)에서 19SS 네이처 원피스를 출시했다고 밝혔다.      ©아비에(Habille)이번에 선보인 네이처 원피스는 잔잔한 플라워 패턴에 볼륨감 있는 소매로 매력을 더한 제품이다. 밑단의 셔링이 들어간 프릴 디자인으로 포인트를 주었으며 넥라인과 소매, 파이핑 등 세세한 부분까지 신경을 써 사랑스러운 분위기를 더해준다. 또한, 뒷부분의 단추 잠금으로 풀고 잠그기 용이해 착용이 편리하며 안감이 덧대어져 비침 걱정이 없다.부드러운 감촉을 자랑하는 면 소재로 제작되어 몸에 붙지 않고 구김이 적으며, 은은한 컬러의 그린과 레드 두 가지 컬러로 출시됐다. 한편 아비에의 19SS 네이처 원피스는 롯데백화점 안산점, 신세계백화점 센텀 시티점, SSG닷컴, 아비에 온라인 온라인 스토어에서 구매 가능하다. 강인귀 기자 deux1004@mt.co.kr▶ 고수들의 재테크 비법 ▶ 박학다식 '이건희칼럼' &lt;저작권자 ⓒ '성공을 꿈꾸는 사람들의 경제 뉴스' 머니S, 무단전재 및 재배포 금지&gt;   ]",[],https://view.asiae.co.kr/news/view.htm?idxno=2019052809382374252,https://n.news.naver.com/mnews/article/417/0000413250?sid=103
2019.05.24.,뉴시스,,'그래도 아직까진 괜찮네'…백화점 업계 1분기 성적표,,,http://www.newsis.com/view/?id=NISX20190513_0000648575&cID=13001&pID=13000,https://www.imaeil.com/
2019.05.25.,서울경제,경제,불황에 증명된 '립스틱 효과',"[ 지마켓·옥션, 28일까지 연중 최대규모 할인 '빅스마일 데이'SSG닷컴도 200여개 제품 최대 64% 할인전        [김윤기 기자 yoonki@imaeil.com]     온라인 유통업체 간 가격 경쟁에 불이 붙었다. 의류나 생활용품은 물론 전자제품에 이르기까지 경쟁적인 할인행사가 이어지면서 소비자들은 저가 구매 기회를 맞았다.지마켓, 옥션 등을 운영하는 이베이 코리아는 20일부터 본격적인 할인전을 개시했다. 이베이코리아는 오는 28일까지 9일간    연중 최대 규모의 쇼핑 행사인 '빅 스마일데이'를 진행한다. 통상 매년 11월에 연 1회 진행했지만 상반기 행사를 추가로 마련한 것이다.행사 규모도 대폭 확대했다. 기존 행사에서 1회 제공하던 할인쿠폰을 5월에는 20, 23일, 26일 등 3회에 걸쳐 제공한다. 모든 고객에 최대 10만원까지 할인되는 15% 할인쿠폰과 최대 5천원 할인되는 20% 할인쿠폰을 일자별로 1장씩 제공한다. 오후 6시 이전 주문 시 당일 발송되는 '스마일배송 상품도 확대하고 배송비를 1천500원으로 줄였다.신세계의 SSG닷컴은 오는 26일까지 의류·화장품·잡화·가전제품 특가상품 코너인 '해피바이러스', 식품과 생필품 품목 위주의 특가 코너 '오반장'을 통합해 '오! 해피데이즈' 프로모션을 진행한다. 200여 품목에 대해 최대 64%까지 할인 판매한다.ⓒ매일신문 - www.imaeil.com   ]",[],https://www.sedaily.com/NewsView/1VJ5Y1B5DG,https://n.news.naver.com/mnews/article/088/0000593905?sid=101
2019.05.28.,뉴시스,,"KB證 ""신세계, 면세점 이익 개선 이뤄질 것…목표가↑""",,,http://www.newsis.com/view/?id=NISX20190513_0000648209&cID=10401&pID=10400,http://www.newspim.com
A25면 TOP,브릿지경제,,1년간 주가 반 토막난 이마트…회복 시점 언제?,,,http://www.viva100.com/main/view.php?key=20190519010005830,http://www.edaily.co.kr/
2019.05.23.,이데일리,경제,"[29th SRE][Worst]이마트, 부진의 터널 어디쯤 와있나","[     [이데일리 김대웅 기자] NH투자증권은 24일 신세계(004170)에 대해 원화 약세로 인해 가격 경쟁력이 높아지고 있다고 판단했다. 투자의견 ‘매수’와 목표주가 43만원을 유지했다.이지영  NH투자증권 연구원은 “지난달 신세계 국내 백화점 부문은 전년동월 대비 5% 성장률을 기록했다”며 “수입 럭셔리, 프리미엄 가전, 컨템포러리의 고성장으로 양호한 실적이 이어지고 있기 때문”이라고 분석했다.그러면서 “원화 약세로 국내 백화점의 수입 럭셔리 카테고리의 가격경쟁력이 높아지고 있어 당분간 긍정적 업황이 이어질 것”이라고 설명했다.그는 또 “온라인 사업 부문을 SSG닷컴으로 이관하면서 관련 판관비 부담이 줄어들었기 때문에 수익성도 개선 추세가 지속할 것”이라며 “온라인 부문은 SSG닷컴에 백화점 상품을 공급하고 일정 마진을 수취하는 구조로 변경됐고 판매에 필요한 제비용은 SSG닷컴에서 부담한다”고 분석했다.이 연구원은 “올해 예상 실적을 기준으로 보면 현재 주가수익비율(PER)은 10.5배에 불과하다”며 “전 사업부문의 양호한 영업상황과 면세부문의 향후 수익성 개선 여력, 연결자회사의 신사업 등을 감안하면 지나치게 저평가 상태”라고 부연했다.김대웅 (daxiong@edaily.co.kr)네이버 홈에서 ‘이데일리’ 뉴스 [구독하기▶]꿀잼가득 [영상보기▶] , 청춘뉘우스~ [스냅타임▶]＜ⓒ종합 경제정보 미디어 이데일리 - 무단전재 &amp; 재배포 금지＞ ]",[],http://www.edaily.co.kr/news/newspath.asp?newsid=01344806622489248,https://n.news.naver.com/mnews/article/018/0004385995?sid=101
2019.05.28.,매일경제언론사 선정,,"""화장품으로 휴식 느껴보세요""",,,http://news.mk.co.kr/newsRead.php?year=2019&no=286427,http://www.edaily.co.kr/
2019-05-24 07:51:53,이데일리,경제,[29th SRE][Issue]‘아 옛날이여’…소비패러다임 변화에 유통업 휘청,"[    [이데일리 이후섭 기자] ◇코스피△이마트(139480) -상반기 펀더멘털 악화는 주가에 선반영…중기 관점 트레이더스의 시장지위 강화 긍정적이며 향후 SSG닷컴 최고기술책임자(CTO)·최고재무책임자(CFO) 선임 및 플랫폼 방향성 구체화, 사업목표 및 계획 발표가 모멘텀으로 작용할 전망-영업가치 7조원, 투자자산가치 2조9000억원 반영해 산출한 목표주가 24만5000원…업종 내 밸류에이션 매력도 가장 높아△유한양행(000100)-기술수출료 유입에 따른 1분기 실적 호조세 예상-지분 보유 자회사들의 연구개발(R&amp;D) 모멘텀으로 자회사 가치 부각◇코스닥△서진시스템(178320) -글로벌 5세대(5G) 이동통신서비스 상용화 속도전에 따른 가장 큰 수혜입을 것으로 전망-서진시스템은 커버리지 확대에 필요한 기지국과 5G 디바이스 모두 생산하는 기업 -올해 자동차 부품 및 전기차 배터리 함체 등 기타 부문의 매출 성장도 기대이후섭 (dlgntjq@edaily.co.kr)네이버 홈에서 ‘이데일리’ 뉴스 [구독하기▶]꿀잼가득 [영상보기▶] , 청춘뉘우스~ [스냅타임▶]＜ⓒ종합 경제정보 미디어 이데일리 - 무단전재 &amp; 재배포 금지＞ ]",['느ㅡ즙ㆍㅅㄱㅂ'],http://www.edaily.co.kr/news/newspath.asp?newsid=01170966622489576,https://n.news.naver.com/mnews/article/018/0004387120?sid=101
2019-05-27 18:12:00,이데일리,,"[주간추천주]중복표 받은 카카오, `배너광고`로 실적기대",,,http://www.edaily.co.kr/news/newspath.asp?newsid=01403846622488264,http://www.ajunews.com
2019-05-20 18:35:05,뉴스핌,,[주간추천주] 1분기 실적 발표 마무리…저평가株 매수 타이밍,,,http://www.newspim.com/news/view/20190518000130,http://www.mk.co.kr/
2019-05-24 08:17:02,머니투데이,경제,"업황부진에 신성장동력도 훼손…""이마트, 어렵다""","[ 디자인·기능 공개하고 선주문일정 수량 이상 되면 제작 착수소비자들은 싸게 사서 좋고판매자는 재고·반품 부담 없어11번가·SSG닷컴 등 대기업 가세    온라인 펀딩 플랫폼 `하고`에서 연간 20억원어치 이상 팔리는 `하고백`(왼쪽)과 카카오메이커스에서 6만6000개가 팔린 `통째로 세탁하는 기능성 솜 베개 코튼샤워`는 대표적인 선주문 상품이다.  [사진 제공 = 하고·카카오메이커스] 익일 배송, 새벽 배송은 물론 3시간 배송까지 빨리 물건을 받아 보는 것이 '미덕'으로 여겨지는 이커머스 업계에서 주문 후 7개월 이상 기다릴 수도 있는 '선주문(pre order)' 모델이 확산되고 있다. 소비자에게 제품 디자인이나 구성, 기능을 미리 공개하고 선주문(펀딩)을 받아 일정 기간 목표 금액이나 수량을 달성하면 제작하는 시스템이다. 크라우드펀딩과 유사한 모델인데 고객들은 기다리는 시간만큼 저렴한 가격에 물건을 구매하고 유통업체는 반품률이 낮은 데다 재고 부담을 덜어 윈윈할 수 있다. 수요 예측이 가능할 뿐 아니라 생산에 필요한 비용 등도 미리 마련할 수 있어 상대적으로 자금력 등이 부족한 신생 브랜드들이 사업을 키우기에 유리한 구조다. 소비자들 호응이 뜨거워지면서 국내 유통 대기업들까지 속속 관련 시장에 진출하고 있다.온라인 펀딩·큐레이션 플랫폼 '하고(HAGO)'는 펀딩을 통한 온라인 패션 판매로 인기다.펀딩을 통해 최소 수량이 확보된 뒤 제작에 들어가는 시스템 덕에 재고 부담 없이 우수한 품질의 상품을 정상가 대비 최대 50% 이상 저렴하게 판매하는 모델을 구축했다. 대표 상품인 '하고백' 라인은 연간 20억원 이상 높은 매출을 기록하고 있다. 특히 '하고 새들백'은 2년간 43차 리오더를 진행해 4300개나 팔렸다. 이 회사 관계자는 ""일반적인 온라인 쇼핑몰 반품률이 약 15~20%에 달하는 데 비해, 펀딩 후 제작한 제품들은 반품률이 0.9%에 불과하다""며 ""소비자 입소문을 통한 홍보 효과도 있고, 펀딩 결과에 따라 상품성이나 트렌드를 즉각적으로 확인할 수 있는 것도 장점""이라고 밝혔다.가장 대중적인 주문생산 기반 커머스 플랫폼 카카오메이커스는 4월 말 기준 누적 매출액이 1000억원을 돌파했다. 2016년 2월 첫선을 보인 후 3년여 만의 성과다. 그동안 85만여 명의 고객이 주문생산에 참여해 413만개가 판매되는 과정에서 총 1743곳의 제조업체와 창작자에게 생산 기회가 열렸다. 주문 성공률도 98%에 달했다. 가장 많은 누적 판매액과 판매량을 기록한 제품은 '통째로 세탁하는 기능성 솜 베개 코튼샤워'로 2017년 7월 첫 판매 후 1년9개월간 6만6000여 개가 판매돼 약 22억원의 매출을 올렸다.카카오메이커스는 대량 생산·대량 소비로 이뤄지는 현 제조업의 패러다임을 재고 없는 주문생산 체제로 바꿔 제조업 혁신을 추구하는 플랫폼이다. 과잉 생산으로 인한 자원 낭비와 환경 파괴, 재고 관리비로 인한 생산자·소비자 부담을 줄일 수 있다.정보기술(IT) 업체 엔비티(NBT)는 2월 패션 전문 크라우드펀딩 플랫폼 '스몰바이츠'를 론칭했다. 디자이너가 컬렉션을 사전 공개하면 소비자들이 구매를 원하는 제품에 펀딩해 컬렉션을 론칭한다.대기업 유통사들도 유사한 서비스를 확대하고 나섰다. SSG닷컴이 가장 적극적이다. 올 3월 트렌디한 해외 패션 브랜드 제품을 정식 출시 전에 미리 주문하는 프리오더(선주문) 서비스를 종합 쇼핑몰 업계 최초로 시작했다. 첫 상품으로 내놓은 이탈리아 프리미엄 슈즈 브랜드 '부테로'의 올가을·겨울(FW) 시즌 상품 15종은 전 세계 정식 발매일인 7월에나 받을 수 있음에도 불구하고 사흘 만에 목표 수량(200켤레)을 넘겼고 1주일 만에 420켤레의 주문을 받았다. 2차 스웨덴 패션 브랜드 '악셀 아리가토' 슈즈 19종과 3차 스페인 캐쥬얼 패션 브랜드 '아렐스' 의류, 남성 수영 팬츠, 단화 스니커즈 등 24종 상품도 목표를 달성해 주문에 들어갔다.SSG닷컴은 지난해 11월 시작한 공동구매 개념의 사전 주문 서비스인 프로젝트 펀딩 '우르르'가 순항하자 아예 이달부터 정식 서비스하고 있다. 일정 기간 동안 특정 상품을 구매할 고객을 미리 모은 뒤, 목표 금액과 수량에 도달하면 판매가 확정된다. 총 100개 제품이 펀딩에 성공했다. 소비자들은 인터넷 최저가 대비 최대 67% 저렴하게 제품을 구입할 수 있고, 제조사는 사전에 펀딩받은 만큼 생산해 재고 부담을 덜고, 물건을 창고에 오래 보관하면서 그때그때 출고하는 것보다 한번에 많은 고객에게 한꺼번에 발송하니 감가상각 측면에서도 이득이다. 11번가도 지난달 뷰티 펀딩 서비스 '뷰티투게더'를 선보였다. 주로 중소 브랜드의 경쟁력 있는 화장품을 소개해 먼저 구매 의사를 밝히는 고객에게 가장 저렴한 가격에 상품을 제공하고 일정 기간 내 목표 수량을 달성하면 구매에 성공하는 구조다. 지난달 5개 상품을 대상으로 진행해 목표 수량(2500개)의 두 배를 달성했다. 롯데e커머스가 시작한 뷰티앱 '모게요'도 '궁금해요' 30개가 모이면 5% 할인 쿠폰이 발급되는 서비스를 제공하고 있다.  [이한나 기자]▶네이버 메인에서 '매일경제'를 받아보세요▶뉴스레터 '매콤달콤' 구독 ▶무궁무진한 프리미엄 읽을거리[ⓒ 매일경제 &amp; mk.co.kr, 무단전재 및 재배포 금지]   ]",['ㅇ'],http://news.mt.co.kr/mtview.php?no=2019051712004567448,https://n.news.naver.com/mnews/article/009/0004357553?sid=101
2019-05-25 12:21:02,이투데이,,명품 선방에도 역부족...백화점 3사 우울한 1분기 성적표,,,http://www.etoday.co.kr/news/section/newsview.php?idxno=1754578,http://www.enewstoday.co.kr/
2019-05-16 17:24:10,머니투데이방송,,미·중 무역분쟁 등 악재에 휘청이는 국내증시…증권사 추천 종목은?,,,http://news.mtn.co.kr/newscenter/news_viewer.mtn?gidx=2019051810260029118,http://www.maniareport.com/
None,비즈니스포스트,,"유통회사 살아남기 경쟁, 가격보다 '빠른 배송'에 목숨을 걸다",[],[],http://www.businesspost.co.kr/BP?command=article_view&num=127844,https://sports.news.naver.com/news.nhn?oid=425&aid=0000099116
2019.05.10.,매일경제,,"신세계 프리미엄 아웃렛 상품, 이제 온라인에서도 산다",,,http://news.mk.co.kr/newsRead.php?year=2019&no=295680,http://biz.chosun.com/
2019.05.14.,IT조선,경제,[뉴스 브리핑] 5월20일…카카오페이 카톡 품 떠난다·노키아 5G 지연됐지만 계...,"[ 신세계(004170)가 화장품 사업 호조로 올해 1분기 매출이 큰 폭으로 증가했지만, 면세점 투자 비용이 늘면서 영업이익은 감소했다. 신세계는 올해 1분기 연결기준 영업이익이 1100억원으로 지난해 같은 기간보다 2.9% 줄었다고 10일 밝혔다. 매출액은 38.6% 늘어난 1조5180억원을 기록했다. 당기순이익은 714.5% 증가한 6858억원으로 집계됐다.    신세계디에프(신세계면세점)의 영업이익이 반토막 나면서 전체 영업이익을 끌어내렸다. 신세계디에프의 1분기 매출은 지난해 같은 기간보다 107% 증가한 7033억원을 기록했지만, 영업이익은 46.6% 줄어든 126억원에 그쳤다. 당기순손실은 43억원으로 적자 전환했다. 신세계 관계자는 ""면세점 신규 개점 효과로 매출은 늘었지만 면세점 투자로 영업이익은 줄었다""고 설명했다. 신세계는 지난해 1월 인천공항 T2점에 이어 7월에 강남점을 열었다.신세계백화점의 매출과 영업이익은 각각 11.9%, 9.9% 줄어든 3750억원, 533억원을 기록했다. 인천점 철수와 온라인 통합법인 ‘SSG닷컴’ 출범으로 온라인 부문이 분리된 영향이 크다고 신세계 측은 설명했다.신세계인터내셔날(SI)은 올해 1분기에도 신세계의 성장을 견인했다. 신세계인터내셔날의 매출은 같은 기간 20.2% 증가한 3659억원을 올렸다. 영업이익은 147.5% 성장한 292억원이었다. ‘비디비치’를 포함한 화장품 사업 호조로 매출과 영업이익이 모두 좋아졌다는 게 회사 측의 설명이다.센트럴시티는 1분기 매출과 영업이익이 660억원, 214억원으로 각각 47.3%, 32.9%씩 성장했다. 대구신세계는 매출이 9.4% 증가한 455억원, 영업이익은 147.4% 늘어난 47억 원으로 집계됐다. 까사미아는 매출 273억원에 11억원의 영업손실을 냈다. 신세계 관계자는 ""강남, 센텀시티 등 대형 점포들의 견고한 실적에 더해 대구신세계가 개점 3년만에 흑자를 내는 등 빠르게 안착해 1분기에 좋은 실적을 기록했다""면서 ""면세도 명품 등 고객이 선호하는 브랜드 입점 효과로 성장세가 이어졌고 SI는 화장품이 고성장했다""고 말했다.[이재은 기자 jaeeunlee@chosunbiz.com]chosunbiz.com   ]",[],http://it.chosun.com/site/data/html_dir/2019/05/20/2019052000588.html,https://n.news.naver.com/mnews/article/366/0000433841?sid=101
27면 TOP,데일리안언론사 선정,,"유통업계, 가정의 달 맞아 '빅 프로모션' 봇물",,,http://www.dailian.co.kr/news/view/792744/?sc=naver,http://biz.chosun.com/
2019.05.22.,서울와이어,경제,"[창간 4주년 특집, 다시 뛰자 한국경제, 미래를 탐험하자] 미래 소비의 중심,...","[    국내 주요 백화점의 실적이 올해 들어 주춤하다. 명품과 생활가전은 두자릿수 성장세를 이어가면서 호황을 누리고 있으나, 명품을 제외한 일반 잡화·소비재의 판매 부진으로 1분기(1~3월) 매출과 영업이익은 소폭 증가하는 데 그치거나 도리어 감소했다. 백화점 3사(롯데·신세계·현대)는 올해 부실 점포를 정리해 효율성을 높이고 온라인 사업을 강화해 경쟁력을 높인다는 계획이다.    국내 백화점 매출 1위 점포인 신세계백화점 강남점 / 신세계 제공롯데백화점은 올해 1분기 매출이 7721억원으로 지난해 같은 기간보다 6% 감소했다. 해외패션(명품 포함)과 생활가전 매출은 각각 14.2%, 14.9%씩 성장했으나, 국내 점포 매출은 0.6% 증가하는 데 그쳤다. 지난해 평창 라이선싱 관련 일회성 직매입 비용(451억원)이 발생한 데다가 지방중소형 점포가 부진한 영향이 크다. 판관비 절감에 힘입어 영업이익은 10.9% 늘어난 1588억원이었다.롯데백화점은 올해 부실 점포를 정리하고 핵심 점포는 대대적인 개편을 통해 경쟁력을 높인다는 계획이다. 먼저 지난 2월 영플라자 대구점과 인천점, 안양점의 영업을 종료했다. 연말까지 수익성이 부진한 지방 중소형 점포에 대한 추가 구조조정을 진행한다. 이지영 NH투자증권 연구원은 ""올해는 백화점 구조조정에 따른 추가 비용이 발생할 우려가 있어, 내년쯤에야 구조조정 효과가 나타날 것으로 보인다""고 말했다.현대백화점(069960)은 지난해 말 개점한 면세점의 영업손실 규모가 확대되면서 1분기 영업이익이 26.9% 줄어든 751억원으로 집계됐다. 시내면세점 영업을 시작하기 위한 준비 비용과 개장 초기 광고판촉비 증가로 면세점에서만 419억원 적자를 기록했다. 그나마 1분기 매출은 명품과 리빙, 생활가전의 성장에 힘입어 5120억원으로 15.3% 증가했다.올해도 천호점과 김포점 증축에 따른 감가상각비가 늘고 2020년 여의도 신규점도 문을 열 계획이라 단기적으로는 비용이 증가할 것으로 예상된다. 장기적으로 현대백화점의 실적은 면세점 사업이 얼마나 적자 폭을 빠르게 줄여나갈 수 있느냐에 달린 것으로 보인다. 박종렬 현대차증권 연구원은 ""면세점 사업을 통한 신규 성장성 확보는 긍정적이지만, 당분간 면세점 적자가 실적에 부정적 영향을 미칠 것""이라고 말했다. 신세계백화점의 1분기 매출과 영업이익은 각각 11.9%, 9.9% 줄어든 3750억원, 533억원으로 집계됐다. 수치만 보면 부진해 보이지만, 올해 1월 인천점 철수와 온라인 통합법인 ‘SSG닷컴’ 출범으로 온라인 부문이 분리된 점을 감안하면 선방했다는 평가가 나온다. 특히 VIP 고객을 중심으로 명품 부문이 21% 이상 성장하면서 대형 점포의 성장을 이끌었다. 안지영 IBK투자증권 연구원은 ""인천점을 제외한 백화점 기존점 성장률은 5.4%를 기록했으며, 대형 매장 상위 6개점의 비중이 75%에 달했다""고 했다.    루이비통이 지난 3월 롯데백화점 부산 본점에 개장한 남성 전용 매장./루이비통앞으로 이커머스(온라인 쇼핑몰)와의 경쟁이 치열해지면서 백화점 3사는 도심 대형 점포를 중심으로 오프라인 사업을 강화하고 온라인 부문을 키우는 데 주력할 것으로 보인다. 백화점은 중저가 중심의 이커머스와 차별화, 명품과 식품관 등에 초점을 맞춘 체험 공간으로 거듭난다는 계획이다. 대표적으로 롯데백화점은 매출 1위 점포인 서울 소공동 본점을 2022년까지 4년간 재단장한다. 롯데백화점 측은 본점의 식품과 리빙, 명품 입점 브랜드를 늘리고 체험형 공간을 확대해 혁신적인 유통 공간을 만들겠다는 포부를 밝혔다. 오는 2020년 여의도에 들어설 현대백화점에는 아마존의 무인 자동화 매장 기술이 적용된다. 현대백화점 관계자는 ""여의도점은 드론 배달, 인공지능 등 첨단 기술을 접목한 ‘미래형 유통매장’이 될 계획""이라고 말했다.[이재은 기자 jaeeunlee@chosunbiz.com]chosunbiz.com   ]",[],http://www.seoulwire.com/news/articleView.html?idxno=134635,https://n.news.naver.com/mnews/article/366/0000434028?sid=101
A16면 3단,EBN,,"SSG닷컴, 지난해 명품 화장품 매출 35% 증가",,,http://www.ebn.co.kr/news/view/985212,http://www.mt.co.kr/
2019.05.30.,한강타임즈,경제,"SSG페이, SSG닷컴 인기상품 최대 50% 페이백 이벤트 진행","[    [머니투데이 김소연 기자] [[오늘의포인트]롯데쇼핑·이마트 52주 최저가 경신…오프라인 유통업 구조적 한계 탓 커]     사진제공=마켓컬리 제공롯데쇼핑과 이마트, 오프라인 유통업체 최강자였던 이들 주가가 지속 추락해 역사적 저점 수준으로 떨어졌다. 온라인, 배달로 대표되는 신유통 흐름에 빠르게 편승하지 못한 탓이다. 증권업계 전문가들은 당분간 오프라인 유통업체들의 실적과 주가 하락세가 지속될 것이라는 먹구름 잔뜩 낀 전망을 내놓았다. 20일 오전 11시55분 롯데쇼핑은 전일대비 20500원(1.55%) 오른 16만4000원을 나타내고 있다. 장 초반에는 약세를 나타내 16만500원을 터치, 52주 신저가 기록을 새로 �㎢�. 이는 2009년 이후 10년래 최저가다. 같은 시간 이마트는 1500원(1.03%) 오른 14만7000원을 기록 중이다. 그간 낙폭이 컸던데 따른 되돌림 현상이 일시적으로 나타나고 있다. 이마트는 전거래일인 지난 17일 장중 14만4000원까지 떨어져 사상 최저가를 기록했다. 롯데쇼핑과 이마트는 각각 백화점과 대형마트 업계 1위다. 내수경기 악화로 인해 유통업 전반이 침체를 겪을 때도 '1등 브랜드는 살아남는다'는 인식 속 주가와 실적이 버텨왔던 터라, 최근 부진은 업계에 충격을 안긴다. 이들의 날개없는 추락은 유통 패러다임이 오프라인에서 온라인으로 전환되고 있는 상황과 무관치 않다. 온라인 유통업체들은 기존 오프라인 영역으로 일컬어졌던 명품, 신선식품 카테고리까지 속속 장악해가고 있다. 오프라인과 온라인 영역 경계가 불분명해지면서 더 이상 오프라인 1등 프리미엄으로는 버티기 힘든 수준에 도달했다는 평가다. 김명주 미래에셋대우 연구원은 ""소매시장에서 롯데쇼핑과 이마트 합산 점유율은 2017년 8.5%에서 올해 8.1%로 낮아질 것""이라며 ""오프라인 소비자들이 온라인으로 빠르게 이동하고 있고, 쿠팡과 마켓컬리 등 차별화된 서비스, 다양한 제품을 앞세운 신흥강자의 약진이 지속되고 있기 때문""이라고 평가했다. 최근 쿠팡과 마켓컬리 등이 내세운 새벽배송이 차별화 서비스의 대표적인 예다. 롯데쇼핑은 롯데백화점은 물론, 할인점인 롯데마트의 부진까지 실적에 반영되는 탓에  회복이 요원하다. 뒤늦게 온라인 경쟁에 뛰어들기 위해 온라인몰 통합로그인서비스 '롯데ON'을 선보였지만 쉽게 로그인하는 것만으로는 신규 고객을 모집하기 어렵다는 지적을 받는다. 조용선 SK증권 연구원은 ""1분기 백화점 총매출은 전년 동기 대비 2.7% 줄어 시장평균(0.5% 성장)에 못 미쳤다""며 ""롯데쇼핑은 백화점, 마트, 슈퍼 등 어려움을 겪는 사업부문들로 구성된 탓에 실적 악화와 센티먼트 훼손이 교차 반복되면서 섹터 내에서도 낙폭이 가장 크다""고 진단했다. 현재 주가는 역사적 하단이지만, 이커머스 플랫폼이라는 핵심 모멘텀이 부재한 탓에 앞으로도 반등을 점치기는 쉽지 않다는 판단이다.이마트도 상황은 마찬가지다. 올 1분기 매출은 SSG닷컴 상품공급 매출이 반영된 탓에 전년 동기 대비 4% 늘긴 했지만, 영업이익은 30% 급감했다. 오프라인 매장 부진이 온라인 매출로 상쇄되지 않는 탓이다. 이마트는 일렉트로마트, 노브랜드, PK마켓 등 전문점을 앞세워 성장동력으로 삼고 있지만, 치열한 경쟁 탓에 1분기 영업적자 76억원을 기록했다. 이지영 NH투자증권 연구원은 ""쿠팡 등 온라인 사업자와의 경쟁이 식품과 비식품 모든 카테고리에 걸쳐 심화되고 있다""며 ""일부 주요점포의 리뉴얼까지 겹쳐 4월 이마트 기존점 성장률은 -7%를 기록한 만큼 주가 반등을 논하기 이르다""고 진단했다. 이들 오프라인 두 강자가 역사적 저점으로 치닫는 사이, '오아시스'라는 신 유통채널을 지닌 지어소프트 주가는 고점을 향하고 있다. 올 들어서만 147% 급등했다. 오아시스는 마켓컬리와 같은 유기농 식품 온라인 판매회사다. 김 연구원은 ""오프라인 유통업체들이 점유율을 회복하기 위해서는 온라인으로 소비가 이전되지 않을 카테고리를 찾아야 한다""며 ""장기 충성고객 확보가 가능하도록 차별화된 전략 확보가 필요하다""고 언급했다.김소연 기자 nicksy@mt.co.kr▶'의문 투성이' 배우 한지성 교통사고▶조 변호사의 가정상담소 ▶더 많은 기사 보러가기  &lt;저작권자 ⓒ '돈이 보이는 리얼타임 뉴스' 머니투데이, 무단전재 및 재배포 금지&gt;  ]","['코스닥 전세계 하락율 계속1위다 문재앙은 정은이한테 나라 부도내라고 지령받은게 분명한듯 허경영이 해도 이렇게까지 망하지는 않을거다', '문재앙 탄핵', '진자 답없는 정부다 미중무역전쟁 경제문제로 주식시장 개 조신데 도대체 아무런 대책이 없내 개 ㅅㅂ 것들아 니들은 국민 세금으로 도대체 뭘하는거냐 에어컨 쐬면서 처 앉아 잇으니까 좋지? 쓰래기들', '온라인이 적자로 팔아제끼니', '아산지점이마트 계산대 케샤분들이 나누는 대화중에서~~D군에 속하지만 월급은 똑같고A군 보다 성과금 십만원이 적지만  손남이 없었서 너무 너무 좋다고 하네요~~헐  그런 이야기 할때는 좀 조용히  합시다~~~', '', '박근혜 탄핵시킬때 시위권 넘들은 한자리씩 해먹을거라고 얼마나 혀에 군침을 돌리고 있었을까', '역적 문죄인일당을 청산합시다', '아무튼 관료들이 문제다.  \n재래 시장 살리겠다고 마트 규제했더니 재래 시장은 여전히 희망없고 온라인만 커간다. \n그런데 공무원들 더 뽑겠다고?\n\n도대체 머리는 왜 달고 다니는 건지.', '', '', '', '저는 이마트가 망하기를 매일 매일 빌고있는 사람입니다     ( 이마트 검품장의 갑질때문에 죽을 결심까지 했던 운전기사가)', '', '온라인 세금 징수 재대로하면 그렇게 싸게 못팔아 \n1년동안 창업하고 패업하고 세금 피하려는 편법으로 ~ 싸게 파는업체 엔드 세금 계산 할줄 모르고 ~ 월가 플러스 마켓 수수료만 계산하고 잘팔리는줄 알고 ~ 부가세 종합소득세내면 멘붕옴 ~', '이마트 요즘 배달도 없애고 계산도 고객이 직접  하라하고 불편한데 고객요구가 뭔지 잘 모르는듯', '온라인 출혈경쟁 왜 하냐? 쿠팡 마켓컬리 팔수록 적잔데!!', '온라인 주문이 많아지는 시대...그걸 대통령탓으로 돌리는 무식한 개돼지...\n자영업자가 가장많은 한국... 어쩌면 불황은 거기서부터 시작됬는지 모른다. \n도로에 나가면 외제차 천지...해외여행 매년 최대인원기록...\n어렵다는건 너한테만 해당된다.', '누구말대로 일본군관 빡정희 부관참시가 답인갑다~~~', '박근혜때 메르스사태 엉터리로 대응해서  홈쇼핑만 무지하게 컷다.', '종구 문통~ 공매 ㅅㅂ\n개관끝까지 지롤 똥싸네~', '이럴줄 알고 난 10년전에 롯데 다니다 탈출했지 \n 아직 못나오신분 늦기전에 빨리 탈출하세요', '읽다보니 오아시스 회사광고네', '손정의가. 쿠팡에 손이익점도 오지 않았음에도 계속 추가 투자하는 그가.. 점점 예측이 맞아 떨어지는 것 같네', '', '', '', '', '', '개미들이 미쳤구나 내일 얼마나 내려갈지???', '주식하지마라', '', '전세계적으로  좌파가  경제에  성공한  사례는  없었다  문재앙  보유국  ㅜㅜ', ""최근에는 유통보다는 5G나 수소차 테마가 더 각광받고 있습니다. 해당 업종에 대해 분석하신 자료가 필요하신분은 '상한가나무' 오픈채팅에 검색해보세요. 초보분들을 위해서 시황분석, 종목추천도 잘해주시니 너무 좋네요. 수익도 잘나오고 있어서 방 분위기 좋습니다 ㅎㅎㅎ"", '', '다이소 영향이 더 크다.']",http://www.hg-times.com/news/articleView.html?idxno=201551,https://n.news.naver.com/mnews/article/008/0004220948?sid=101
2019.05.15.,뉴스1,,"신세계아울렛, 온라인 진출 본격화…""쓱닷컴에 전용관 선봬""",,,http://news1.kr/articles/?3614715,http://www.mk.co.kr/
2019.05.21.,머니S,생활/문화,"""해외직구도 '쓱'만 믿으세요""… SSG닷컴, '온워드 카시야마' 전문관 연다","[    기업 발전에는 리스크 관리가 얼마나 효율적으로 이뤄지느냐가 중요하다. 피부 관리 그중에서도 자외선 대책은 이와 동일한 배경과 과정을 요구한다. 사전준비가 충분히 되어 있을 것, 상황에 맞게 선택 가능할 것, 사후 점검과 관리가 반드시 이어질 것.        1. 자외선 차단은 물론 쿨링 효과와 보습감, 보송함을 함께 지닌 DPC 프리미엄 선스크린 UV 클리어 스틱. 2만 원대.2. 자외선부터 건조함까지 지친 피부를 위한 촉촉한 유기농 알로에 진정 선케어 아로마티카 미네랄 선스크린. 2만2000원. 3. 대용량 자외선 차단제 어딕션 스킨 프로텍터 페이스 앤 바디. 촉촉하지만 끈적이지 않는 가볍고 상쾌한 텍스처가 특징. 롯데백화점 본점, SSG닷컴, GS SHOP 등에서 구입 가능. 4. 라이크아임파이브의 온가족용 무기자차 마일드선 클렌징 패드. 투명하고 묽은 워터 제형에 100% 순면 와플 패드로 구성됐다. 1만2000원. 부츠에서 구입 가능.  5. BRTC 선크림 지우개 티백클렌저는 클렌징, 필링, 효소팩 효과를 지녔다. 사용 후 몸에 문질러 각질제거와 미백 관리도 할 수 있다. 1만5000원.  자외선 차단제는 사시사철 필수다. 실내에서만 일한다면 겨울에는 조금 게을러질 수는 있다. 하지만 자차로 운전하여 출퇴근한다면, 역시 자외선 차단제를 챙겨 발라야 한다. 이 정도 노력과 실천 없이 깔끔하고 세련된 인상을 주고 싶어 한다면, 터무니없는 일이다. 세상은 대가 없이 절대 단 하나의 보상도 거저 주지 않는 법이니까. 자외선 차단제가 자외선은 물론 외부 자극으로부터 피부를 적극적으로 보호하는 역할을 하기 때문에, 미세먼지 가득한 날은 더욱 차단제가 중요하다. 코앞에 여름이 닥쳐왔구나 싶을 만큼 햇볕 내리쬐는 한낮은 당연하다.   그렇다면 자외선만 잘 막으면 끝? 그렇지 않다. 모든 일은 선과 후가 있는 법. 자외선 차단제를 잘 사용하기 위한 전제, 잘 씻어내는 것까지 자외선 대책의 과정이다. 자외선 차단제 선택과 사용의 걸림돌은 크게 세 가지. 끈적이거나 답답한 사용감과 바른 뒤에 느껴지는 뻑뻑한 건조감. 그리고 얼굴과 몸을 구분해야 하는지 여부와 그에 따르는 귀찮음이다. 우선 사용감은 취향에 따라 다르다. 어떤 이는 부드럽고 매끄럽게 발리는 것을 좋아하고 어떤 이는 바른 듯 안 바른 듯 빠르게 스며드는 타입을 선호한다. 취향에 정답은 없다. 아내나 엄마가 사다주는 제품을 마음에 안 든다고 내버려두지 말고 자신이 직접 마트나 드럭스토어에 가서 손등에 발라보고 산다. 얼굴용, 보디용을 나누면 좋긴 하지만 꼭 그럴 필요도 없다. 그냥 대용량을 사서 얼굴과 팔, 반바지를 입는 날은 다리까지 편하게 쓱쓱 바른다. 얼굴용을 그렇게 바른다고 하면 어쩐지 아까운 느낌이 들겠지만, 자외선 차단제는 아껴 쓸 필요가 없는 아이템이다. 바른 후 허옇게 들뜨고 옷에 묻어나기까지 하는 백탁 현상은 무기 성분, 유기 성분 등의 복잡한 이유가 있지만, 그냥 취향껏 선택하고 바른 뒤 최소 15~30분 정도 후에 외출하거나 옷을 입으면 해결되는 문제다. 자외선 차단제는 낮에 대활약을 하지만 해가 지면 반드시 깨끗하게 씻어내야 한다. 귀찮다고 그냥 잠자리에 들면 온갖 외부 오염물질을 팩으로 얹고 자는 것과 마찬가지다. 자외선 차단제는 화장품처럼 눈에 보이는 색조는 없으나 가벼운 물 세안, 대충 비누로 씻는 정도로는 말끔히 사라지지 않는다. 세안 전용 클렌저로 꼼꼼하게 씻어야 하는데 이 세안 전용 클렌저 중에는 풍부한 거품이 이는 제품이 많다. 그만큼 부드럽고 말끔히 씻기기는 하지만 그 풍부한 거품을 씻어내기가 귀찮은 것도 사실이다. 클렌징 티슈나 패드 등으로 빠르게 지워내고 물 세안 등을 가볍게 하는 것도 효율적이다. 차단이 전부가 아니다. 잘 준비해야 잘 막을 수 있다. 막은 목적에 맞게 다시 정비하기를 반복하는 것. 어찌 보면 기업의 리스크 관리와도 일맥상통한다.   [글 박윤선(기업커뮤니케이션&amp;컨설팅그룹 네오메디아 국장) 사진 각 브랜드] [본 기사는 매일경제 Citylife 제680호 (19.05.28) 기사입니다]▶네이버 메인에서 '매일경제'를 받아보세요▶뉴스레터 '매콤달콤' 구독 ▶무궁무진한 프리미엄 읽을거리[ⓒ 매일경제 &amp; mk.co.kr, 무단전재 및 재배포 금지]   ]",[],http://moneys.mt.co.kr/news/mwView.php?no=2019050817178055233,https://n.news.naver.com/mnews/article/009/0004360386?sid=103
2019.05.27.,아시아투데이,,"진영R&S, 보미라이 SSG닷컴 입점기념 '최지우의 뷰티톡톡' 개최",,,http://www.asiatoday.co.kr/view.php?key=20190513010006970,http://www.edaily.co.kr/
5면 TOP,뉴스1,경제,"보미라이, SSG닷컴 입점기념 ‘최지우의 뷰티톡톡’ 개최","[ - 롯데·신세계, 자사 온라인몰에 ''아울렛 전문관'' 입점- 오프라인 중 성장성 가장 좋지만 미래 성장동력 ''글쎄''- 합리적 가격 이미지 확립·접근성 한계 극복 방안    여주 프리미엄 아울렛.(사진=신세계사이먼)[이데일리 함지현 기자]오프라인 위주로 사업을 해왔던 아웃렛이 온라인 진출에 속도를 내고 있다. 아웃렛을 이용하면 저렴하게 상품을 구매할 수 있다는 이미지를 좀 더 많은 고객에게 심어줌과 동시에 소비자들의 접근성이 떨어지는 한계를 극복하기 위한 전략으로 풀이된다.20일 관련업계에 따르면 롯데와 신세계 등 유통 대기업들은 자사 온라인몰에 프리미엄 아웃렛 전문관을 열었다. 신세계는 그룹 통합 쇼핑몰인 SSG닷컴에  ‘프리미엄 아울렛’ 관을 오픈하고 명품부터 패션잡화, 키즈, 스포츠에 이르기까지 100여개 브랜드의 상품을 교외형 프리미엄 아웃렛에서처럼 상시 할인된 가격에 판매한다.롯데백화점 역시 온라인 쇼핑몰인 엘롯데에 ‘온라인 프리미엄 아울렛 전문관’을 열었다. 다양한 이월 패션 상품들이 정상가 대비 최대 60~70%가량 저렴하게 판매되며, 엘롯데 내 백화점 상품과 아웃렛 상품은 분리 운영된다.최근 경기불황으로 오프라인 산업의 부진이 업종을 불문하고 이어지고 있는 가운데 아웃렛은 그래도 유통 대기업들의 ‘체면치레’를 해주는 오프라인 업태였다.가격 측면의 이점은 물론 오프라인 매장을 찾아야 경험할 수 있는 놀이 시설·먹거리·체험시설 등을 바탕으로 성장을 이어왔다.현재 가장 많은 아웃렛을 보유한 롯데를 예로 들면 2008년부터 매년 1~4개의 신규 점포를 개설하며 규모를 키워왔다. 현재 22개의 매장을 운영 중이다. 전년 대비 매출 신장률 역시 2016년 10.8%, 2017년 8.9%, 2018년 9.6%로 높은 수준을 기록했다.산업통상자원부가 밝힌 지난해 오프라인 유통업체 매출 증감률에서 대형마트가 전년대비 2.3% 감소하고 백화점 1.3%, 기업형 슈퍼마켓(SSM) 2%의 신장률을 기록한 것과 대비된다. 오프라인에서 가장 성장세가 좋다는 편의점이 8.5%를 기록한 것과 비교해도 밀리지 않는 수치다.하지만 향후 성장성에 대해서는 의문인 것도 사실이다. 경기불황에 오프라인 산업의 부진이 업종을 불문하고 이어지고 있는데다, 아웃렛의 가장 큰 장점인 가격은 전자상거래(이커머스)의 성장으로 인해 차별성 제공이 여의치 않아졌기 때문이다.특히 아웃렛의 특성상 외곽에 위치한 경우가 많아 소비자들의 접근성이 떨어진다는 한계도 있다. 롯데나 신세계가 향후 아웃렛의 출점 계획을 명확히 세우지 못하고 있다는 점도 이 같은 사실을 방증한다.결국 아웃렛은 장기적인 성장을 위한 디딤돌로 온라인 진출을 선택했다. 오프라인에 기반한 업태인 만큼 아웃렛이 성장하기 위해서는 고객을 현장으로 끌어내야 한다. 이를 위해서는 합리적인 가격에 상품을 구매할 수 있다는 인식을 좀 더 강하게 심어주는 것이 필요했다. 이 같은 인식이 확립된 후에는 온라인 매장보다 할인 상품이 더 많고 여러 가지 상품을 직접 만져보고 비교해볼 수 있는 오프라인 매장의 장점이 더욱 부각될 것으로 업계에서는 기대하는 것이다.업계 관계자는 “오프라인과 온라인 영역의 구분 없이 쇼핑하는 소비자들의 습관과 패턴을 많이 주시해왔다”며 “오프라인만 운영하면 접근성이 떨어진다는 한계가 있는 만큼 고객 편의를 더욱 높이기 위해 온라인을 통한 채널 확장에 나서게 됐다”고 말했다.함지현 (hamz@edaily.co.kr)＜ⓒ종합 경제정보 미디어 이데일리 - 무단전재 &amp; 재배포 금지＞ ]",[''],http://news1.kr/photos/view/?3649527,https://n.news.naver.com/mnews/article/018/0004383563?sid=101
2019-05-10 18:52:08,노트펫,,"SSG닷컴, 5월 '개린이날' 맞아 반려동물용품 매출 늘어",,,http://www.notepet.co.kr/news/article/article_view/?idx=15572&groupCode=AB120AD120,http://www.economytalk.kr/
2019-05-14 08:01:10,쿠키뉴스,,"SSG닷컴 ""어린이날 기간 반려동물 매출 107% 증가""",,,http://www.kukinews.com/news/article.html?no=660952,http://www.hankyung.com/
2019-05-20 13:28:53,파이낸스투데이,경제,"이지요가ㆍ로나제인, SSG닷컴과 요가복ㆍ레깅스 등 'Brand Week Sale' 행사","[    [ 김봉구 기자  ]     현대차증권은 15일 신세계에 대해 “연결 자회사들의 실적 개선으로 당초 예상보다 양호한 영업이익을 냈고 앞으로도 이 기조를 이어갈 것”이라며 목표주가를 기존 32만원에서 40만원으로 상향했다. 투자의견도 매수 유지.이 증권사 박종렬 수석연구위원은 “신세계의 올 1분기 연결기준 총매출은 전년 동기 대비 15% 늘어난 2조3053억원, 매출은 38.6% 뛴 1조5180억원, 영업익은 2.9% 줄어든 1100억원으로 컨센서스(평균전망치)를 상회했다”며 “연결 자회사인 신세계인터내셔날·센트럴시티·대구신세계 등의 실적 개선 덕분”이라고 말했다.박 수석연구위원은 “별도 기준 백화점은 인천점 철수와 온라인 일반상품을 SSG닷컴으로 합병함에 따라 총매출 및 영업익이 각각 18.9%와 9.9% 감소한 반면 SSG닷컴 주식 공정가치 인식에 따른 영업외손익 증가로 세전이익이 대폭 증가했다”고 설명했다.이어 “신세계디에프는 공항T1·강남점 등 신규점 오픈과 사업 초기 비용 때문에 영업익 126억원으로 크게 부진했지만 센트럴시티는 작년 8월 메리어트호텔 리뉴얼 오픈과 호텔OCC 상승으로 영업익이 큰 폭으로 늘어났다. 신세계인터내셔날도 화장품 매출 호조로 매출 20.2%, 영업익 147.5% 증가했다”고 덧붙였다.그는 “신세계의 양호한 1분기 실적을 반영해 올해 연간 수익예상을 기존 전망치 대비 8.4% 끌어올린다. 연결 자회사들의 점진적 실적 개선이 가능할 것”이라며 “최근 주가 하락으로 밸류에이션(기업가치) 부담은 크지 않다. 향후 면세점 실적 개선폭에 따라 주가가 재평가가 좌우될 것”이라고 내다봤다.김봉구 한경닷컴 기자 kbk9@hankyung.com▶ 네이버에서 한국경제 뉴스를 받아보세요▶ 한경닷컴 바로가기  ▶ 모바일한경 구독신청 ⓒ 한국경제 &amp; hankyung.com, 무단전재 및 재배포 금지   ]",[],http://www.fntoday.co.kr/news/articleView.html?idxno=188919,https://n.news.naver.com/mnews/article/015/0004141646?sid=101
2019-05-22 09:22:02,비즈니스포스트,,"""이마트 주식 긴호흡으로 봐야"", 트레이더스와 쓱닷컴 기대는 유효",,,http://www.businesspost.co.kr/BP?command=article_view&num=127686,http://www.sisajournal-e.com
2019-05-21 05:16:05,녹색경제신문,,"SSG페이, 5월 겨냥 프로모션 진행...SSG닷컴 內 상품 최대 50% 페이백",,,http://www.greened.kr/news/articleView.html?idxno=106994,http://www.sentv.co.kr
2019-05-15 09:27:01,뉴스1,,"보미라이, SSG닷컴 입점기념 ‘최지우의 뷰티톡톡’ 개최",,,http://news1.kr/photos/view/?3649527,http://www.etnews.com
2019-05-21 16:01:08,아시아투데이,IT/과학,"SSG닷컴, 日 대표 패션브랜드 '온워드 카시야마' 전문관 오픈","[     온라인 쇼핑의 강세와 일회성 비용 증가 등의 원인으로 백화점 업계가 전반적인 실적 부진에 빠졌다. 명품과 생활가전이 두자릿수 성장세를 이어갔으나 이를 제외한 제품군의 판매 부진으로 1분기 매출과 영업이익은 소폭 증가하거나 감소했다. 롯데, 신세계, 현대 백화점 빅3는 부실 점포를 정리해 효율성을 높이고 온라인 비즈니스를 보강해 경쟁력을 높인다는 계획이다.21일 금융감독원 전자공시에 따르면 올해 1분기 백화점 3사는 다소 부진한 성적을 거뒀다. 일회성 비용이나 경영 효율화 과정에서 일시적 추가 비용이 발생한 점을 감안하면 하반기 실적 개선이 기대된다는 평가도 나온다.    롯데백화점 본점 외관롯데백화점은 1분기 매출액 7721억원을 기록했다. 지난해 같은 기간(8220억원) 대비 6% 감소했다. 지난해 평창올림픽 라이선싱 상품의 일회성 직매입 매출(451억원)에 따른 역기저가 작용한 것을 감안하면 나쁘지 않은 성적표다. 또한 롯데백화점 매출액 감소에는 중국에 진출한 3개 지점이 영업 종료한 점이 영향을 줬다. 국내 기존점 매출은 0.6% 성장했다.영업이익의 경우 1588억원으로 전년 동기대비 10.8% 증가했다. 국내에서는 판관비를 대폭 절감했고 해외 사업 구조조정 효과도 수익성 향상에 보탬이 됐다. 1분기에만 국내 점포의 판관비를 222억원 줄이며 효율적인 비용 절감을 거뒀다.    신세계 본점신세계백화점은 매출액(3750억원)과 영업이익(533억원)이 모두 감소했다. 매출액은 지난해 1분기보다 11.9% 줄었으며, 영업이익은 9.9% 감소했다. 알짜 점포였던 인천점 철수 영향이 컸고 SSG닷컴 출범으로 온라인 부문이 분리된 점을 감안하면 나름 선방했다는 평가다. 지난해까지 신세계가 운영하던 인천점은 올해 1월부터 롯데백화점 인천터미널점으로 운영되고 있다. 해당 점포는 지난해에만 6000억원 매출을 기록한 알짜 점포였다. 실제 인천점을 제외한 신세계백화점의 매출은 5.4% 증가했다.    현대백화점 무역센터점현대백화점은 1분기 매출이 5210억원으로 15.3% 증가했지만 영업이익은 751억원으로 26.9% 감소했다. 후발주자로 시장에 진출한 면세점의 영업손실이 반영됐기 때문이다. 현대백화점면세점은 1분기 매출 1569억원, 영업손실 236억원을 기록했다. 면세점을 제외한 본업에서는 영업이익이 984억원으로 감소폭이 5.2%로 완화됐다. 여기에 지난해 9월 오픈한 대구아울렛 및 김포아울렛과 천호점의 증축 리모델링에 따라 매출은 늘었지만 비용 지출 역시 높아졌다.올해도 천호점과 김포점 증축에 따른 감가상각비가 늘고 2020년 여의도 신규점도 문을 열 계획이라 단기적으로는 비용이 증가할 것으로 예상된다. 장기적으로 현대백화점의 실적은 면세점 사업이 얼마나 적자 폭을 빠르게 줄여나갈 수 있느냐에 달렸다는 평가다.업계 관계자는 “국내 소비경기 악화, 온·오프라인간 경쟁 심화 등을 고려하면 선방한 실적으로 판단한다”며 “하지만 명품에 치우친 성장 구조를 탈피하기 위해서는 매출 다각화가 필요해 보인다”고 말했다.이주현 유통 전문기자 jhjh13@etnews.com▶ 네이버 모바일에서 [전자신문] 채널 구독하기▶ 전자신문 바로가기 [Copyright ⓒ 전자신문 &amp; 전자신문인터넷, 무단전재 및 재배포 금지] ]",[],http://www.asiatoday.co.kr/view.php?key=20190508010004085,https://n.news.naver.com/mnews/article/030/0002813812?sid=105
2019.05.24.,뉴스토마토,,"신세계사이먼, SSG닷컴 입점…온라인 사업 진출",,,http://www.newstomato.com/ReadNews.aspx?no=893610,http://www.ebuzz.co.kr
16면 4단,마켓뉴스,,"보미라이, SSG닷컴 입점기념 ‘최지우의 뷰티톡톡’ 개최",,,http://www.marketnews.co.kr/view.php?ud=20190513094901559975a4196163_24,http://www.sedaily.com
2019.05.16.,노트펫,경제,"SSG닷컴, 5월 '개린이날' 맞아 반려동물용품 매출 늘어","[ 업황 우려에 투자 심리 위축""트레이더스 등 돌파구 필요""    [서울경제] ‘어닝쇼크’를 기록한 이마트(139480)가 이틀 연속으로 최저점을 경신하며 주가 하락세를 면치 못했다.17일 한국거래소에 따르면 이마트 주가는 0.68 % 내린 14만5,500원에 거래를 마쳤다. 이날 장중 14만4,000원까지 떨어져 전날에 이어 최저점을 갈아치웠다. 최근 이마트의 실적 부진과 대형 오프라인 할인점 업황에 대한 우려가 투자자들의 투자심리를 위축시키고 있다는 해석이다.지난 15일 이마트는 올해 1·4분기 연결기준 영업이익이 지난해 동기 대비 51.6%나 감소했다고 공시했다. 시장 컨센서스를 50%나 밑도는 처참한 수준이다. 매출액은 같은 기간 동안 11.7% 늘었지만 수익성이 급감한 것이다.온라인 사업 매출이 성장했지만 오프라인 할인점 부진이 결정적이다. 오프라인 할인점 영업이익은 30% 감소했다. 박신애 KB증권 연구원은 “2018년 실적 부진을 바닥으로 2019년에 실적이 개선될 것으로 기대했으나 오프라인 할인점의 매출 하락세가 가속화되면서 고정비 부담으로 인해 수익성이 크게 악화하고 있는 상황”이라고 설명했다. 연이은 어닝 쇼크에 KB증권은 23만5,000원에서 17만5,000원으로, NH투자증권은 22만원에서 18만원으로 목표주가를 낮췄다. 지금 당장보다 앞으로도 실적 개선의 돌파구 없이는 주가 회복이 쉽지 않다는 평가다.문제는 기대됐던 온라인 채널의 경쟁 심화로 새로운 성장동력을 얻기 어려워졌다는 점이다. 박 연구원은 “온라인 매출의 성장이 오프라인 매출의 하락을 상쇄해주길 기대했으나, 최근에는 신선식품의 온라인 경쟁까지 심화돼 고민이 깊어지는 상황”이라며 “전문점·트레이더스·편의점 등의 신사업을 공격적으로 펼치고 있으나 할인점 본업의 부진을 만회하기에는 아직 역부족”이라고 분석했다. 이어 “올해 총영업이익이 전년 대비 1,163억원 감소할 것으로 예상되는데 오프라인 할인점의 영업이익이 1,030억원 감소하고 신규편입 된 SSG닷컴이 영업적자 540억원을 나타낼 것으로 전망된다”고 밝혔다. 다만 창고형 할인점인 트레이더스가 20%의 매출성장세를 보이면서 시장 내 다크호스로 급부상하고 있다는 점은 긍정적으로 평가된다. 조용선 SK증권 연구원은 “향후 점포 효율화 기조가 강화될 것”이라며 “수익성 둔화 혹은 이익훼손은 신성장 동력 확보 관점에서 긍정적이며 긴 호흡이 필요하다”고 강조했다. /신한나기자 hanna@sedaily.com[서울경제 바로가기]▶ 텔레그램으로 서울경제 구독하기  | ▶ 네이버TV로 서울경제썸 구독하기▶ 네이버 메인에서 'No. 1 뉴스' 서울경제를 만나보세요저작권자 ⓒ 서울경제, 무단 전재 및 재배포 금지   ]","['이마트바이어들 갑질이장난이아님. 머리허연 중소업체사장님 애혼내듯이 혼내질않나 업체가 발굴해온상품 빼앗는건 기본이고 망해야정신차릴듯', '', '', '', '', '이마트 같은 큰기업이 이렇게 급속도로 무너지는거 보면 조직내부 리더급 직원들이 인사적으로 문제가 많다는 것이다, 윗물이 맑아야 아랫물이 맑으니', '돈많이 먹었으면 그만해라.', '', '수입품 저렴하게 공급하는 코스트 롯데가 짱', '', '쿠팡이 미리 닦아둔 수익성 제로 시장에 뛰어들었으니 당연하지 않을까 싶기도', '', '', '야채과일 비싸고 가족수에 비해  양이 넘 많아요 적은양 다양하게 살수있도록 포장단위바꾸세요 역삼이마트 바로옆 살고\n있는데 한살림 생협 가격경쟁 백전백패\n한우가격 겨울부터 정신차려서 일주일\n두번 고기사러가는데 과일야채절대 안사고 한우는 만족 수산물은신선도 만족하나가격 시장조사좀 해보세요 ㅉㅉ\n직원 아주머니들 불친절 말할필요없고\n동네단골이니까 나한테는 그나마\n돼지고기 질안좋은건 동네 주부들 익히 알고있어요 똑같은 물건 비싼가격 눈감고도 쇼핑할정도 바로옆이니까 이용', '원주 이마트 주차장 너무 위험해 보여서 안감.\n직원들도 불친절.', '', '건물이구림', '인천 이마트자리 롯데한테 뺏긴게 큰 부담일듯', '자주 상품위치가 바뀌고 해서 불편함', '', '', '비싸요..', '', '무디스 강등', '나라가 망조가 들고있다..문가쉬엣끼는 대갈통에 북한밖에 없고 경제는 조져놓고 있다..']",http://www.notepet.co.kr/news/article/article_view/?idx=15572&groupCode=AB120AD120,https://n.news.naver.com/mnews/article/011/0003555946?sid=101
2019.05.20.,쿠키뉴스,,"SSG닷컴 ""어린이날 기간 반려동물 매출 107% 증가""",,,http://www.kukinews.com/news/article.html?no=660952,http://www.newsis.com
2019.05.22.,파이낸스투데이,경제,"이지요가ㆍ로나제인, SSG닷컴과 요가복ㆍ레깅스 등 'Brand Week Sale' 행사","[     【서울=뉴시스】손정빈 기자 = ""'가정의 달'이라고 해서 꼭 가족만을 위해 돈과 시간을 써야 하는 건 아니라는 생각이 들더라고요. 생일을 빼면 날 위해서 선물을 사는 날은 없다는 생각이 들었어요. 저도 가족 구성원이니까, 5월엔 저를 위한 쇼핑을 좀 했죠.""직장인 서정훈(34)씨는 지난 주말 교외의 프리미엄 아울렛에 가서 쇼핑을 했다. 다가오는 여름에 입을 만한 옷이 없기도 했지만, 어린이날·어버이날을 맞아 조카와 부모님에게 선물을 하고 나니 내게도 뭔가를 해주고 싶다는 생각이 들었다.최근 젊은 세대를 중심으로 5월 가정의 달에 대한 생각이 변하고 있다. 얼마 전까지만 해도 가족을 위해 지출이 많은 시기라는 인식이 강했지만, '나도 가족 중 한 명'이라는 식으로 내가 나를 먼저 챙기겠다는 사람들이 빠르게 늘고 있다. 5월에 쇼핑 계획이 있는 사람 10명 중 8명은 나를 위한 소비 계획이 있다고 했다.16일 G마켓에 따르면 지난 7~12일 고객 1064명을 대상으로 설문조사 한 결과 82%(872명)가 '5월에는 내게도 특별한 선물을 하겠다'고 답했다. 5월 쇼핑 계획을 세운 이유에 관해서는 가장 많은 38%가 '가정의 달을 맞아 가족의 일원인 나 자신도 함께 챙기고 싶다'고 했다. 27%는 '1년의 절반 가량 수고한 나를 위한 선물'이라고 했고, 13%는 '여름 휴가 대비', 8%는 '쇼핑을 부추기는 날씨'라고 했다.소비 품목으로는 '패션·의류'가 26%로 가장 많았다. 취미용품(19%), 디지털·가전 제품(18%), 음식(16%), '여행'(12%)이 뒤를 이었다. '얼마까지 나를 위해 돈을 쓸 수 있나'라는 물음에는 32%가 10만~30만원을 택했다. 30만~50만원 11%, 50만~100만원 10%, 100만원 이상도 6%였다.이처럼 나를 위한 소비 패턴은 이른바 '스몰 럭셔리'(small luxury) 현상에서도 찾을 수 있다. 스몰 럭셔리란 적은 돈으로 명품 브랜드 제품을 즐기는 걸 뜻한다. 큰 비용이 들어가는 핸드백 등이 아닌 상대적으로 저렴한 화장품·향수 등을 산다는 것이다. 이 같은 쇼핑 방식 또한 철저히 '자기 만족'을 추구하는 행태라는 측면에서 흔히 나를 위해 돈을 쓰는 데 주저하지 않는 젊은 세대의 소비 트렌드로 분석된다.SSG닷컴(쓱닷컴)에 따르면 지난 3년 간 뷰티 관련 상품의 매출을 분석한 결과, 명품 화장품 비중이 2016년 25%에서 지난해 35%까지 증가했다. 판매량은 2016년부터 매년 15%씩 성장했다. 특히 지난해엔 20% 가까이 늘어난 것으로 집계됐다. 립스틱·파운데이션·아이섀도우 등 10만원 내외로 구매 가능한 대표적인 스몰 럭셔리 제품이 가장 많이 팔렸다.jb@newsis.com▶ 네이버에서 뉴시스 채널 구독하기▶ 뉴시스 빅데이터 MSI 주가시세표 바로가기 &lt;저작권자ⓒ 공감언론 뉴시스통신사. 무단전재-재배포 금지.&gt;   ]",[],http://www.fntoday.co.kr/news/articleView.html?idxno=188919,https://n.news.naver.com/mnews/article/003/0009232889?sid=101
2019.05.24.,비즈니스포스트,,"""이마트 주식 긴호흡으로 봐야"", 트레이더스와 쓱닷컴 기대는 유효",,,http://www.businesspost.co.kr/BP?command=article_view&num=127686,http://www.etoday.co.kr
25면 4단,싱글리스트,,"최지우, 200여명 팬만나다...보미라이 SSG닷컴 입점기념 '미니토크쇼' 성료",,,http://www.slist.kr/news/articleView.html?idxno=82896,http://www.seoulfn.com/
13면 1단,프라임경제,,"SSG닷컴, 일본 패션브랜드 '온워드 카시야마' 전문관 론칭",,,http://www.newsprime.co.kr/news/article.html?no=458796,http://www.ekn.kr
2019.05.19.,뉴데일리,,“신세계 프리미엄 아울렛 상품을 온라인에서”… SSG에 입점,,,http://biz.newdaily.co.kr/site/data/html/2019/05/07/2019050700015.html,http://www.sedaily.com
2019.05.19.,노트펫,경제,"SSG닷컴, 5월 '개린이날' 맞아 반려동물용품 매출 늘어","[     [서울경제] 이번 주에는 정부의 3기 신도시 개발 및 GTX(수도권광역급행철도) 사업 수혜가 기대되는 건설 관련주인 HDC현대산업개발(294870)과 쌍용양회(003410)가 추천주로 제시됐다. 하나금융투자는 HDC현대산업개발을 추천하면서 자체사업에 따른 분양 물량이 올해 5,600가구, 2020년 1만 가구로 이익 모멘텀이 발생할 것이라고 전망했다. 쌍용양회 역시 대형 개발 사업 추진에 따른 시멘트 출하량 증가가 기대된다. 유안타증권(003470)은 이와 함께 시멘트 판가 인상 수혜 및 연 6% 수준의 높은 배당 수익률도 쌍용양회의 추천 이유로 제시했다. 중국발 수혜가 기대되는 종목인 호텔신라(008770)와 LG화학(051910)도 추천주 목록에 포함됐다. 하나금융투자는 호텔신라에 대해 1·4분기 영업이익이 컨센서스를 큰 폭으로 넘어선 어닝 서프라이즈를 기록했다고 평가하면서 중국 등 해외에서 국내로 유입되는 인바운드 패키지 관광객 수 회복 시 추가적인 실적 모멘텀이 가능할 것으로 예상했다. LG화학은 자동차·가전 분야의 중국 정부 경기 부양 정책 효과에 힘입은 석유화학 부문 실적 개선이 기대된다. 이와 함께 유안타증권은 실적 악화의 원인이 됐던 ESS(에너지저장시스템) 화재 리스크가 오는 6월 예정된 민간조사단 조사 결과 발표를 계기로 해소될 것으로 기대했다. KB증권은 ‘디스커버리’, ‘MLB’ 등의 브랜드로 잘 알려진 F&amp;F(007700)에 대해 중국 등 해외 사업 확장에 따른 성장이 기대되고 브랜드 포트폴리오 다각화에 주목할 필요가 있다고 평가했다. SK증권(001510)은 최근 하락세를 보인 이마트(139480), 기아차(000270)를 추천했다. 이마트에 대해서는 상반기 펀더멘털 악화가 주가에 미리 반영됐다고 진단하면서 중기 관점에서 창고형 할인점 트레이더스의 시장 지위 강화가 긍정적이라고 평가했다. SSG닷컴의 최고기술책임자·최고재무책임자 선임 및 플랫폼 방향성 구체화, 사업 목표 및 계획 발표가 모멘텀으로 작용할 것으로 예상했다. 지난 달 말 4만 6,300원을 정점으로 이달 들어 하락세를 보이고 있는 기아차에 대해서는 최근 하락에 따른 저가 메리트가 발생했고 원화 약세에 따라 수출에 우호적인 환경이 조성됐다고 평가했다. 미국에서 최근 출시한 신형 스포츠유틸리티차량(SUV) 텔룰라이드의 성공적인 판매도 추천 이유로 함께 제시했다. /박경훈기자 socool@sedaily.com[서울경제 바로가기]▶ 텔레그램으로 서울경제 구독하기  | ▶ 네이버TV로 서울경제썸 구독하기▶ 네이버 메인에서 'No. 1 뉴스' 서울경제를 만나보세요저작권자 ⓒ 서울경제, 무단 전재 및 재배포 금지   ]","['건설사  현대, 삼성은 그만 그만\n건설사도 변화가 필요함', '']",http://www.notepet.co.kr/news/article/article_view/?idx=15572&groupCode=AB120AD120,https://n.news.naver.com/mnews/article/011/0003556322?sid=101
2019-05-17 17:31:06,아시아타임즈,,"SSG페이, SSG닷컴 인기상품 최대 50% 페이백",,,http://www.asiatime.co.kr/news/articleView.html?idxno=245086,http://www.fnnews.com/
2019-05-16 09:31:12,쿠키뉴스,경제,"SSG닷컴 ""어린이날 기간 반려동물 매출 107% 증가""","[ 코스피 2000선 밑돌면 분할매수 바람직                       이번주 국내 증시는 변동성이 확대될 전망이다. 미국과 중국간 무역협상이 별다른 소득없이 마무리됐기 때문이다. 다만, 협상의 여지가 남아있다는 점에서 추가 하락에는 제한적일 것이라는 분석도 있다. 코스피지수가 2000선을 하회할 경우 분할매수가 바람직하다는 의견이 나온다. 12일 증권가에서는 이번주 코스피지수가 2050~2170에서 등락할 것으로 내다보고 있다.■불확실성 해소(?)...분할매수 전략핵심 변수는 미국과 중국 간의 무역전쟁 여파다. 미국은 지난 10일 오전 12시 1분(현지시간)을 기점으로 2000억달러 규모의 중국 제품에 대한 관세를 10%에서 25%로 인상했다.이에 따라 증시 불안이 지속될 전망이다. 관세 부담으로 중국 교역량이 감소할 경우 중국 중간재 수출 비중이 상당한 한국의 타격은 불가피하다. 특히 중국의 지난달 수출이 시장 기대치를 밑돈 것을 볼 때 무역 분쟁이 실제 중국 경제에 악영향을 주고 있는 것으로 나타났다. 무역협상이 아직 완전히 무산되지 않았다는 점에서 저점 매수 전략도 필요하다는 의견이다. 주중 큰 낙폭을 기록했던 미국 뉴욕 증시도 10일(현지시간) 0.08~0.44% 가량 오르면서 긍정적인 시각을 반영했다.김병연 NH투자증권 연구원은 ""관세 부과가 현실화되면 경기 침체 공포 확산, 민간 소비와 기업 투자 위축, 물가 상승 우려 확대로 주식시장 하락이 예상된다""며 ""다만 반대급부로 제롬 파월 미국 연방준비제도(Fed) 의장의 스탠스 변화 및 금리인하 기대감은 확대될 전망""이라고 말했다. 이어 ""무역협상 불협화음에도 지난해와 양상이 다른 점은 통화정책의 유연한 변화 가능성""이라며 ""주식시장 급락시 반등 시점은 밸류 지지력보다는 통화정책 변화 가시화 시점일 가능성이 높다""고 설명했다.무역분쟁이 하반기까지 장기화될 가능성은 낮다는 전망도 있다. 김영환 KB증권 연구원은 ""중장기적으로 대응해야 하는 투자자들은 이 조정을 매수 기회로 삼는 편이 옳다""며 ""작년 2월과 6월 관세 이슈가 불거진 시기의 코스피 조정 폭은 각각 9% 였는데 이번에도 이를 조정하면 2050포인트로 2100 이하에서는 분할매수 대응이 필요하다""고 말했다.■증권사, 성장주 추천증권사들은 성장주를 중심으로 추천했다. 먼저 하나금융투자는 KT&amp;G와 한화케미칼, 유바이로직스 등을 꼽았다. KT&amp;G는 궐련형 전자담배 매출 비중 확대가 기대되서다. 한화케미칼은 태양광 사업 영업이익이 전사 이익 절반 수준으로 밸류에이션이 개선될 것으로 전망되고 있다. 유바이오로직스는 면역증강기술 EcML 개발 성공으로 라이센스 아웃이 기대되고 있다.KB증권은 하나금융지주와 카카오, 한솔케미칼을 추천목록에 올렸다. 하나금융지주는 높은 시가배당률 대비 낮은 밸류에이션으로 저평가 상태다. 카카오는 카카오톡 채팅창 목록에 노출되는 비즈보드 광고상품이 새롭게 공개되면서 매출액 증가에 기여할 것으로 예상된다. 한솔케미칼은 삼성전자 비메모리 케파 확대에 따른 수혜가 기대되고 있다.SK증권은 이마트와 한국타이어, 서진시스템을 내세웠다. 이마트는 트레이더스와 SSG닷컴이 신성장동력의 입지를 공고히 하는 가운데 자회사인 이마트24와 프라퍼티의 장기적 모멘텀 역시 여전하다는 것. 한국타이어는 원달러 약세에 따른 수혜가 기대된다. 서진시스템은 올해 자동차 부품·전기차(전기모터사이클) 배터리 함체 등 기타 부문 매출 성장이 예상된다.kjw@fnnews.com 강재웅 기자     ▶ 헉! 소리나는 스!토리 뉴스 [헉스]▶ 클릭해, 뉴스 들어간다 [뉴스쿨] ▶ 세상에 이런일이 [fn파스]  ※ 저작권자 ⓒ 파이낸셜뉴스. 무단 전재-재배포 금지   ]","['ㅋㅋ 하락장에 이런 것 좀 추천하지 마라. 증권사 너희들이 4월 한 달 동안 코스피 팔아 먹은 게 외인보다 월등히 많은데 이런 장에서 개미들한테 추천하는 건 결국에 공매도만 더 칠 테니 들어와주세요 하고 홍보하는 꼴밖에 더 되냐? 인터넷 뉴스들 보면 죄다 외인이 팔아서 주가가 내렸느니 뭐네 하는데너희들 기사는 하나도 없더라. 양심적으로 인간이라면 최소한 공매도 시스템에 대해서 직접 나서서 비판도 할 줄 알아야 하는 거 아니냐? 자기들 배부르니까 아주 인터넷 기자 꼬셔서 개미들 바글바글하게 만들고', '이번쥬 목표치 추천쥬 이딴거  전망하지마라.\n맞추지도 몬할바엔~~', '앞으로 지수 50 더 빠진 다 고 하네 주식은 하 지 말 아 야 됨  사기 공갈 개판 도박', '추천종목은  절대사지마라\n샀다가 ㅡ10프로다\nㅅㄹㄱ들', '한화케미칼 ㅋㅋㅋㅋ\n 그것도 회사라고 \n 증권사 누가 시켰나', '공매도폐지 공략 나오면 누구를 막론하고 무조건 찍는다.', '', '트럼프와는 협상이 안되지\n트럼프는 일방적으로 요구하는거 외에 협상이 안돼 애초부터 협상이란 용어가 안맞지\n트럼프자체가 폭탄이지', '공매없에라고 종구야~\n공매폐지 공약할 놈이하나도없냐~\n개한민국 증시  낼부터 디졋네~\n트럼 주둥이  돼지 고집에~\n개작살나는거지~\nB2  죽음의백조 출격해라 ㅅㅂ', '', '개미는 하락장에 공매도도 못치니, 주식 전부 팔기전에는 떨어질때 피할 방법이 없네. \n개미들 전부 팔기 시작하면 대한민국 증시는 10% 이상 폭락할께 뻔하다... 예전 답습효과로\n급락해도 다시 반등 한다고 ?   나부터도 주식 전부 팔까 고민중이다. 예전 리만사태때도 \n홀딩했는데, 문정부 하는꼴을 보니 앞으로 2년이상 죽쓸듯...', '재벌 대기업주와 그 계열사 그리고 일부 공기업주들도 슬슬 52주 신저가 종목들이 나타나고 있다.이쯤되면 과거 군사정권때 같으면 회사에서 나서서 주가 안정책으로 자사주 매입을 발표하곤 했었는데 문씨정권 들어서는 그러한 기업들을 거의 찿아보기 힘들다.특히 1천조 유동자금을 쌓아놓고 있다는 전경련 소속 재벌 대기업들도 나몰라라 하고있으며 오히려 증권주 같은 저가 대중주는 사측이 대차 공매도로 추가 하락을 부추기고 있다. 이뜻은 뭐냐? 재벌들이 문씨와 민주당을 엿먹이기 위해 부폐관료 찌라시들과 손잡고 조직적으로 증시를 개판내고 있다는 거다', '바닥찍은거 같은데', '사란다고 사면 호구', '마 주가 하락 당연시 하지 마라. 오르면 책임질거냐 난 오른다고 본다 어디서 약을 팔아 싸게 주워먹으려고', '이쉐퀴들 추천주는 쳐다보지도말아야함..지들이 비싸게 팔려고 추천하는거임.', '우리는 이걸 믿을까요?', '또람프는 처음부터 협상할 생각이 없다는게 이번에 밝혀진거지..\n지난번 하노이에서도 정은이 열받아 가버렸지.\n목표는 단 하나 자신의 힘을 과시 하기위한 쇼이지,\n문제는 힘의 균형이 깨져 버리면 쥐도 고양이를 문다는 거지.', ""제 투자철학하나 공개할게요. 보유종목이 하락하잖아요? 그럼 이유를 보세요. 대외변수로 하락했다면 추매, 종목악재로 하락했으면 매도를 합니다. 내실이 좋은 기업기준, 대외변수로 하락한건 주가가 다시 회귀하더라구요. 이걸 여의도에서 배웠는데요. 투자에 도움이 필요하시면 여의도전문가가 만든 재능기부방에서 정보를 받아가세요. 교육도 하고, 종목도 알려드리고, 종목상담도 해주는데 투자에 큰 도움이 되실겁니다. 카톡-오픈채팅-'경제대장' 검색 후 입장하시면 되며, 모두 성투하시길 바랍니다."", '', '이번주 관망하라고 분명히 말씀드렸습니다 섣불리 투자하지 마시길 바랍니다', '언제까지 남탓만 할건가?', '', '작년에도 2200이 저점이니 깨지니21150 210깨지니 2000아래는 없다고 2000아래가니 1950아래는 없다고\n1900가니 ㅋㅋㅋ', '이번주도 관망입니다', '', '뒤통수.. 올려놓으면 개미들 언제 그랬냐는 듯이 매수 들어 옴.\n항상 개미는 공포에 팔고 탐욕(고점)매수...', '2000선 밑돌면 분할매수 바람직이라고? 장담하는데 2000밑으로 못간다.\n절대로 갈래야 갈수가없다. 한번갔던곳은 다시 안가는데 주식시장이다. 실적불확실성에 대한 계산이 이미 끝난시점에서  2000밑은 너무나도 가격메리트가 있는구간이기때문에 갈수가없다', '', '', '']",http://www.kukinews.com/news/article.html?no=660952,https://n.news.naver.com/mnews/article/014/0004226271?sid=101
2019-05-19 17:11:01,로이슈,,"보미라이, SSG닷컴 입점기념 ‘최지우의 뷰티톡톡’ 개최",,,http://www.lawissue.co.kr/view.php?ud=201905130856518136204ead0791_12,http://www.edaily.co.kr/
2019-05-12 16:16:07,파이낸스투데이,경제,"이지요가ㆍ로나제인, SSG닷컴과 요가복ㆍ레깅스 등 'Brand Week Sale' 행사","[     [이데일리 김성훈 기자] 국내 기업들의 1분기(1~3월) 실적 발표가 마무리 단계로 접어든 가운데 실적 등 밸류에이션(기업가치) 개선 가능성이 점쳐지는 종목에 대한 증권사들의 추천이 이어졌다. 19일 금융투자업계에 따르면 SK증권은 이마트(139480)를 눈여겨봐야 할 종목으로 추천했다. SK증권은 “상반기 펀더멘털 악화는 주가에 선반영된 측면이 있다”며 “트레이더스의 시장지위 강화가 긍정적인데다 향후 SSG닷컴 최고기술책임자(CTO)와 최고재무책임자(CFO) 선임 및 플랫폼 방향성이 구체화 됐다는 점이 모멘텀으로 작용할 것”이라고 설명했다. 미국에서 텔룰라이드 판매 호조를 보이는 기아차(000270)도 추천 종목에 이름을 올렸다. SK증권은 “최근 낙폭으로 저가 메리트가 발생했고 원화 약세 환경이라는 점도 수출 비중이 높은 기아차에 우호적이다”며 “텔룰라이드 판매 호조로 미국 재고가 빠르게 소진되면서 인센티브도 추가 하락할 전망이다”고 내다봤다. 정부가 비메모리 반도체 사업 집중 육성 계획을 밝힘에 따라 삼성전자 수혜주(株)도 주목을 받고 있다. KB증권은 “한솔케미칼이 삼성전자 비메모리 생산능력(capa) 확대로 수혜가 전망된다”며 “향후 차세대 배터리 소재 시장 진입 가능성, 퀀텀닷 소재 수요 확대 업사이드 역시 기대 요소”라고 말했다. SK증권은 코스닥 업체인 서진시스템(178320)에 대해 “5G 상용화 속도전에 따른 가장 큰 수혜입을 것으로 전망한다”며 “올해 자동차 부품 및 전기차 배터리 함체 등 기타 부문의 매출 성장도 기대된다”고 덧붙였다. 1분기 시장 예상치(컨센서스)를 웃도는 실적을 기록하면서 향후 견조한 매출 증가 기대감을 키운 종목에 대한 긍정적 평가도 이어졌다. 하나금융투자는 호텔신라(008770)에 대해 “1분기 영업이익이 컨센서스를 크게 웃도는 어닝서프라이즈를 시현했다”며 “중국 인바운드 패키지가 회복할 경우 추가적인 실적 모멘텀도 가능하다”고 분석했다. 하나금투는 HDC현대산업개발(294870)도 추천종목으로 꼽으며 “3기 신도시 및 GTX 개발에 따른 수혜가 기대된다”며 “자체사업을 통해 올해 5600가구, 이듬해인 2020년 1만가구로 이익 모멘텀이 발생할 것이다”고 내다봤다. 유안타증권은 드림텍(192650)과 쌍용양회(003410), LG화학(051910)을 추천했다. 드림텍은 헬스케어산업의 밸류에이션 상승에 대한 기대감, 썅용양회는 정부의 건설투자 기조에 따른 시멘트 출하량 증가, LG화학은 중국 내 가전제품 부양 효과가 기대된다고 덧붙였다.이밖에 코스닥 시장에서는 동성화인텍(033500)이 추천 종목에 이름을 올렸다. 하나금투는 동성화인텍에 대해 “LNG시황 호조 및 LNG선 수주 계약량 증가 지속할 것이다”며 “LNG선 투자가 증가할수록 보냉재 사업부가 부각될 것으로 전망한다”고 말했다.김성훈 (sk4he@edaily.co.kr)네이버 홈에서 ‘이데일리’ 뉴스 [구독하기▶]꿀잼가득 [영상보기▶] , 청춘뉘우스~ [스냅타임▶]＜ⓒ종합 경제정보 미디어 이데일리 - 무단전재 &amp; 재배포 금지＞ ]","['진짜 하나같이 안사고 싶은 것만 나열하는 거두 재주다 재주야..', '사면 안되는 것들만 나열했네...\n진짜 대단하다...', '저 종목들 관심종목에서 바로 빼야겠네요. 감사합니다.', 'ㅋㅋ 물량 넘기기 ㅋㅋ 마니들 사쇼', 'F&amp;F ㅋㅋ 오를때로 올랏는데 ㅋㅋㅋ 이새키들 진짜 물량 고점에서 넘길려고 ㅋㅋㅋㅋㅋㅋ', '', '', '이데일리 불매해야겟네... 기사 점검도 안하고 올리나?\n어케 나만도 못하냐 주식보는눈이...ㅎㅎㅎ', '아즈매 아즈씨들은 저거보고 바로 매수하겠지 ㄷ ㄷ \n\n어휴, 사면 안되는 것들만 모아놧네', '공매도땜시 주식안합니다.\n정상이 아니라.', '진짜 저 주식은 거르는게 답일듯', '', '내꺼 안들어가서 행복', '이시키들 물릴 것만 추천했네~이러니 순수한 개미들만 물리지~나쁜 시키들~', '지금 전문가도 대부분 손실 나는 상황에서? 굳이 주식을 사야함? 환율 1200원돌파 담달 관세 부과 결과보고 주식 변동성이 커질텐데 ㅡㅡ?', '', '진짜 욕나오는 기사..', '언제까지 그라구 살래.. 서진시그템 등등 전부 총알받이 거나 비젼없눈 ... 씨방 하나듬융을 왜사..', '', '빨갱이정권에서 추천은 의미 어업다 갱제는 폭삭 정은이 똥꼬 빠느라 정신나간 어벙아']",http://www.fntoday.co.kr/news/articleView.html?idxno=188919,https://n.news.naver.com/mnews/article/018/0004382173?sid=101
2019-05-19 11:41:02,비즈니스포스트,,"""이마트 주식 긴호흡으로 봐야"", 트레이더스와 쓱닷컴 기대는 유효",,,http://www.businesspost.co.kr/BP?command=article_view&num=127686,http://www.ajunews.com
2019.05.18.,싱글리스트,,"최지우, 200여명 팬만나다...보미라이 SSG닷컴 입점기념 '미니토크쇼' 성료",,,http://www.slist.kr/news/articleView.html?idxno=82896,http://www.edaily.co.kr/
2019.05.17.,스포츠조선,경제,"보미라이, SSG닷컴 입점기념 ‘최지우의 뷰티톡톡’ 개최","[    [이데일리 이후섭 기자]◇코스피△이마트(139480) -상반기 펀더멘털 악화는 주가에 선반영…중기 관점 트레이더스의 시장지위 강화 긍정적이며 향후 SSG닷컴 최고기술책임자(CTO)·최고재무책임자(CFO) 선임 및 플랫폼 방향성 구체화, 사업목표 및 계획 발표가 모멘텀으로 작용할 전망-영업가치 7조원, 투자자산가치 2조9000억원 반영해 산출한 목표주가 24만5000원…업종 내 밸류에이션 매력도 가장 높아△기아차(000270) -최근 낙폭으로 인한 저가 메리트 발생, 원화 약세 환경이라는 점도 수출비중이 높은 기아차에 우호적-미국에서 텔룰라이드 성공적 판매, 미국 재고도 빠르게 소진됨에 따라 인센티브도 추가 하락할 전망◇코스닥△서진시스템(178320) -글로벌 5세대(5G) 이동통신서비스 상용화 속도전에 따른 가장 큰 수혜입을 것으로 전망-서진시스템은 커버리지 확대에 필요한 기지국과 5G 디바이스 모두 생산하는 기업 -올해 자동차 부품 및 전기차 배터리 함체 등 기타 부문의 매출 성장도 기대이후섭 (dlgntjq@edaily.co.kr)네이버 홈에서 ‘이데일리’ 뉴스 [구독하기▶]꿀잼가득 [영상보기▶] , 청춘뉘우스~ [스냅타임▶]＜ⓒ종합 경제정보 미디어 이데일리 - 무단전재 &amp; 재배포 금지＞ ]","['이마트는개미무덤 주구장창 추천', '남~ 걱정하지말고^\n니들 ""SK증권""주.  잘 분석하고\n관리해라^^^\n지금 이 순간 얼마나 많은 일반주주\n들이 고통 받고있는지 니네들 알이^', '이마트를  3주전부터 꾸준히 추천하는\n이유가 무엇인지 일시적인 반등?  설마 ᆢ', '아니 중국 미국 자동차 판매도 마이너스가 그 호황이라던 인도에서조차 판매대수가 줄고 있는데 무역전쟁중에 기아차를 지금 사라고요? 중국이 한국와서 이마트 제품을 사줘야 하는데 내수경기부진에 위안화도 급락중인데 ㅡㅡ 먼 정신으로 추천하시나요']",http://sports.chosun.com/news/ntype.htm?id=201905150100103840006920&servicedate=20190514,https://n.news.naver.com/mnews/article/018/0004381665?sid=101
2019.05.28.,스마트경제,,"신세계사이먼, SSG.COM 입점…""아울렛도 내 손안에""",,,http://www.dailysmart.co.kr/news/articleView.html?idxno=10314,http://www.wowtv.co.kr/
2019.05.13.,에너지경제,,"SSG닷컴, 어린이날 기간 반려동물 매출 쑥쑥","[ [한국경제TV 이민재 기자]    SK증권이 17일 이마트에 대해 예상 치보다 악화되었던 영업이익 훼손으로 추가 낙폭 시현 중이라고 설명했습니다.투자의견은 매수, 목표주가는 24만5천원을 유지했습니다.조용선 SK증권 연구원은 ""모멘텀 재구축을 위한 시간이 소요돼 '긴 호흡으로 주시' 할 필요성이 있다""며 ""홀세일 클럽의 다크호스, 트레이더스는 20% 견조한 매출성장세를 시현하고 있다""고 강조했습니다.이어 ""절대적 비중의 할인점이 37.9% 감익했고, 공격적 확장 중인 전문점은 매출액 46% 고성장했으나 영업적자 227 억 원 기록했다""며 ""SSG닷컴 역시 총상품판매액(GMV) 6,528 억원, 영업적자 108 억 원 인식되며 당분기 연결 이익훼손에 대내외 복합적 요소로 작용했다""고 분석했습니다.조 연구원은 ""할인점 부진은 구조적 요인으로 인식돼 향후 점포 효율화 기조 강화될 것이고 여타 부문의 수익성 둔화 혹은 이익훼손은 신 성장을 위한 동력 확보 관점에서 긍정적""이라며 ""밸류에이션 역사적 하단, 긴 호흡으로 주시할 때 기회가 찾아올 것""이라고 설명했습니다.이민재기자 tobemj@wowtv.co.kr▶ 네이버 홈에서 [한국경제TV] 채널 구독하기 [생방송보기]▶ 대한민국 재테크 총집결! - [증권 / 주식상담 / 부동산]ⓒ 한국경제TV, 무단 전재 및 재배포 금지   ]",[],http://www.ekn.kr/news/article.html?no=431104,https://n.news.naver.com/mnews/article/215/0000772253?sid=004
21면 TOP,파이낸스투데이,,"이지요가ㆍ로나제인, SSG닷컴과 요가복ㆍ레깅스 등 'Brand Week Sale' 행사",,,http://www.fntoday.co.kr/news/articleView.html?idxno=188919,https://www.asiae.co.kr/
2019.05.13.,EBN,경제,"SSG닷컴, 日 패션브랜드 '온워드 카시야마' 전문관 연다","[     [아시아경제 이지은 기자] 6월 첫 휴일, 전국 아울렛에서 대규모 세일 행사가 동시에 진행된다. 롯데는 물론 신세계, 현대아울렛에서도 기본 할인에 더해 최대 30%의 추가할인을 제공하며 소비심리 활성화에 나선다. 28일 유통업계에 따르면 롯데아울렛은 이달 31일부터 내달 2일까지 '아울렛츠고' 행사를 열고 상반기 결산 할인을 진행한다. 상시할인율이 적용된 가격에 추가적으로 최대 30% 할인된 가격으로 상품을 만나 볼 수 있다. 여성 잡화 브랜드인 코치와 마이클코어스, 해외 패션 브랜드인 나이키와 톰보이 등 고객 선호도가 높은 브랜드 등 아울렛 안에 입점해 있는 브랜드의 86%에 달하는 400여개의 브랜드가 제공하는 특별한 할인 혜택들을 만나볼 수 있다. 프리미엄아울렛 기흥점과 광명점에서는 디스커버리 키즈 다운을 9만9500원에, 롱다운을 19만5000원에 판매하며, 파주점과 기흥점에서는 골든듀를 최대 60% 할인된 가격에 판매한다.     신세계사이먼도 내달 1~2일 양일간 여주, 파주, 시흥, 부산 프리미엄 아울렛에서 '수퍼 세일'을 개최한다. 프리미엄 아울렛을 대표하는 국내외 인기 브랜드가 참여해 연중 25~65% 할인하는 기존 아울렛 가격에서 최고 20% 추가 할인하는 파격적인 혜택을 제공한다. 구매 금액 별 사은 행사도 진행한다. 전 점에서 삼성 또는 KB국민카드로 100·200만원 이상 구매 시 신세계상품권을 각 5·10만원 선착순 증정한다. 또한, 쓱페이로 100·200만원 이상 결제 시 SSG MONEY를 각 1·2만원 증정한다.올해 처음으로 온라인 판매도 함께 진행된다. 이달 초 오픈한 쓱닷컴 프리미엄 아울렛 관에서도 파라점퍼스, 무스너클, MSGM, 아쉬, 나이스크랍, 에고이스트, 랩 등의 브랜드를 아울렛 가격에서 최고 20% 추가 할인한다.현대아울렛도 이달 31일부터 다음달 2일까지 3일간 전국 6개 전점에서 '슈퍼 위켄드'를 진행한다. 행사 기간 동안 기존 아울렛 판매가격(최초 판매가 대비 30~70% 할인)에서 10~30% 추가 할인된 가격에 판매한다. 올해 행사에는 코치·몽블랑·아르마니·멀버리·골든구스 등 국내외 유명 브랜드를 포함해 지난해보다 30%이상 늘어난 총 140여 개 브랜드가 행사에 참여한다.현대프리미엄아울렛 김포점에서는 듀퐁 그룹 패밀리 세일과 빈폴 패밀리 세일을, 현대프리미엄아울렛 송도점에서는 '폴로 랄프로렌 패밀리 세일'과 '테팔 패밀리 세일'을 열고 각 브랜드 별로 이월 상품을 최초 판매가 대비 최대 70% 할인해 선보인다.이지은 기자 leezn@asiae.co.kr▶ 네이버에서 아시아경제를 쉽게 만나보세요▶ 경제 감각을 키우고 싶다면? ▶ 재미와 지식이 가득한 '과학을읽다'&lt;ⓒ경제를 보는 눈, 세계를 보는 창 아시아경제 무단전재 배포금지&gt;   ]",[],http://www.ebn.co.kr/news/view/983832,https://n.news.naver.com/mnews/article/277/0004474912?sid=101
2019.05.19.,비즈니스포스트,,"""이마트 주식 긴호흡으로 봐야"", 트레이더스와 쓱닷컴 기대는 유효",,,http://www.businesspost.co.kr/BP?command=article_view&num=127686,http://www.newsis.com
2019.05.15.,싱글리스트,경제,"최지우, 200여명 팬만나다...보미라이 SSG닷컴 입점기념 '미니토크쇼' 성료","[     (사진=롯데백화점 본점. 롯데쇼핑 제공)【서울=뉴시스】손정빈 기자 = e커머스 업체의 공격적인 마케팅과 쇼핑 트렌드의 급속한 온라인 전환에도 백화점은 여전히 경쟁력이 있는 것으로 나타났다. 올해 1분기(1~3월) 실적 발표를 한 롯데·신세계 백화점은 아주 만족할 만한 성적표를 손에 쥔 건 아니었지만, 여전한 경쟁력을 보여줬다는 평가다.e커머스 업체와 대형마트가 치열한 최저가 경쟁을 벌이고 있지만, 백화점의 경우 가격보다는 품질과 브랜드 가치, 한 발 더 나아가 가족 놀이 장소로 초점이 맞춰진 유통 채널이라는 점에서 강점이 있다는 분석이다.금융감독원 전자공시시스템에 올라온 실적 보고서에 따르면 롯데백화점은 올해 1분기 매출액 7720억원을 기록했다. 지난해 같은 기간(8220억원) 대비 6% 감소했다. 매출액은 줄었지만, 영업이익은 늘었다. 1분기 영업이익은 1590억원으로 전년 동기(1430억원) 대비 10.9% 상승했다.롯데백화점 매출액 감소에는 중국에 진출한 3개 지점이 영업 종료한 점이 영향을 줬다. 지난해 12월 텐진 등마로점을 시작으로 올해 3월에는 텐진 문화중심점과 웨이하이점이 차례로 문을 닫았다. 다만 중국 지점 구조조정을 통해 판관비를 줄이는 등 사업 효율화를 통해 오히려 영업이익은 올라갔다.이와 함께 지난해 1분기에는 평창동계올림픽으로 매출이 평년 대비 다소 높았다는 점을 고려할 때 나쁘지 않은 성적표라는게 업계 평가다.신세계백화점은 매출액(3750억원)과 영업이익(533억원)이 모두 감소했다. 매출액은 지난해 1분기보다 11.9% 줄었으며, 영업이익은 9.9% 감소했다.그러나 전문가들은 신세계백화점 실적을 부정적으로 보고 있지 않다. 올해 1월 인천점을 철수하면서 매출 공백이 생겼고, 온라인 일반 품목이 SSG닷컴(쓱닷컴)에 합병된 걸 감안하면 오히려 긍정적으로 볼 만한 여지도 있다는 것이다.현대백화점은 매출액은 늘었지만, 영업이익은 대폭 줄었다. 1분기 매출액은 5210억원으로 지난해 같은 기간(4519억원) 대비 15.3% 상승한 반면 영업이익은 750억원으로 전년 동기(1027억원) 대비 26.9% 감소했다.현대백화점 영업이익 감소에는 면세점 사업이 큰 영향을 준 것으로 분석된다. 실제로 백화점 사업만 보면 매출엔 큰 차이가 없었고 여업이익 감소도 크지 않았다. 그러나 면세점에서 영업손실이 200억원 이상 발생하면서 현대백화점 전체 영업이익 감소로 이어진 것으로 보인다.jb@newsis.com▶ 네이버에서 뉴시스 채널 구독하기▶ 뉴시스 빅데이터 MSI 주가시세표 바로가기 &lt;저작권자ⓒ 공감언론 뉴시스통신사. 무단전재-재배포 금지.&gt;   ]",[],http://www.slist.kr/news/articleView.html?idxno=82896,https://n.news.naver.com/mnews/article/003/0009226141?sid=101
A19면 1단,스포츠조선,,"보미라이, SSG닷컴 입점기념 ‘최지우의 뷰티톡톡’ 개최",,,http://sports.chosun.com/news/ntype.htm?id=201905150100103840006920&servicedate=20190514,http://www.sedaily.com
2019.05.16.,컨슈머타임스,경제,"쓱페이, 쓱닷컴 인기제품 선착순 특가…최대 50% 페이백 이벤트 실시","[ SSG, 명품화장품 비중 35%로 급증립스틱·섀도 등 색조 판매 크게 늘어패션에선 상대적 저렴한 속옷 치중'나를 위한 작은 사치품' 인기몰이[서울경제] ‘불황일수록 소비자들의 메이크업이 진해진다’. 가성비를 중시하는 소비 성향에 밀려 한동안 주춤했던 명품 화장품 수요가 다시 늘고 있다. 이 중에서도 립스틱이 가장 많이 팔리면서 일명 ‘립스틱 효과’가 증명됐다. 뿐만 아니라 겉옷에 대비 상대적으로 저렴한 속옷에 치중하는 등 ‘작은 사치’로 스스로를 위로할 수 있는 소비가 뜨고 있다. 16일 유통업계에 따르면 SSG닷컴은 지난 3년간 뷰티 상품 매출을 분석한 결과 명품 화장품 비중이 2016년 25%에서 2018년 35%까지 증가했다. 명품 화장품 판매량은 2016년부터 매년 15%씩 신장했고 지난해에는 20% 가까이 증가한 것으로 나타났다. 가장 많이 팔린 상품은 립스틱이었고 파운데이션과 아이섀도가 뒤를 이었다. SSG닷컴은 과도하게 비싸지 않은 물건에 자기만족을 위해 돈을 쓰는 ‘작은 사치’ 소비 경향이 화장품 시장에서도 나타나면서 평균 10만원 내외로 구매가 가능한 명품 화장품을 찾는 사람들이 늘어난 것으로 보고 있다. 립스틱 효과는 경기불황 시기에 나타나는 특이한 소비패턴이다. 립스틱 등 색조화장품의 판매 증가세가 눈에 띄게 가파르다. SSG닷컴 관계자는 “고객을 위해 가격 할인도 추구하지만 ‘중요한 상품을 구매할 때 믿고 살 수 있는 곳’이라는 인식을 줄 수 있도록 온라인 쇼핑의 격을 높여가겠다”고 말했다. 시장조사기관 유로모니터에 따르면 지난해 스킨케어 시장 규모는 전년 대비 0.7% 성장하는 데 그쳤지만 색조화장품 시장은 4.3%나 성장해 큰 격차를 보였다.헬스앤뷰티(H＆B) 스토어 랄라블라에 따르면 지난 1~4월 색조화장품 매출은 전년 동기 대비 23.8% 증가한 것으로 나타났다. 또 전체 매출에서 색조화장품이 차지하는 매출 비중이 36.8%인 것으로 집계됐다. 이는 작년 동기와 비교해 8.3% 늘어난 수치다. 색조화장품 중 적은 돈으로 화려한 분위기를 낼 수 있는 립스틱의 매출이 증가했다. 랄라블라 색조화장품 매출에서 립 제품이 차지하는 비중은 전년 동기와 비교해 19.3% 증가했다. 패션업계에서는 겉옷보다 저렴한 가격으로 만족감을 채울 수 있는 속옷이 소비자들의 지갑을 열고 있다. 예쁜 란제리 제품 등이 립스틱과 비슷한 작은 사치품으로 꼽힌다. 신세계 란제리숍 엘라코닉 관계자는 “다양한 브라렛 제품이 전년 동기 대비 상승세를 지속하고 있다”며 “겉치장 대신 자기만족을 중시하는 문화가 자리잡으면서 우아한 로브나 실크 나이트 가운 등 홈웨어나 라운지웨어 등도 인기를 끄는 추세”라고 설명했다./김보리기자 boris@sedaily.com[서울경제 바로가기]▶ 텔레그램으로 서울경제 구독하기  | ▶ 네이버TV로 서울경제썸 구독하기▶ 네이버 메인에서 'No. 1 뉴스' 서울경제를 만나보세요저작권자 ⓒ 서울경제, 무단 전재 및 재배포 금지   ]",[],http://www.cstimes.com/?mod=news&act=articleView&idxno=304397,https://n.news.naver.com/mnews/article/011/0003555345?sid=101
2019-05-18 12:16:02,뉴스웨이,,"이베스트투자증권 “신세계, SSG.컴 분사로 1분기 시장 기대치 상회”",,,http://www.newsway.co.kr/news/view?tp=1&ud=2019051308373251436,http://www.newsis.com
2019-05-17 09:06:16,공감신문,경제,"요가복·레깅스 브랜드 '이지요가·로나제인', SSG닷컴과 'Brand Week Sale' ...","[     【서울=뉴시스】류병화 기자 = KB증권은 13일 신세계(004170)에 대해 일부 면세점의 수익성 우려로 주가 횡보를 보이고 있지만 면세점 이익 기여도 증가로 기대감이 커질 것이라고 전망했다. 투자의견은 매수를 유지하고 목표주가는 41만원으로 5% 상향조정했다. 신세계의 올 1분기 매출은 전년 동기 대비 15% 증가한 2조3053억원이다. 영업이익은 3% 감소한 1100억원이며 순이익은 715% 늘어난 6858억원으로 집계됐다.박신애 KB증권 연구원은 ""인천점 영업종료와 온라인 내 위탁상품 매출이 SSG닷컴으로 이관해 백화점 총매출액과 영업이익은 각각 19%, 10% 하락했다""며 ""면세점은 명동점이 호조를 보였으나 강남점과 인천공항 제1여객터미널점이 영업적자를 보인 것으로 추정된다""고 설명했다.그는 ""백화점은 영업이익이 2%가량 감소하겠으나 면세점, 신세계인터내셔날 등의 영업이익이 큰폭으로 증가해 이익 성장을 견인할 것""이라고 전망했다.hwahwa@newsis.com▶ 네이버에서 뉴시스 채널 구독하기▶ 뉴시스 빅데이터 MSI 주가시세표 바로가기 &lt;저작권자ⓒ 공감언론 뉴시스통신사. 무단전재-재배포 금지.&gt;   ]",[],http://www.gokorea.kr/news/articleView.html?idxno=189942,https://n.news.naver.com/mnews/article/003/0009225630?sid=101
2019-05-28 11:00:00,뉴스웨이,,"이베스트투자증권 “신세계, SSG.컴 분사로 1분기 시장 기대치 상회”",,,http://www.newsway.co.kr/news/view?tp=1&ud=2019051308373251436,http://www.viva100.com
2019-05-13 11:16:48,공감신문,,"요가복·레깅스 브랜드 '이지요가·로나제인', SSG닷컴과 'Brand Week Sale' ...",,,http://www.gokorea.kr/news/articleView.html?idxno=189942,http://www.edaily.co.kr/
2019-05-16 17:26:10,매일경제,경제,`디지털 백화점` 신세계…AI 상담사 24시간 만난다,"[ 할인점 매출 부진에 어닝쇼크 빨간불온라인강화·창고형 할인점에 '승부수'    [이데일리 김성훈 기자] 일년 중에 ‘가장 달콤한 날’을 묻는다면 많은 사람들이 밸런타인데이(2월 14일)를 꼽을 것이다. 좋아하는 이에게 달콤함을 건네는 이날, 이마트(139480)는 어닝쇼크의 쓴맛을 경험해야 했다. 이마트의 지난해 4분기(10~12월) 연결기준 영업이익은 614억원으로 전년 동기 대비 58.9% 급감했다. 매출액은 4조2260억원으로 7.2% 늘었지만 당기순이익이 647억원으로 27.8% 줄었다. 할인점(이마트) 이익 감소에 편의점·호텔까지 줄줄이 적자를 기록한 영향이다.이마트는 29회 신용평가전문가설문(SRE:Survey of Credit Rating by edaily) 워스트레이팅(신용등급이 적정하지 않은 기업) 후보에 포함되자마자 전체 40개사 중 단숨에 14위에 이름을 올렸다. 크레딧 애널리스트 4명(7.8%)을 비롯해 이마트 등급이 내려가야 한다는 응답은 17표 중 16표(94.1%)에 달했다. 이마트 등급은 현재 ‘AA+(안정적)’이다.‘비가 와야 땅이 더 굳는다’고 생각할 법도 하지만 현실은 녹록지 않다. 롯데쇼핑에서 시작된 유통업 우려가 업계 1위 사업자인 이마트까지 번졌기 때문이다. 한 SRE 자문위원은 “온라인이 시장이 급속도로 성장하는 상황에서 어닝쇼크를 기록한 이마트에 대한 등급이 적당한지를 한 번쯤 진지하게 고민해 볼 시점”이라고 평가했다. 이마트는 2011년 5월 사업별 전문성 강화를 목적으로 신세계 대형마트 부문이 인적분할(분할비율 이마트:신세계=73.9:26.1)하면서 설립됐다. 전국 161개의 점포(지난해 말 기준) 가운데 89%인 143개 점포에서 이마트 전체 매출의 80%(영업이익 90%) 이상이 나온다. 할인점 매출이 전사 실적으로 직결되다 보니 할인점 매출이 꺾이면 회사 전체가 출렁인다고 해도 과언이 아니다. 실제로 지난해 4분기 이마트 매출은 4조2260억원으로 전 분기(4조7272억원) 대비 5012억원 감소했다. 같은 기간 할인점 매출이 3조6169억원에서 3조1358억원으로 4811억원 감소하면서 전체 매출 감소액의 96%를 차지했다.  신평사들도 부정적인 전망을 더하고 있다. 한국기업평가는 “선도업체로 환경변화에 대응하며 마진 하락을 점진적으로 제어해 왔다”면서도 “지난해부터 수익성이 크게 저하된데다 신세계와의 계열 시너지에 대한 불확실성이 커지고 있다”고 평가했다.한국신용평가도 “자체사업 경쟁력과 신규사업의 빠른 안정화가 수익성 하방압력을 완화할 것”이라면서도 “대형마트 부진과 가격경쟁, 온라인사업의 낮은 채산성으로 수익성 개선은 어려울 전망”이라고 예상했다.향후 전망이 어둡다는 소식이 잇따르면서 이마트의 신용등급을 조정해야 한다는 지적이 제기된다. 한 SRE 자문위원은 “이마트가 운영 중인 편의점 ‘이마트24’는 지난해 처음으로 매출 1조원을 넘었지만 적자 규모가 400억원에 육박한 점이 불안 요소”라며 “실적 반등 없이 현 등급(AA+) 유지는 힘들다고 봐야 한다”고 했다. 관건은 단 시간에 온라인 시장에서 얼마나 입지를 넓힐 수 있느냐다. ‘업계 1위’ 인프라와 자금력을 바탕으로 시장 점유율을 넓힐 것이라는 의견도 있지만 배송 서비스에 특화된 온라인 업체들이 쌓은 노하우가 만만치 않아 치열한 경쟁이 예상된다.  한 SRE 자문위원은 “이마트는 지난달 출범한 온라인 통합법인(SSG닷컴)과 창고형 할인마트인 트레이더스를 ‘제2의 이마트’로 육성하겠다는 계획을 내놨다”며 “쿠팡이나 마켓컬리 등 온라인 사업자들이 공격적으로 사업 영역을 확대하는 상황에서 온라인 통합법인과 트레이더스의 매출이 향후 이마트의 성패를 판가름할 것”이라고 전망했다. [이 기사는 이데일리가 제작한 29회 SRE(Survey of credit Rating by Edaily) 책자에 게재된 내용입니다.]김성훈 (sk4he@edaily.co.kr)네이버 홈에서 ‘이데일리’ 뉴스 [구독하기▶]꿀잼가득 [영상보기▶] , 청춘뉘우스~ [스냅타임▶]＜ⓒ종합 경제정보 미디어 이데일리 - 무단전재 &amp; 재배포 금지＞ ]","['이마트나 홈플러스 등 답 안나온다.  사람이 없어 텅텅빈다.  그나마 코스트코. 트레이더스는 좀 있고...\n\n쿠팡등 오늘 시키면 낼오고 더 다양하고 싼데 누가 이마트 갈까.. 클릭으로 주문하고 그시간에 다른거 하지', '최저 임금 직격탄', '', '', '딱봐도 최저  임금 도미노 때문이네', '최저임금 인상의 영향이 나타나기 시작하는거다.']",http://news.mk.co.kr/newsRead.php?year=2019&no=365165,https://n.news.naver.com/mnews/article/018/0004378044?sid=101
2019-05-13 08:51:01,뉴시스,,올여름 빛나는 입술 갖고 싶어? THREE 러쉬 펠루시드 립스틱,,,http://www.newsis.com/view/?id=NISX20190531_0000668609&cID=13001&pID=13000,http://www.mk.co.kr/
2019-05-15 06:38:04,매일경제언론사 선정,경제,신선배송 여름전쟁…작업장엔 한기 느껴졌다,"[ 日 `쓰리` 아키라 고고 대표론칭 10주년 한국 공식 진출국내 면세점 등서 높은 인기하반기엔 백화점 정식 매장     ""일상에 지친 현대인들에게는 휴식을 취하고 싶은 날도, 멋을 내고 싶은 날도 있습니다. '쓰리(THREE)'는 라이프스타일형 뷰티 브랜드입니다. 화장품을 통해 몸과 마음, 피부가 균형을 이루는 경험을 주고 싶습니다.""일본의 라이프스타일 코스메틱 브랜드 '쓰리'의 모회사 아크로사의 아키라 고고 대표(사진)는 최근 매일경제와 만나 이같이 밝혔다. 2009년 론칭한 '쓰리'는 J뷰티 업계의 신흥강자로 등극했으며, 마음·신체·피부의 유기적 관계에 주목한다는 독특한 콘셉트를 갖고 있다. 아키라 대표는 ""론칭 10년이 되는 해에 한국에 공식 진출하게 돼 매우 기쁘다""며 ""한국은 미의식이 굉장히 높은 나라로, 브랜드 론칭 이후 계속해서 진출을 꿈꿔왔던 곳""이라고 말했다. 쓰리는 케이엔비코스와 손잡고 지난해 4월 국내 롯데면세점에 첫 매장을 낸 뒤 현재까지 면세점 3개 매장을 운영하며 시장 테스트를 진행했다. 그 결과 소비자들의 긍정적인 반응을 확인했고, 올해 하반기에 한국 백화점에 공식 매장을 열기로 결정했다. 지난 4월에는 신세계 강남점에서 열흘간 팝업스토어를 진행해 데뷔 무대를 치렀다.'쓰리'의 브랜드 정체성은 제품군에서 확연히 드러난다. 아키라 대표는 ""그동안 많은 화장품 브랜드가 메이크업 전문과 스킨케어 전문 브랜드로 나뉘었는데 쓰리는 유기농 스킨케어 제품들과 메이크업 제품을 모두 선보이고 있다""며 ""두 가지의 전혀 다른 성향이 '쓰리'라는 브랜드 안에서 하나의 가치로 융합된다""고 강조했다. 메이크업과 스킨케어 등 모든 제품에는 쓰리만의 고유한 '에센셜 오일' 성분이 함유돼 있다. 아키라 대표는 ""일본의 유명 산지 20여 곳에서 에센셜 오일 추출에 필요한 식물들을 직접 공수해온다""며 ""고객들이 안심하고 우리 브랜드 제품을 사용할 수 있도록 모든 성분을 철저하게 검증하고 평가한다""고 전했다. 아키라 대표는 ""지속가능한 성장과 환경의 순환이 매우 중요하다고 생각한다""며 ""일본 지역의 소재를 사용함으로써 지역 발전에도 공헌하게 되는 선순환 구조""라고 말했다. '쓰리'는 최근 SSG닷컴에 론칭하자마자 완판을 이어가고 있다.'쓰리'의 레스토랑 '리바이브 키친' 메뉴도 한국에서 선보인다. 신세계 강남점에 위치한 '자주테이블'에서는 시그니처 파스타 메뉴를 만나볼 수 있다. 쌀로 만든 생면을 사용했으며 재료 본연의 식감을 살리는 데 집중했다. 남성 전용 서브 브랜드 '파이브이즘 바이 쓰리'도 한국에 론칭할 계획을 갖고 있다.  [김하경 기자]▶네이버 메인에서 '매일경제'를 받아보세요▶뉴스레터 '매콤달콤' 구독 ▶무궁무진한 프리미엄 읽을거리[ⓒ 매일경제 &amp; mk.co.kr, 무단전재 및 재배포 금지]   ]",['오 음식점을 하면서 화장품사업까지 한다면..\n일단 위생적인 부분에서 믿음은 가네요\n처음들어보는데 완판이라니 쓰리.. 관심가져봅니다'],http://news.mk.co.kr/newsRead.php?year=2019&no=367553,https://n.news.naver.com/mnews/article/009/0004349563?sid=101
2019-05-02 17:25:10,머니S,,맥주 8캔이 1만5000원?… 6월 토요일엔 '이마트24'로,,,http://moneys.mt.co.kr/news/mwView.php?no=2019053008528097918,http://www.edaily.co.kr/
2019-05-16 00:11:02,서울경제,경제,"[시그널] GIC, 이마트 지분 5.16% 취득","[ 온라인 시대 등장에 유통업체 수익성 적신호    1993년 11월 12일 서울 도봉구 창동에 문을 연 이마트 창동점의 당시 모습. (사진=이마트)[이데일리 김성훈 기자] 1993년은 대한민국에 있어 굵직한 사건이 줄 잇던 해다. 고(故) 김영삼 대통령이 취임하면서 32년 만에 문민(文民) 정부가 출범한 해이자 이른바 ‘금융혁명’으로 불리는 금융실명제가 시행된 첫해기도 하다. 개도국에서는 처음 열린 대전엑스포는 우리의 과학·문화사에 큰 획을 그은 것으로 평가를 받는다.그러나 무엇보다 대한민국 유통업계에서 1993년은 새로운 변화를 알린 한 해로 기억하고 있다. 그 해 11월 아시아 최초의 순수 자본 할인점인 ‘이마트’가 서울 지하철 4호선 창동역 앞에 문을 열고 첫 영업에 들어갔기 때문이다. 재래시장을 밀어내고 각 가정의 장바구니를 차지한 대형마트의 서막을 알린 시작이다. 경제성장과 함께 막 올린 대형마트 전성시대“신세계 백화점이 운영하는 국내최초 디스카운트 스토어인 이마트 1호점인 창동점이 창동역 앞에 12일 문을 연다.”지금으로부터 26년 전인 1993년 11월 한 일간지에 실린 기사다. 신세계백화점이 야심 차게 내놓은 할인점인 이마트가 창동역 앞에 문을 열고 영업에 나선 것이다. 같은 달 22일에는 경기도 성남시에 지하 1층~지상 8층 규모의 식료품 전문점과 의류할인점 등을 접목한 디스카운트 스토어를 1996년에 오픈할 것이라는 기사도 더해졌다. 대형마트의 출현은 국내 경제의 급성장과 궤를 같이한다. 해마다 나아지는 집안 사정에다 1기 신도시의 양대산맥이라 할 수 있는 분당신도시와 일산신도시 입주로 내 집 마련이 속속 이뤄지면서 대형마트 이용이 급격히 늘었다. 신도시 입주와 함께 찾아온 현대화 물결이 한 장소에서 편리하게 생필품을 구할 수 있는 대형마트 매출 급증으로 이어진 것이다.이마트는 해외 진출도 발 빠르게 움직였다. 1997년 2월 중국 상해 무역센터에 3800평(1만2561㎡) 규모의 중국 내 1호점인 이마트 상해점이 문을 열었다. 국내 할인점이 해외에 둥지를 튼 것은 이마트가 처음이었다. 이마트가 국내외 시장 점유율을 빠르게 키워나가자 ‘이거다’ 싶었던 경쟁 업체들도 너나없이 뛰어들었다. 1997년 대구 칠성점(現 대구점) 개장을 시작으로 홈플러스가 합류했고 이듬해인 1998년 강변역 테크노마트에 롯데마트 1호점이 문을 열면서 대형마트 전성시대가 활짝 열렸다. 대기업의 자본력을 바탕에 둔 대형마트가 몸집을 키워갈 무렵 재래시장과 자영업자의 설 곳은 점점 줄어들고 있었다. 1996년 1월 남대문 시장의 분위기를 전한 기사를 보면 다음과 같은 내용이 나온다. “유통시장의 양극화가 빠른 속도로 진행하고 있다. 할인마트 하루 매출이 평균 3~4억에 육박하면서 호황을 누리고 있다. 반면 재래시장 상인들은 하루 매출이 평균 30%가량 줄면서 한숨을 내쉬고 있다.” 이후 대형마트 내 품목 다양화와 경쟁 대형마트의 출현, 거기에 IMF 외환위기가 연달아 일어나면서 재래시장과 관련 자영업자들은 긴 침체터널로 접어든다.    장바구니 대신한 클릭…대형마트, 실적악화에 한숨강산이 두 번 바뀔 동안 승승장구하던 대형마트에 균열이 나타나기 시작한 것은 몇 해 전부터다. 10가구 중 3가구가 ‘1인 가구’인 시대가 도래하면서 온라인으로 생필품을 사는 비중이 급격히 늘어나기 시작한 것이다. 통계청이 발표한 ‘2018년 11월 온라인쇼핑 동향’을 보면 지난해 11월 온라인쇼핑 거래액은 10조6293억원으로 지난해 같은 기간보다 22.1%(1조9208억원) 늘었다. 1인 가구 증가로 가정 간편식 선호가 늘면서 △음·식료품(32.3%) △음식서비스(70.9%) 등에서 증가세가 두드러졌다. 클릭이 장바구니를 대신하면서 대형마트들의 성장세도 한풀 꺾인 모습이다. 한국신용평가(한신평)에 따르면 지난해 이마트와 롯데마트, 홈플러스 등 주요 대형마트 3사(社)의 합산 총매출은 전년보다 1.3% 줄고 영업이익률은 1.1%포인트 하락한 3.1%에 머물렀다. 온라인 채널 침투와 소비패턴 변화에 따른 경쟁력 약화로 구매 건수 감소를 반전할 성장 모멘텀이 없다는 전망이 더해졌다.새로운 시장 발굴을 위해 1조원대 부동산투자회사(REITs·리츠)를 추진하던 홈플러스가 올해 3월 상장을 철회하면서 분위기는 더욱 가라앉았다. 홈플러스 리츠 측은 “최종 공모가 확정을 위해 국내외 기관투자자를 대상으로 수요예측을 시행했지만 회사의 가치를 평가받기 어려운 측면 등을 고려해 상장 철회를 결정했다”고 설명했다. 업계에 따르면 국내외 기관 투자자 대상 수요예측에서 신청 수량이 기관 배정 물량의 절반에도 미치지 못했고 제시한 가격대도 희망 공모가 밴드 하단을 밑돌면서 상장 의사를 다음으로 미룬 것으로 알려졌다. 홈플러스 리츠를 주시하던 신세계그룹과 롯데그룹도 당분간 대형 리츠 등장이 어려울 것이란 전망에 숨이 한풀 죽었다. 실제로 롯데그룹은 리츠자산관리회사(AMC)인 롯데에이엠씨를 설립해 국토교통부의 본인가를 기다리고 있는 상황이다. 한 SRE 자문위원은 “새로운 영역으로 꼽히던 공모 리츠가 탄력을 잃으면서 비슷한 처지의 다른 대형마트들의 고민도 커질 것”이라고 말했다. 갈림길에 선 대형마트…돌파구 열릴까 대형마트들은 온라인 강화와 창고형 할인점으로 분위기 반전에 나서고 있다. 이마트는 온라인 통합법인(SSG닷컴)과 창고형 할인마트인 트레이더스를 선보이면서 재도약을 예고한 상황이다. 롯데마트도 중국 내 매출 부진 점포 정리와 유휴자산 매각을 통한 사업 효율화에 속도를 내고 있다. 결국 관건은 20년 넘게 시장을 지배해온 대형마트들이 자금력과 인프라를 바탕으로 온라인 시장에서 얼마나 입지를 넓힐 수 있느냐에 달려 있다. 한 SRE 자문위원은 “최근 대형마트들이 자신이 쌓은 노하우와 인프라 등을 바탕으로 온라인 시장에 대한 적극적인 대응 방안을 마련하고 있다”며 “중장기적 안목에서 봤을 때 기존의 매장 인프라와 자금력을 앞세운 배송경쟁력 강화로 시장에서 대응할 것”이라고 전망했다. 이 자문위원은 다만 “기존에 없던 경쟁 요소가 하나 더 생긴 것으로 봐야 하기 때문에 투자해야 하는 금액이 더 늘어난 것으로도 해석할 수 있다”며 “전반적인 유통 환경과 각 회사별 온라인 대응 전략 성패에 따라 기업별 실적 차별화가 커질 것으로  보인다”고 내다봤다. [이 기사는 이데일리가 제작한 29회 SRE(Survey of credit Rating by Edaily) 책자에 게재된 내용입니다.]김성훈 (sk4he@edaily.co.kr)네이버 홈에서 ‘이데일리’ 뉴스 [구독하기▶]꿀잼가득 [영상보기▶] , 청춘뉘우스~ [스냅타임▶]＜ⓒ종합 경제정보 미디어 이데일리 - 무단전재 &amp; 재배포 금지＞ ]","['ㅋㅋㅋㅋㅋ 쿠팡 등 온라인 업체들 때문에 실적이 악화되었다....? 소비자 입장에선 가격경쟁 때문에 싸져서 좋긴한데 쿠팡 손익 상황을 보고 말해야할듯. 매출 늘어남에도 불구하고 적자 규모 축소는 커녕 늘어나고 있지....매년 6천억씩 적자인데 회사입장에서 올바른 비즈니스 모델인지 좀 점검해봐야 되는게 아닐지 싶다. 결국 로켓배송이든 뭐든 그냥 인건비 투입하면 되는거 아니냐. 혁신??? 쿠팡에 혁신이 있는지 잘 모르겠다.', '조직이 오래되면 혁신이준다.위에눈치보느라.', '택배나 지역마트에서 배달해주는분들의 역활이 더욱커지는데 아직도 처우가 열악한게 너무유감이네요. 앞으로도 중요직종으로 부각될듯하니 고소득업종으로 각광받길 기대합니다', '', '', '']",https://signal.sedaily.com/NewsView/1VJCD6PQRN,https://n.news.naver.com/mnews/article/018/0004379095?sid=101
A18면 2단,한국경제,,"이마트 지분 5% 넘긴 GIC…반토막 난 주가, 바닥 신호?",,,https://www.hankyung.com/article/2019053016191,http://www.edaily.co.kr/
2019.05.19.,딜사이트,경제,"부진 빠진 대형마트, ‘3사3색’ 활로 찾기…승자는?","[ - KB·유안타 주간 추천종목으로 `카카오` 선정- ""채팅광고 시작하면서 매출 증대로 이어질 것""    [이데일리 전재욱 기자] 카카오(035720)는 최근 시작한 배너광고로 2분기 실적 개선이 기대된다는 이유로 이번주 증권사 추천주에 복수 언급됐다. 코스닥 업종 가운데 5세대 이동통신서비스 정착에 따른 수혜가 예상되는 서진시스템(178320)과 신약 상용화가 기대되는 유바이오로직스(206650)가 꼽혔다.◇카카오, 배너광고 2분기 실적 견인 기대12일 금융투자업계에 따르면 KB증권과 유안타증권은 카카오의 배너광고 사업을 유망하게 보고 이번 주 추천 종목으로 주목했다. 앞서 카카오는 1분기 연결 잠정실적은 매출과 영업이익, 당기순익 모두가 고루 성장한 것으로 집계됐다. 지난 9일 카카오 공시를 보면 1분기 매출은 7063억원, 영업이익은 276억원으로 전년 동기보다 매출은 27%, 영업이익은 166% 각각 증가했다. 이 기간 당기 순익은 175억원으로 전년 동기보다 19.9% 증가했고, 직전분기와 비교하면 흑자로 전환했다.이를 두고 KB증권은 “카카오톡 채팅창 목록에 노출되는 비즈보드 광고상품이 새롭게 공개되면서 매출액 증가에 기여할 것”이라고 내다봤다. 이와 함께 유안타증권은 “2분기 카카오 배너광고 시작으로 올해 실적 개선이 강화할 것”이라며 “카카오뱅크 흑자전환, 카카오페이지 IPO, 카카오모빌리티, 카카오페이 등 기업가치가 커질 것”이라고 기대했다.이어서 KB증권은 하나금융지주(086790), 한솔케미칼(014680)을 각각 주목했다. 하나금융지주에 대해 “높은 시가배당률 대비 밸류에이션이 낮은 상태라서 주가가 저평가돼 있다”며 “비은행부문 전략으로 2조원대 순이익을 유지할 것”이라고 전망했다.한솔케미칼에 대해서는 “삼성전자 비메모리 부문이 커지면서 수혜가 전망된다”며 “향후 차세대 배터리 소재 시장 진입을 앞두고 있고, 차세대 TV패널 기술인 퀀텀닷 올레드(QD-OLED) 패널 생산에 따른 수요가 확대하면 수혜가 예상된다”고 밝혔다.유안타증권은 삼성중공업(010140), 호텔신라(008770)를 각각 주목했다. 삼성중공업에 대해 “지난해 이어 올해 LNG선 중심으로 조선부문 수주금액 견조할 것”이라며 “유가 회복에 따른 해양부문 수주가 회복하고, 올해 매출액 증가에 따른 고정비 감소 효과로 손익이 개선할 것”이라고 내다봤다.호텔신라에 관해 “따이공 시장 확대에 따른 면세점 산업수요가 강세를 보일 것”이라며 “중국 경기회복 및 유커 귀환 기대로 잠재적 컨센서스가 오르고 있다”고 분석했다.◇서진시스템, 5G 가속화 수혜 기대SK증권은 이마트(139480), 한국타이어(161390)를 각각 추천했다. 이마트는 업종 가운데 밸류에이션 매력도 가장 높다고 보고 목표주가를 24만5000원으로 제시했다. SK증권은 “트레이더스와 SSG닷컴이 신성장 동력 입지를 공고히 하고 이마트24와 프라퍼티의 장기적 모멘텀도 주효할 전망”이라고 밝혔다. 한국타이어에 대해서는 “수요 부진 우려가 부각하고 있지만 천연 및 합성고무 가격 안정화에 따른 스프레드는 지속할 전망”이라며 “원·달러 환율 약세에 따른 수혜도 기대된다”고 전망했다.하나금융투자는 KT&amp;G(033780)와 한화케미칼(009830)을 꼽았다. KT&amp;G에 대해 “궐련형 전자담배 매출 비중 확대에 따른 수혜가 예상된다”며 “중동 수출 물량이 회복하면서 수출 평균거래가격(ASP)이 전년보다 오를 것”이라고 예상했다. 한화케미칼에 대해서는 “태양광 셀·모듈 설비 증설과 단결정 제품 라인으로 설비 변경이 진행 중”이라며 “양광 영업이익이 회사 이익 절반 수준으로 밸류에이션 재조정을 견인할 것”이라고 평가했다.코스닥 종목 가운데 서진시스템과 유바이오로직스가 언급됐다. SK증권은 서진시스템에 대해 “글로벌 5세대(5G) 이동통신서비스 상용화 속도전에 따라 기지국과 5G 디바이스 모두를 생산하는 기업으로서 가장 큰 수혜를 볼 전망”이라고 내다봤다. 이어 “올해 자동차 부품 및 전기차 배터리 함체 등 기타 부문 매출 성장도 기대된다”고 덧붙였다.하나금융투자는 유바이오로직스에 대해 “면역증강기술 EcML 개발 성공과 라이센스 아웃이 기대된다”며 “CRM197 생산 가능한 균주 개발, 다양한 접합 백신 개발 등이 기대된다”고 밝혔다.전재욱 (imfew@edaily.co.kr)＜ⓒ종합 경제정보 미디어 이데일리 - 무단전재 &amp; 재배포 금지＞ ]","['', '이뢰놓고 처파는 사기꾼 ㅅㄲ들', '', '카카오톡 시작한지.몇년이냐 진짜.많이.참은거 카카오 땅파서 장사하냐? 요즘 밴드 웹페이지 유튜브 광고.안나오는 곳있냐?\n\n배너 광고 작게 나오는거 있는지.없는지도.몰.겠더만 ㅎ', '초심 잃었다 ㅡㅡ 누가 다음자회사 아니랄까봐 광고에 목매기는...']",http://paxnetnews.com/allView?vNewsSetId=6073&articleId=2019053115410302525&objId=A2019053115410302525&portalCode=naver,https://n.news.naver.com/mnews/article/018/0004375871?sid=101
2019.05.17.,이데일리,,"신세계사이먼 프리미엄 아울렛, ‘수퍼 세일’ 개최",,,http://www.edaily.co.kr/news/newspath.asp?newsid=02830646622493512,http://www.newspim.com
2019.05.12.,브릿지경제,,신세계百 AI 챗봇 도입 …24시간 상담 운영,,,http://www.viva100.com/main/view.php?key=20190530010009732,http://www.mt.co.kr/
2019.05.18.,머니S,경제,맥주 8캔이 1만5000원?… 6월 토요일엔 '이마트24'로,"[    [머니투데이 김소연 기자] [[오늘의 포인트]이마트, 이틀 연속 사상 최저가 경신]한치 앞이 보이지 않는다. 사상 최저가를 경신 중인 이마트 이야기다. 이마트는 대형마트 업계 1위로서 업황 부진 직격탄을 맞았다. 신성장동력으로 내세운 온라인 부문 역시 치열한 경쟁 상황 속 고전하고 있다. 겹겹이 악재다.17일 오전 11시58분 이마트는 전일대비 보합세를 나타내 14만6500원을 기록 중이다. 장중 14만4000원까지 내리면서 역대 최저가를 경신했다. 전날에 이어 이틀째다. 이마트는 지난 2011년 6월 신세계에서 분할해 신규상장하면서 증시에 입성했다. 첫 거래일 종가는 22만3500원이었다. 당시 할인점 사업이 급격히 성장하던 때여서 이마트 주가도 3개월만에 33만원을 뛰어넘으며 승승장구했다. 그러나 8년이 흐른 지금, 이마트 주가는 당시의 절반 수준에 못 미치는 사상 최저가로 떨어졌다. 지속되는 경기 불황, 할인점 포화, 치열한 경쟁 속 1위 사업자라는 프리미엄도 통하지 않는다. 증권업계에서는 잇따라 이마트에 대한 목표주가와 실적 추정치를 하향하고 있다. 사실상 매도의견으로 통하는 '보유(Holding)' 투자의견을 내는 애널리스트들도 늘었다. 이마트는 지난해 4분기에 이어 올해 1분기에도 어닝쇼크를 냈다. 이마트는 지난 15일 올 1분기 연결 순매출액 4조5854억원, 영업이익 743억원을 기록해 전년 동기 대비 각각 12% 증가하고, 52% 감소했다고 공시했다. 영업이익은 시장 컨센서스를 50% 하회하는 수치다. 증권업계에서는 2분기 연속 이어진 어닝쇼크보다도 이를 타개할 돌파구가 보이지 않는다는 점을 더 크게 우려하고 있다.1분기 오프라인 할인점 매출은 4% 증가했지만, 영업이익은 30% 급감했다. 매출도 올해부터 SSG닷컴 상품공급 매출이 증가한 덕분에 늘어난 것처럼 보일 뿐, 기존점 매출은 1.8% 줄어 부진했다. 박신애 KB증권 연구원은 ""오프라인 할인점 실적 악화가 극심한데 온라인으로의 매출 이탈이 계속되고, 소비경기도 부진한 상황에서 최저임금 인상 등 비용증가까지 겹쳤다""고 분석했다. 오프라인 부진을 온라인 매출 성장이 상쇄해줘야 하지만, 최근에는 신선식품의 온라인 경쟁까지 심화돼 쉽지 않다. 일렉트로마트 등의 전문점과 편의점 사업 등을 공격적으로 펼치지만, 본업인 할인점이 부진해서야 답이 나오지 않는다. 전문점의 경우 매출은 46% 고성장했지만 영업적자가 76억원으로 확대됐다.이지영 NH투자증권 연구원은 ""쿠팡 등 온라인 사업자와의 경쟁이 식품과 비식품 모든 카테고리에 걸쳐 심화되고 있다""며 ""일부 주요점포의 리뉴얼까지 겹쳐 4월 이마트 기존점 성장률은 -7%를 기록한 만큼 반등을 논하기 이르다""고 판단했다. 남성현 한화투자증권 연구원도 ""2분기에도 실적 개선은 어려울 전망""이라며 ""온라인 점유율 확대를 위해 프로모션 진행이 유지될 가능성이 높지만 경쟁이 심해 객수 회복이 어렵고, 전문점 부담도 당분간 이어질 것이기 때문""이라고 설명했다.일각에서는 이마트의 부진은 대형마트 전반의 업황 둔화와 연관된 만큼 점포 효율화, 신사업을 통해 장기적으로 개선할 수 있다고 진단하기도 했다. 조용선 SK증권 연구원은 ""할인점 부진은 구조적 요인인만큼 향후 점포 효율화 기조가 강화될 것""이라며 ""매출 성장세가 20%에 달한 트레이더스를 비롯해 SSG닷컴, 전문점 등이 신성장 동력 확보 관점에서 긍정적인만큼 긴 호흡으로 주시할 대 기회가 찾아올 것""이라고 내다봤다.김소연 기자 nicksy@mt.co.kr▶'의문 투성이' 배우 한지성 교통사고▶조 변호사의 가정상담소 ▶더 많은 기사 보러가기  &lt;저작권자 ⓒ '돈이 보이는 리얼타임 뉴스' 머니투데이, 무단전재 및 재배포 금지&gt;   ]","['이마트가 어렵다는 건 소비가 존나 줄었다는 건데 정부 발표는 경제가 살아난다고 구라질', '외환 위기때도 흑자 나던 회사가 ..... 시장 소비가 완전 다 죽었네', '이대로 가면 한국은 5년내  망한다.', '이마트가 무슨 신성장 동력이냐 기자야', '온라인 점유율 못 높이면 이마트주가는 답 안나옵니다.', '탄핵뱃지 달고 지랄하더니 꼴 좋습니다  ㅎㅎㅎ', 'Me친 넘들 니들이 동네 돈은 싹쓸어다가 지역경제 박살 내니까 당연히 니들마트가서 살수있는 사람은 줄어드는게 당연한거아니냐?', '이마트 롯마트 등 물건값 넘 비싸..서민들은 쿠팡은43% 세일한다는 바로 위 광고에 넘어갈수밖에', '', '독과점해서 운영하는 항국에서도 이 꼬라지인데 수십개 브랜드가 치열하게 경쟁하는 중국시장에 멋 모르고 진출해서 멘탈까지 다 털리고 철수 당한거 당연한거다!사드는 쪽팔림을 면하기 위한 핑계일뿐!!!!', '', '', '', '온라인 매출증대를 보면 애네가 왜 힘든지\n알건데 ㅎㅎㅎ 이상한탓하는 애들 많네']",http://moneys.mt.co.kr/news/mwView.php?no=2019053008528097918,https://n.news.naver.com/mnews/article/008/0004220058?sid=101
2019.05.19.,서울경제,,"[시그널] GIC, 이마트 지분 5.16% 취득",,,https://signal.sedaily.com/NewsView/1VJCD6PQRN,http://www.etoday.co.kr
2019.05.07.,한국경제,,"이마트 지분 5% 넘긴 GIC…반토막 난 주가, 바닥 신호?",,,https://www.hankyung.com/article/2019053016191,https://news.mtn.co.kr/
2019.05.20.,딜사이트,,"부진 빠진 대형마트, ‘3사3색’ 활로 찾기…승자는?",,,http://paxnetnews.com/allView?vNewsSetId=6073&articleId=2019053115410302525&objId=A2019053115410302525&portalCode=naver,http://www.businesspost.co.kr/
2019.05.04.,이데일리,,"신세계사이먼 프리미엄 아울렛, ‘수퍼 세일’ 개최",,,http://www.edaily.co.kr/news/newspath.asp?newsid=02830646622493512,http://www.mk.co.kr/
2019.05.21.,신아일보,경제,롯데·신세계·현대 ‘3大 아울렛’ 상반기 최대 할인 경쟁,"[    신세계사이먼(대표 조창현)이 신세계 그룹의 통합 쇼핑몰인 에스에스지닷컴(SSG.COM)에 '프리미엄 아웃렛' 관을 오픈하는 등 온라인 사업을 본격 추진한다.7일 신세계그룹에 따르면 신세계사이먼은 그 동안 오프라인에서만 경험할 수 있었던 '정통 프리미엄 아웃렛'의 가치를 365일 24시간 내내 제한없이 제공하기 위해 에스에스지닷컴에 8일붜 입접한다.2007년 여주 프리미엄 아웃렛을 오픈하며 국내 유통 시장에 '프리미엄 아웃렛'이라는 새로운 유통 형태를 제시한 신세계사이먼은 파주, 부산, 시흥 프리미엄 아웃렛을 잇따라 오픈하며 국내 프리미엄 아웃렛 시장을 선도해 왔다. 특히 복잡한 도심을 벗어나 외국의 도시를 연상시키는 이국적인 경관과 명품부터 리빙에 이르는 폭넓은 브랜드 구성, 시즌과 어울리는 다양한 현장 이벤트 등으로 고객에게 차별화 된 경험을 선보여 왔다. 그러나 최근 소비자들의 구매 패턴이 변화함에 따라 온라인몰에서도 명품부터 패션잡화, 키즈, 스포츠에 이르기까지 100여개 브랜드의 엄선된 인기 상품을 교외형 프리미엄 아웃렛에서처럼 상시 할인된 가격에 판매키로 했다.신세계사이먼은 이번 에스에스지닷컴의 입점을 기념해 8일부터 26일까지 다양한 특별 프로모션을 진행한다. 우선 8일부터 14일까지 7일간 '브랜드 데이'를 열고 매일 변경되는 7개 브랜드의 인기 상품을 최고 80% 할인한다. 슈콤마보니, 쿠론, 토박스, 아쉬, 게스키즈, 리모와, 엠에스지엠 등 7개 브랜드가 참여한다.8일부터 19일까지는 '럭셔리 스페셜 위크'가 진행되어, 발렌티노, 발렌시아가, 펜디, 넘버21 등의 가방, 지갑 상품을 최고 40% 할인된 가격에 만나볼 수 있다.이와 함께 26일까지는 카테고리별 인기 브랜드의 시즌 상품을 만나볼 수 있는 '카테고리 베스트 전'을 연다. 본격적인 골프 시즌을 맞아 아디다스 골프, 캘러웨이 골프, 핑골프 등의 인기 상품을 최고 70% 할인하여 판매하는 한편, 가정의 달 기프트 아이템으로 랑방, 마크제이콥스, 끌로에 등의 향수 제품을 최고 40%, 코렐, 웨지우드 등의 리빙 상품을 최고 60% 할인한다. 조창현 신세계사이먼 대표는 ""이번 에스에스지닷컴 입점을 통해 오프라인을 넘어 온라인에서도 신세계사이먼 프리미엄 아웃렛만의 차별화된 가치를 제공할 수 있게 됐다""며 ""앞으로 온라인 사업의 성장을 위해 지속적인 노력을 기울일 것""이라고 밝혔다.[디지털뉴스국 방영덕 기자]    [사진제공 : 신세계사이먼]▶네이버 메인에서 '매일경제'를 받아보세요▶뉴스레터 '매콤달콤' 구독 ▶무궁무진한 프리미엄 읽을거리[ⓒ 매일경제 &amp; mk.co.kr, 무단전재 및 재배포 금지]   ]",[],http://www.shinailbo.co.kr/news/articleView.html?idxno=1171822,https://n.news.naver.com/mnews/article/009/0004351287?sid=101
2019-05-12 11:11:02,디지털타임스,,"""이마트, 하반기 주가 반등 가능성 있어""",,,http://www.dt.co.kr/contents.html?article_no=2019052902109932048004&ref=naver,http://it.chosun.com/
2019-05-17 12:22:41,뉴데일리,,‘오프라인 강자’ 아울렛... 'e커머스' 외도 나선 이유,,,http://biz.newdaily.co.kr/site/data/html/2019/05/30/2019053000072.html,http://www.dailian.co.kr/
2019-05-07 08:11:01,연합뉴스,경제,"[PRNewswire] 오터박스, 모바일 액세서리 일렉트로마트 입점","[ 뷰티마스크부터 상품권까지 다양한 할인 혜택기념일 맞아 선물 구매하는 고객 대상 이벤트    ⓒ보미라이어린이날·어버이날·부부의날 등 소비가 늘어나는 가정의 달을 맞아 유통업체들이 대규모 이벤트에 나섰다. 고가의 뷰티마스크, 해외여행권 등 무료 증정부터 사은품 100% 증정, 최대 할인폭 제공 등 파격적인 프로모션을 내세우며 소비자의 눈길을 사로잡는 마케팅에 박차를 가하고 있다. 원적외선 마스크 브랜드 '보미라이(BOMIRAI)'는 5월 가정의 달을 맞아 신세계 에스에스지닷컴과 한달 간 총 31대의 보미라이 제품을 무료로 증정하는 '5월엔 보미라이로 예뻐져 봄' 프로모션을 실시한다. 5월 한달간 에스에스지닷컴에서 진행되며, 추첨을 통해 매일 1대씩 보미라이를 증정하는 빅 프로모션이다. SSG닷컴 공식 홈페이지에서 통합회원 가입 후 이벤트 페이지 하단에 '응모하기' 버튼을 클릭하면 응모 완료되며, 매일 오전 9시부터 다음날 오전 9시까지 응모 가능하다. 또한 응모 고객 대상으로 보미라이 1만원 할인 쿠폰을 지급하는 추가 혜택도 제공된다.데일리와인은 가정의 달을 기념하고 축하하기 위해 5월 한달 동안 3대가 함께 매장에 방문하면 와인 1병을 무료로 증정하는 '가정의 달 축하 이벤트'를 실시한다. 이번 행사는 데일리와인 전매장에서 진행되며, 구매여부와 관계없이 3대가 함께 매장에 방문하면 와인 1병을 받을 수 있다. 이 외에도 어버이 날 당일 카네이션을 달고 방문하면 구매와 상관없이 와인 1병을 무료로 증정한다. 스승의 날을 맞아 5월 10일부터 6일간 교직원에게는 와인 전제품에 대해 10% 할인 혜택을 제공하며, 성년의 날에는 성년이 되는 분에 한해 스파클링와인을, 부부의 날에는 부부가 함께 방문했을 때 와인 전제품을 각 10% 할인된 금액으로 만나볼 수 있다.스킨멜로우는 가정의 달을 맞아 5월 한달 구매자 전원 대상 추첨을 통해 100% 경품 증정 이벤트를 진행한다. 신세계상품권과 메가박스 영화관람권, 스타벅스 기프티콘 등을 제공하는 이벤트를 진행한다. 스킨멜로우 공식몰에서 제품을 구매한 회원이라면 이벤트에 자동 응모되며, 총 55명에게 경품이 지급된다. 경품은 6월 스킨멜로우 인스타그램 라이브 방송을 통해 추첨된다. 4일부터 6일에는 무료배송 이벤트가 추가로 진행되며, 스킨멜로우 플러스 친구를 추가하면 쇼핑 지원금과 매달 다양한 이벤트 혜택을 제공받을 수 있다.롯데하이마트는 온라인쇼핑몰에서 오는 20일까지 가족 선물로 좋은 상품을 모아 최대 20% 할인하는 '가정의 달 선물전'을 진행한다. 행사 상품으로는 안마의자, 안마기기, 피부관리기, 구강세정기, 공기청정기, 의류건조기 등 생활가전을 비롯해 커피머신, 에어프라이어 등 주방가전과 노트북, 태블릿, 휴대폰, 게임기 등 IT기기에 이르기까지 다양하다. 의류건조기(10KG)를 60만원대에, 안마의자를 120만원대에 판매한다.데일리안 김유연 기자 (yy9088@dailian.co.kr)ⓒ (주)데일리안 - 무단전재, 변형, 무단배포 금지   ]",[],http://yna.kr/AKR20190529070600009?did=1195m,https://n.news.naver.com/mnews/article/119/0002326970?sid=101
2019-05-04 06:01:25,딜사이트,,"부진 빠진 대형마트, ‘3사3색’ 활로 찾기…승자는?",,,http://paxnetnews.com/allView?vNewsSetId=6073&articleId=2019053115410302525&objId=A2019053115410302525&portalCode=naver,http://www.seoulwire.com
2019.05.16.,이데일리,,"신세계사이먼 프리미엄 아울렛, ‘수퍼 세일’ 개최",,,http://www.edaily.co.kr/news/newspath.asp?newsid=02830646622493512,http://www.ebn.co.kr
2019.05.13.,폴리뉴스,,"신세계백화점, AI 상담서비스 챗봇 도입...‘디지털 신세계’ 가속화",,,http://www.polinews.co.kr/news/article.html?no=394129,http://www.hg-times.com
2019.05.07.,신아일보,,롯데·신세계·현대 ‘3大 아울렛’ 상반기 최대 할인 경쟁,,,http://www.shinailbo.co.kr/news/articleView.html?idxno=1171822,http://news1.kr/
2019.05.08.,디지털타임스,경제,"""이마트, 하반기 주가 반등 가능성 있어""","[     신세계사이먼 © 뉴스1(서울=뉴스1) 신건웅 기자 = 신세계사이먼은 신세계그룹의 통합 온라인 쇼핑몰인 쓱닷컴(SSG.COM)에 '프리미엄 아울렛' 관을 선보이고, 온라인 사업을 본격적으로 추진한다고 7일 밝혔다. 이번 쓱닷컴 입점은 변화하는 소비자의 구매 행태를 반영하고, 그동안 오프라인에서만 경험할 수 있었던 '정통 프리미엄 아울렛'의 가치를 1년 365일 24시간 내내 제한없이 제공하기 위해 이뤄졌다. 이를 위해 명품부터 패션잡화·키즈·스포츠에 이르기까지 100여개 브랜드의 엄선된 인기 상품을, 교외형 프리미엄 아울렛에서처럼 상시 할인된 가격에 판매한다. 또 시즌에 어울리는 다양한 테마 기획전을 시행해 고객분들에게 특별한 즐거움을 선사할 예정이다. 특히 쓱닷컴 입점을 기념해 오는 8일부터 26일까지 다양한 특별 프로모션을 진행한다. 14일까지는 '브랜드 데이'를 열고 매일 변경되는 7개 브랜드의 인기 상품을 최고 80% 할인한다. 19일까지는 '럭셔리 스페셜 위크'가 준비돼 있다. 발렌티노와 발렌시아가·펜디·넘버21 등의 가방, 지갑 상품을 최고 40% 할인된 가격에 만나볼 수 있다. 이와 함께 8일부터 26일까지는 카테고리별 인기 브랜드의 시즌 상품을 만나볼 수 있는 '카테고리 베스트 전'도 개최된다. 본격적인 골프 시즌을 맞아 아디다스 골프·캘러웨이 골프·핑골프 등의 인기 상품을 최고 70% 할인하여 판매하고, 가정의 달 기프트 아이템으로 향수 제품을 최고 40%, 리빙 상품을 최고 60% 할인한다.  또 행사 기간 프리미엄 아울렛관에서 상품을 구매한 고객 대상으로 10만원 이상 구매시 쓱닷컴에서 사용 가능한 S-MONEY 5000원, 100만원 이상 구매시 S-MONEY 5만원을 적립해 주는 이벤트도 진행한다. 조창현 신세계사이먼 대표는 ""이번 쓱닷컴 입점을 통해 오프라인을 넘어 온라인에서도 신세계사이먼 프리미엄 아울렛만의 차별화된 가치를 제공할 수 있게 됐다""며 ""앞으로 온라인 사업의 성장을 위해 지속적인 노력을 기울일 것""이라고 말했다.keon@news1.kr▶ [ 크립토허브 ]  [ KFF포럼 2019 ] ▶ 네이버 메인에서 [뉴스1] 구독하기![© 뉴스1코리아(news1.kr), 무단 전재 및 재배포 금지] ]",[],http://www.dt.co.kr/contents.html?article_no=2019052902109932048004&ref=naver,https://n.news.naver.com/mnews/article/421/0003976160?sid=101
2019.05.13.,뉴데일리,,‘오프라인 강자’ 아울렛... 'e커머스' 외도 나선 이유,,,http://biz.newdaily.co.kr/site/data/html/2019/05/30/2019053000072.html,https://www.moneys.co.kr/
2019.05.18.,연합뉴스,,"[PRNewswire] 오터박스, 모바일 액세서리 일렉트로마트 입점","[      SSG닷컴에 국내 최초 공식 입점한 '온워드 카시야마' 전문관SSG닷컴이 국내 전자상거래 업계에서는 최초로 일본 대표 패션브랜드 ‘온워드 카시야마’와 손잡고 해당 브랜드 전문관을 8일 오픈한다고 밝혔다. 온워드 카시야마는 ‘23구’를 비롯해 ‘질샌더’, ‘조셉’ 등 100여개 브랜드를 보유하고 있는 일본의 대표 패션기업이다.이번에 온워드 카시야마 전문관으로 입점하게 된 브랜드는 ‘ICB’, ‘23구’(23区) , ‘자유구’(自由区), ‘쿠미쿄쿠’(組曲) 등 총 4개로, 약 5000종의 여성 컨템포러리 상품을 SSG닷컴에서 선보이게 된다.23구는 ‘세대와 시대를 넘어 오래도록 사랑받는 편안한 옷’을 모토로 세련된 스타일을 추구하며, 자유구는 다양한 라이프스타일에 맞는 현대적인 디자인의 옷으로 유명한 온워드 카시야마의 대표 브랜드다. ICB와 쿠미쿄쿠 역시 고급스러운 소재를 사용해 크게 유행을 따르지 않으면서도 심플한 디자인이 특징으로, 일본에서도 20~30대 여성들에게 인기가 높다.이예중 SSG닷컴 백화점상품팀 바이어는 “갈수록 높아지는 국내 소비자의 해외 직구(직접구매) 수요에 맞춰 국내에 소개되지 않은 유명 브랜드의 입점을 계속해서 추진하고 있다”며 “이번 온워드 카시야마의 경우도 공식적으로 SSG닷컴을 통해 국내에 처음 선보인다는 점에서 의미가 있다”고 도입 배경을 밝혔다.실제로 SSG닷컴에서 취급하고 있는 해외직구 상품의 가짓수는 2016년 1만여개에서 2019년 1분기 현재 5만여개로 5배나 늘었다. 같은 기간 관련 상품의 매출도 60% 가까이 신장한 것으로 나타났다.국내 직구 시장도 계속해서 성장 중이다. 관세청이 지난 2월 발표한 ‘전자상거래 수출입 현황’에 따르면 2018년 해외직구 시장 규모는 27억5000만 달러로, 직전 연도에 비해 31% 성장한 것으로 집계됐으며, 주문건수 역시 3225만건에 달해 37% 늘어난 것으로 나타났다.김예철 SSG닷컴 영업본부장은 “시시각각 변화하는 고객 취향과 트렌드를 고려해 가성비를 추구하면서도 온라인 쇼핑의 격을 높이는 시도를 지속해 나갈 것”이라고 말했다.한편 SSG닷컴은 이번 온워드 카시야마 전문관 오픈을 기념해 입점 브랜드 10% 할인 판매와 함께 10개월 무이자 혜택을 제공할 계획이다.김설아 기자 sasa7088@mt.co.kr▶ 고수들의 재테크 비법 ▶ 박학다식 '이건희칼럼' &lt;저작권자 ⓒ '성공을 꿈꾸는 사람들의 경제 뉴스' 머니S, 무단전재 및 재배포 금지&gt;   ]",[],http://yna.kr/AKR20190529070600009?did=1195m,https://n.news.naver.com/mnews/article/417/0000407239?sid=004
2019.05.09.,노컷뉴스언론사 선정,,"'손정의 펀드' 등에 탄 쿠팡, 로켓 쏴 올릴까?",,,https://www.nocutnews.co.kr/news/5156353,http://www.asiatoday.co.kr
2019.05.10.,데일리시큐,,"솔로몬 닷컴, LG전자 외장형ODD “OH! HAPPY” 이벤트 시행",,,https://www.dailysecu.com/?mod=news&act=articleView&idxno=49857,http://news1.kr/
2019.05.15.,메트로신문,생활/문화,"화장품 구매, 온라인에서 쓱!","[     배우 최지우가 18일 오후 서울 강남 스타필드 코엑스몰 B2 라이브플라자에서 열린 ‘최지우의 뷰티 톡톡’ 행사에서 인사말을 하고 있. (더 피알 제공) 2019.5.18/뉴스1juanito@news1.kr▶ [ 크립토허브 ]  [ KFF포럼 2019 ] ▶ 네이버 메인에서 [뉴스1] 구독하기![© 뉴스1코리아(news1.kr), 무단 전재 및 재배포 금지] ]",[],http://www.metroseoul.co.kr/news/newsview?newscd=2019052700097,https://n.news.naver.com/mnews/article/421/0003996440?sid=103
2019.05.17.,데일리시큐,,"솔로몬 닷컴, LG전자 외장형ODD “OH! HAPPY” 이벤트 시행",,,https://www.dailysecu.com/?mod=news&act=articleView&idxno=49857,http://www.notepet.co.kr
2019-05-07 11:38:04,메트로신문,,"화장품 구매, 온라인에서 쓱!",,,http://www.metroseoul.co.kr/news/newsview?newscd=2019052700097,http://www.kukinews.com
2019-05-08 17:29:23,뉴스토마토,,"신세계사이먼, 상반기 최대 규모 '수퍼 세일' 개최",,,http://www.newstomato.com/ReadNews.aspx?no=898231,http://www.fntoday.co.kr
2019-05-18 17:20:50,매일경제언론사 선정,,[단독] 8년만에 거액 배당…`스벅코리아`에 무슨 일이,,,http://news.mk.co.kr/newsRead.php?year=2019&no=339284,http://www.businesspost.co.kr/
2019.05.13.,연합뉴스,,"신세계百 PB속옷, TV 쇼핑 진출해 판로 다각화",,,http://yna.kr/AKR20190522025900030?did=1195m,http://www.greened.kr/
2019.05.18.,조선일보,,"""데이터처럼, 음식도 클라우드 시대 곧 옵니다""",,,http://biz.chosun.com/site/data/html_dir/2019/05/28/2019052800024.html?utm_source=naver&utm_medium=original&utm_campaign=biz,http://news1.kr/
2019.05.08.,뉴스인사이드,생활/문화,"[잡인사이드] 에스에스지닷컴 공채 속보, 채용","[     배우 최지우가 18일 오후 서울 강남 스타필드 코엑스몰 B2 라이브플라자에서 열린 ‘최지우의 뷰티 톡톡’ 행사에서 인사말을 하고 있. (더 피알 제공) 2019.5.18/뉴스1juanito@news1.kr▶ [ 크립토허브 ]  [ KFF포럼 2019 ] ▶ 네이버 메인에서 [뉴스1] 구독하기![© 뉴스1코리아(news1.kr), 무단 전재 및 재배포 금지] ]",[],http://www.newsinside.kr/news/articleView.html?idxno=681504,https://n.news.naver.com/mnews/article/421/0003996440?sid=103
2019.05.07.,연합뉴스,,명품시장 새로운 키워드는 '온라인·2030',,,http://yna.kr/AKR20190524122300030?did=1195m,http://www.asiatoday.co.kr
2019.05.13.,연합뉴스,,빠른배송 홍수 속 '느린배송' 뜬다…크라우드펀딩 시장 급성장,,,http://yna.kr/AKR20190524145800030?did=1195m,http://news.etomato.com/
2019.05.09.,아시아경제언론사 선정,,"명품에서 생활용품까지, 할인 정조준한 유통업계(종합)",,,https://view.asiae.co.kr/news/view.htm?idxno=2019052015360959275,http://www.marketnews.co.kr/
2019.05.10.,아시아경제언론사 선정,,"명품에서 생활용품까지, 할인 정조준한 유통업계(종합)",,,https://view.asiae.co.kr/news/view.htm?idxno=2019052015360959275,http://www.notepet.co.kr
2019.05.15.,이데일리,,"[주간추천주]카카오, 실적개선 기대…유통·통신 관심 지속",,,http://www.edaily.co.kr/news/newspath.asp?newsid=01715446622492856,http://www.kukinews.com
2019.05.17.,뉴스1,,편한 속옷 인기 타고 신세계百 '엘라코닉' 매출 수직상승,,,http://news1.kr/articles/?3626933,http://www.fntoday.co.kr
2019.05.20.,매일경제언론사 선정,,온라인몰에서 얼마까지 써봤니?,,,http://news.mk.co.kr/newsRead.php?year=2019&no=335204,http://www.businesspost.co.kr/
2019-05-18 17:20:50,머니투데이,,"신세계, 매출 호조세 이어질 것-NH투자증권",,,http://news.mt.co.kr/mtview.php?no=2019052407510213688,http://slist.kr
2019.05.08.,머니S,,"아동복 아비에, 네이처 원피스 출시… 프릴 디자인으로 포인트",,,http://moneys.mt.co.kr/news/mwView.php?no=2019052710128015896,http://www.newsprime.co.kr
2019.05.07.,매일신문,,온라인쇼핑 5월 할인대전 열린다,,,https://news.imaeil.com/Economy/2019052018294914652,http://www.newdaily.co.kr/
2019.05.09.,뉴스핌,,"[단독] 이마트, 주가 급락에 '소액주주 간담회' 연다",,,http://www.newspim.com/news/view/20190528000503,http://www.notepet.co.kr
2019.05.13.,이데일리,,"신세계, 원화 약세로 가격 경쟁력 ↑-NH",,,http://www.edaily.co.kr/news/newspath.asp?newsid=01462886622492200,http://www.asiatime.co.kr/
2019.05.10.,이데일리,,[주간추천주]SK증권,,,http://www.edaily.co.kr/news/newspath.asp?newsid=01462886622492528,http://www.kukinews.com
2019.05.13.,비즈니스포스트,,"신세계 주가 상승 가능, 백화점 매출 늘고 면세점 영업 안정",,,http://www.businesspost.co.kr/BP?command=article_view&num=128624,http://www.lawissue.co.kr
2019.05.15.,메트로신문,,"란제리 PB, 백화점 넘어 온라인·TV쇼핑서도 인기",,,http://www.metroseoul.co.kr/news/newsview?newscd=2019052200037,http://www.fntoday.co.kr
2019.05.17.,아주경제,,"[경영승계 진행중인 재벌가] 사실상 '그룹 총수', 도전과 파격 뒤엔 성과·수...",,,http://www.ajunews.com/view/20190527074849619,http://www.businesspost.co.kr/
2019.05.20.,매일경제언론사 선정,,누이 좋고 매부 좋고…e커머스 `선주문` 열풍,,,http://news.mk.co.kr/newsRead.php?year=2019&no=323019,http://slist.kr
2019.05.14.,이뉴스투데이,,"스타벅스코리아, 400억 통 큰 배당…안정적 성장 결과",,,http://www.enewstoday.co.kr/news/articleView.html?idxno=1304240,http://sports.chosun.com
2019-05-14 16:25:05,마니아타임즈,생활/문화,"글렌뮤어, 후원선수 서형석 KB금융 리브챔피언십 우승 할인 이벤트 진행","[    원적외선 마스크 브랜드 '보미라이(BOMIRAI)'가 오는 18일 오후 2시 코엑스 라이브플라자A서 '최지우의 뷰티 톡톡' 행사를 개최한다고 13일 밝혔다.이번 행사는 SSG닷컴(SSG.COM) 입점을 기념해 마련된 행사로, 브랜드 모델 배우 최지우가 팬들과 함께 소통하는 미니 토크쇼 형식으로 구성됐다.행사는 오후 2시부터 약 60분간 최지우의 피부 비결 공개와 함께 보미라이 사용법 시연 등 다채로운 프로그램으로 진행될 예정이다. 이날 최지우는 직접 럭키드로우 행사를 진행하며 팬들과 소통할 예정이다.참가자 전원에게는 최지우 포토카드와 함께 다양한 기념품을 증정한다. 특히, 포토카드에는 SSG닷컴 앱에서 사용 가능한 보미라이 제품 25% 할인 쿠폰 QR코드를 제공한다. 해당 할인 쿠폰은 6월 30일까지 SSG닷컴 앱에서 사용 가능하다.참가 희망자는 오는 14일까지 진행되는 보미라이 공식 페이스북 및 인스타그램 사전 신청 이벤트를 통해 응모할 수 있다. 100명 추첨을 통해 토크 콘서트 초청권을 증정하며, 당첨자 발표는 개별 통보한다. 보미라이 관계자는 ""보미라이 SSG닷컴 입점을 기념해 브랜드 모델 최지우와 함께하는 뷰티 토크 콘서트를 준비했다""며, ""보미라이와 최지우가 함께하는 첫 오프라인 행사인 만큼 알찬 프로그램과 풍성한 혜택을 준비했으니 많은 관심과 참여 부탁드린다""고 말했다.전상희 기자 nowater@sportschosun.com▶사주로 알아보는 내 운명의 상대▶눈으로 보는 동영상 뉴스 핫템- Copyrightsⓒ 스포츠조선(http://sports.chosun.com/), 무단 전재 및 재배포 금지   ]",[],http://www.maniareport.com/view.php?ud=201905281634505178689a6d883f_19,https://n.news.naver.com/mnews/article/076/0003416217?sid=103
2019.05.07.,조선비즈언론사 선정,,신세계 1분기 매출 늘고 영업익 감소…면세점 투자 영향,,,http://biz.chosun.com/site/data/html_dir/2019/05/10/2019051002613.html,http://www.dailysmart.co.kr
2019.05.09.,비즈트리뷴,,[추천주] 카카오 신세계 현대차 삼성전자 동원F&B 유한양행 하나금융지주,,,http://www.biztribune.co.kr/news/articleView.html?idxno=212869,http://www.ekn.kr
2019.05.15.,아이뉴스24,,온라인도 '스몰 럭셔리' 바람…명품 화장품 인기,,,http://www.inews24.com/view/1179343,http://www.fntoday.co.kr
2019.05.08.,조선비즈언론사 선정,,명품 빼면 실적 '마이너스'…백화점 우울한 1분기,,,http://biz.chosun.com/site/data/html_dir/2019/05/13/2019051302389.html,http://www.ebn.co.kr
2019.05.17.,비즈트리뷴,,[추천주] 카카오 신세계 현대차 삼성전자 동원F&B 유한양행 하나금융지주,,,http://www.biztribune.co.kr/news/articleView.html?idxno=212869,http://www.businesspost.co.kr/
2019.05.20.,아이뉴스24,,온라인도 '스몰 럭셔리' 바람…명품 화장품 인기,,,http://www.inews24.com/view/1179343,http://slist.kr
2019.05.14.,조선비즈언론사 선정,,명품 빼면 실적 '마이너스'…백화점 우울한 1분기,,,http://biz.chosun.com/site/data/html_dir/2019/05/13/2019051302389.html,http://sports.chosun.com
2019.05.13.,머니투데이,생활/문화,"오프라인 유통업체 수난시대, 영원한 강자는 없다","[    원적외선 마스크 브랜드 '보미라이(BOMIRAI)'가 오는 18일 오후 2시 코엑스 라이브플라자A서 '최지우의 뷰티 톡톡' 행사를 개최한다고 13일 밝혔다.이번 행사는 SSG닷컴(SSG.COM) 입점을 기념해 마련된 행사로, 브랜드 모델 배우 최지우가 팬들과 함께 소통하는 미니 토크쇼 형식으로 구성됐다.행사는 오후 2시부터 약 60분간 최지우의 피부 비결 공개와 함께 보미라이 사용법 시연 등 다채로운 프로그램으로 진행될 예정이다. 이날 최지우는 직접 럭키드로우 행사를 진행하며 팬들과 소통할 예정이다.참가자 전원에게는 최지우 포토카드와 함께 다양한 기념품을 증정한다. 특히, 포토카드에는 SSG닷컴 앱에서 사용 가능한 보미라이 제품 25% 할인 쿠폰 QR코드를 제공한다. 해당 할인 쿠폰은 6월 30일까지 SSG닷컴 앱에서 사용 가능하다.참가 희망자는 오는 14일까지 진행되는 보미라이 공식 페이스북 및 인스타그램 사전 신청 이벤트를 통해 응모할 수 있다. 100명 추첨을 통해 토크 콘서트 초청권을 증정하며, 당첨자 발표는 개별 통보한다. 보미라이 관계자는 ""보미라이 SSG닷컴 입점을 기념해 브랜드 모델 최지우와 함께하는 뷰티 토크 콘서트를 준비했다""며, ""보미라이와 최지우가 함께하는 첫 오프라인 행사인 만큼 알찬 프로그램과 풍성한 혜택을 준비했으니 많은 관심과 참여 부탁드린다""고 말했다.전상희 기자 nowater@sportschosun.com▶사주로 알아보는 내 운명의 상대▶눈으로 보는 동영상 뉴스 핫템- Copyrightsⓒ 스포츠조선(http://sports.chosun.com/), 무단 전재 및 재배포 금지   ]",[],http://news.mt.co.kr/mtview.php?no=2019052011564890454,https://n.news.naver.com/mnews/article/076/0003416217?sid=103
2019.05.13.,매일경제,,차단이 전부가 아니다…How to Sunblock,,,http://news.mk.co.kr/newsRead.php?year=2019&no=336325,http://www.cstimes.com
2019.05.14.,이데일리,,"오프라인 한 우물 파던 아웃렛, 온라인에 눈 돌린 이유",,,http://www.edaily.co.kr/news/newspath.asp?newsid=01108646622491216,http://www.newsway.kr
2019-05-14 16:25:05,이코노미톡뉴스,,"쿠팡 유발 '치킨게임', 승자는 누구?",,,http://www.economytalk.kr/news/articleView.html?idxno=187024,http://gokorea.kr
2019.05.13.,한국경제,,"""신세계, 연결 자회사들 실적 개선…목표가↑""-현대차證",,,https://www.hankyung.com/article/2019051566426,http://www.newsway.kr
2019.05.14.,뉴시스,,"'인천 철수, 면세 투자'…신세계 영업이익 감소로",,,http://www.newsis.com/view/?id=NISX20190510_0000647099&cID=13001&pID=13000,http://gokorea.kr
2019.05.30.,시사저널이코노미,,마켓컬리 '풀콜드'가 뭐길래?,,,http://www.sisajournal-e.com/news/articleView.html?idxno=200450,http://www.mk.co.kr/
2019.05.31.,시사저널이코노미,경제,마켓컬리 '풀콜드'가 뭐길래?,"[ 31일부터 챗봇 S봇 도입해 고객 편의 높여    [사진제공 : 신세계백화점] '디지털 신세계'에 앞장서고 있는 신세계백화점이 이번에는 AI 챗봇 고객 상담사인 '신세계 S봇'을 도입한다.30일 신세계백화점에 따르면 오는 31일부터 선보이는 신세계백화점 챗봇 'S봇'은 24시간 365일 운영되는 1:1 고객 상담 서비스이다. 신세계백화점은 지난해 신세계I&amp;C·구글과 AI·머신러닝 기술 공동 연구를 위한 MOU를 체결해 인공지능을 활용한 다양한 쇼핑서비스를 개발 중에 있다. 'S봇'은 신세계I&amp;C가 개발한 구글 기술 기반의 쇼핑 전용 챗봇 플랫폼 '사이보그'를 활용했다.S봇의 이용 방법은 총 5가지이다. 우선 신세계백화점 모바일 앱, 신세계백화점 홈페이지를 통해 서비스가 제공되며, 콜센터 상담 중에도 'S봇' 사용을 원할 경우 장문 메시지를 통해 바로 연결된다. 향후 네이버 검색을 사용하게 되면 '네이버톡톡'을 통해 접속이 가능하며 AI 스피커인 '구글홈'을 통해 음성으로도 만날 수 있다.'S봇' 도입으로 신세계백화점 고객의 편의가 향상되는 것은 물론, 회사 업무 효율 역시 높아질 것으로 기대된다. 신세계백화점 관계자는 ""시작은 가장 도입 효과가 큰 CS부터 시작해 백화점 전 서비스 영역으로 확대하고 S봇의 활용성을 지속적으로 높여나갈 계획이다""고 말했다.실제로 신세계백화점 통합 콜센터의 경우 매장연결, 브랜드 문의, 휴점일, 영업시간 등 단순 상담 문의가 70% 이상을 차지하고 있다. 따라서 이런 유형의 문의는 챗봇으로 시스템화 하기에 좋아 실제 이용자들이 더 편리하게 이용할 수 있을 것으로 예상된다.업무 효율성이 높아지면서 직원들의 만족도 역시 높아질 것으로 기대된다. 단순 상담 업무에 투입하는 시간이 줄어들면 더욱 다양한 고객 응대를 할 수 있다는 시간이 늘어나 상호 윈윈인 셈이다.신세계백화점 관계자는 ""오전 10시 30분부터 저녁 8시 30분까지 운영하는 기존 콜센터 시간에 대한 고객들의 불만이 컸다""며 ""제한된 인력과 시간으로 상담 서비스를 받지 못하던 이용자들이 챗봇을 활용하면 콜센터를 통한 응대량보다 더 많은 상담 업무 처리가 가능해 고객 불만이 많이 해소될 수 있을 것""이라고 예상했다.신세계백화점은 그동안 디지털과 인공지능 등 다양한 혁신 기술을 유통 현장에 접목하기 위해 노력해왔다.신세계백화점은 지난달 공식 홈페이지인 '신세계닷컴'을 대대적으로 개편해 세분화 된 쇼핑 정보를 선보인 것은 물론, SSG닷컴과 연동해 상품을 바로 구매할 수 있는 옴니채널 기능을 강화했다. 업계 최초로 인공지능을 접목한 '퍼스널 쇼퍼(personal shopper)' 서비스인 'S마인드'도 홈페이지에 적용했다. 'S마인드'란 고객 개개인의 쇼핑 패턴을 분석해 선호하는 맞춤형 브랜드와 쇼핑정보를 분석해 맞춤형 쇼핑 정보를 제공하는 서비스다.지난해 12월부터는 '종이 없는 백화점'을 내세우며 '전자가격표시기'를 도입하기도 했다. 전자가격표시기는 과거 종이에 표시했던 상품의 가격 등을 전자 종이와 같은 디지털 장치를 활용해 표시하는 방식이다. 기존 종이 가격표의 경우 용지, 코팅 등 소모품이 많았다. 신세계백화점은 불필요한 인쇄 작업을 디지털로 전환하면서 친환경이라는 두 마리 토끼를 잡았다는 평가를 받는다. 작년부터 신세계백화점 식당가에 도입한 '스마트 대기 시스템'에 대한 반응도 뜨겁다. 식당 앞에서 기다릴 필요 없이 이름만 올려놓으면 모바일로 알려주는 서비스로 고객들의 호응이 높은 것.조우성 신세계백화점 디지털이노베이션 담당 상무는 ""AI 챗봇 등 4차 산업혁명의 혁신 기술을 유통 현장에 접목 시키기 위해 노력하고 있다""며 ""고객 편의와 직원들의 업무 효율을 높이는 다양한 디지털 시스템을 개발해나갈 것""이라고 말했다.[디지털뉴스국 방영덕 기자]▶네이버에서 '매일경제' 뉴스 구독하고 경품 받아가세요▶뉴스레터 '매콤달콤' 구독 ▶무궁무진한 프리미엄 읽을거리[ⓒ 매일경제 &amp; mk.co.kr, 무단전재 및 재배포 금지]   ]",[],http://www.sisajournal-e.com/news/articleView.html?idxno=200450,https://n.news.naver.com/mnews/article/009/0004365430?sid=101
A22면 TOP,뉴시스,,'온라인 없인 생존 불가'…자존심 버린 명품 아울렛,,,http://www.newsis.com/view/?id=NISX20190507_0000642342&cID=13001&pID=13000,http://www.newsis.com
2019.05.30.,서울경제TV,경제,"클래시스 코스메틱 브랜드 스케덤, 런던 Stamegna 비즈니스 미팅 참석","[ 단독 사용 시 청초하고 맑은 색다른 립 제품 레이어링 시 다채로운 빛    【서울=뉴시스】'THREE 러쉬 펠루시드 립스틱' 【서울=뉴시스】김정환 기자 = 일본 라이프스타일 코스메틱 브랜드 '쓰리'(THREE)가 여름을 맞이해 올해 썸머 컬렉션인 'THREE 러쉬 펠루시드 립스틱'을 출시한다고 31일 밝혔다.THREE 러쉬 펠루시드 립스틱은 이 브랜드의 올해 S/S(봄·여름) 컬렉션 립스틱의 신규 제품이다. '컬러 오브 레인'(Color of Rain) 콘셉트로 출시됐다. 총 3종이다.이 립스틱은 사용하는 방법에 따라 다양한 분위기를 연출한다. 단독 사용 시 이슬을 머금은 듯 청초하고 맑은 색을 낸다. 다양한 립 제품과 함께 레이어링 시 비가 오거나 흐린 날에도 다채로운 빛을 발한다.특히 THREE는 올해 S/S 콜렉션 제품인 'THREE 데어링리 디스팅트 립스틱'과 함께 사용할 것을 제안한다. ""벨벳 텍스쳐의 THREE 데어링리 디스팅트 립스틱 위에 덧발리면 투명하고 얇은 베일을 덮은 듯 신비로운 반짝임을 선사해 전혀 다른 제품처럼 연출된다""는 설명이다.      【서울=뉴시스】'THREE 러쉬 펠루시드 립스틱' 온라인 종합쇼핑몰 SSG(쓱)닷컴에서 판매한다. 개당4만3000원(3.5g) 출시 기념 프로모션으로 러쉬 펠루시드 립스틱 포함 THREE 립 제품 2개 이상 구매 고객에게 러쉬 펠루시드 립스틱을 15% 할인해준다.ace@newsis.com▶ 네이버에서 뉴시스 채널 구독하기▶ 뉴시스 빅데이터 MSI 주가시세표 바로가기 &lt;저작권자ⓒ 공감언론 뉴시스통신사. 무단전재-재배포 금지.&gt;   ]",[],http://www.sentv.co.kr/news/view/554305,https://n.news.naver.com/mnews/article/003/0009262440?sid=101
2019.05.30.,뉴시스,,5월엔 개린이도 있어요…반려동물 용품 매출 '쑥',,,http://www.newsis.com/view/?id=NISX20190509_0000645012&cID=13001&pID=13000,http://www.mk.co.kr/
A22면 1단,EBN,경제,"신세계百 PB속옷 '엘라코닉', 온라인∙TV쇼핑으로 영역 확대","[ 마켓컬리 보랭재 늘리고검수·검품 공간 기온 낮춰SSG닷컴은 보랭커버 확대직원들 겨울외투 입고 작업     30일 오후 서울 송파구 장지동 마켓컬리 물류센터에서 직원들이 상품을 포장하고 있다. 실내온도가 4도로 유지돼 직원들은 겨울 외투를 착용한 채 일하고 있다. [사진 제공 = 마켓컬리] 지난 29일 오후 3시 30분. 서울 송파구 장지동에 위치한 '마켓컬리' 물류센터에는 입고 마감 시간 4시를 앞두고 전국에서 탑차 10여 대가 속속 도착했다. 이날 오전 경기도 한 반찬가게에서 만들어진 콩가루 꽈리고추찜 300여 팩은 차에서 내려지자마자 10여 m 떨어진 포장 공간으로 들어갔다. 입고 지점과 벽을 사이에 둔 포장 공간으로 들어서자 실내온도는 영상 9도에서 영상 4도로 떨어졌다.2주 전까지만 해도 상품 개수와 질을 확인하는 검수·검품 작업은 입고 지점과 맞닿아 있는 800여 ㎡ 공간에서 이뤄졌다. 그러나 '하절기 모드'에 들어간 이후로는 변질 가능성이 높은 반찬류와 육류에 한해 5도가량 낮은 포장 공간에서 검수를 진행하고 있다.신선식품을 전날 자정 전 주문하면 다음날 새벽까지 가져다주는 '새벽배송' 서비스를 제공하는 유통업체들에 일찍 찾아온 더위는 반갑지 않은 손님이다. 생산지에서 최종 소비자에게 제품이 도달할 때까지 저온을 유지하는 '콜드체인'을 도입한 식품업체들은 더위와의 사투에 일찍 나선 모양새다.주문 물량 중 30%가 몰린다는 오후 9시 이후 다시 찾은 물류센터에서는 물건을 담고 포장하는 피킹·패킹 작업이 한창이었다. 포장대 18곳에서 하루 3만여 개 물품을 포장하는 직원 150여 명 손길도 덩달아 바빠졌다. 신선도를 유지하기 위해 포장에 들어가는 아이스팩도 수량이 늘었기 때문이다. 배송하는 물건 중 비중이 가장 큰 중형 에코박스에는 샛별배송 기준 500g 아이스팩 1개가 들어갔다. 하절기 모드가 적용된 뒤부터는 무게가 1㎏으로 늘었다. 강성주 마켓컬리 물류팀 리더는 ""매주 새벽 기온을 기본적으로 확인하고, 폭염주의보나 열대야가 오는 날에는 배송 기준을 강화한다""고 말했다. 마켓컬리는 모든 상품을 직매입해 품질 변질에 따른 부담이 타 유통업체에 비해 크다.마켓컬리 관계자는 ""물로 만들어 사용 후 폐기할 수 있는 친환경 아이스팩을 개발하는 등 다양한 방법을 실험 중""이라고 말했다.      자정에 주문을 마감하고 3시간 단위로 원하는 시간에 신선식품을 받아볼 수 있는 SSG닷컴도 하절기 시스템을 도입했다. SSG닷컴 관계자는 ""SSG 배송은 시간대를 지정해 대면 배송을 하기 때문에 스티로폼 박스나 보랭재는 늘리지 않았다""고 설명했다. 대신 배송기사가 상품을 싣고 내릴 때 사용하는 아이스박스를 기존에 비해 세 배 늘렸다. 하절기에는 외부 온도가 올라가는 만큼 이전에는 아이스박스에 넣지 않아도 신선도가 유지됐던 상품까지 온도를 유지하기 위해서다. 매장 내에서 물건을 집어와 포장할 때도 신선식품이 상온에 노출되는 것을 피할 수 있도록 '보랭커버'를 사용하기 시작했다. 신선도 유지가 어려운 광어·연어회를 배송할 수 있는 시스템도 구축하고 있다. SSG 배송 관계자는 ""내부 테스트를 거쳐 6월 중순부터 이마트 성수점 배송 권역에서 시범적으로 이용할 수 있도록 할 계획""이라고 말했다.또 다른 신선식품 새벽배송 업체 '헬로네이처'도 올해 초 경기도 부천에 신선물류센터를 오픈하면서 콜드체인 시스템을 강화했다. GS수퍼마켓과 GS25를 운영하는 GS리테일도 이달부터 9월까지 식품 안전 검사 실시 비용을 두 배로 늘렸다. 신선식품 업계에서는 비수기로 여겼던 하절기에 지난해 처음 주문 물량이 늘어났다는 점에서 업계는 올여름에도 긴장을 늦추지 못하고 있다. 마켓컬리에 따르면 지난해 하절기 매출은 전년 동기 대비 3배 이상 증가했다. 여기에 지난해 말 쿠팡이 신선식품 새벽배송 서비스 '로켓프레시'를 시작하면서 전반적인 새벽배송 수요가 늘 것으로 예상돼 드라이아이스, 아이스팩 등 수급 불균형이 우려된다는 목소리도 나온다. [강인선 기자]▶네이버에서 '매일경제' 뉴스 구독하고 경품 받아가세요▶뉴스레터 '매콤달콤' 구독 ▶무궁무진한 프리미엄 읽을거리[ⓒ 매일경제 &amp; mk.co.kr, 무단전재 및 재배포 금지]   ]","['', '', '새벽배송은 오아시스마켓']",http://www.ebn.co.kr/news/view/985975,https://n.news.naver.com/mnews/article/009/0004365795?sid=101
2019.05.31.,전자신문,,"[이슈분석]백화점 빅3, 1분기 전반적인 부진…하반기 개선 기대",,,http://www.etnews.com/20190521000078,https://www.moneys.co.kr/
2019.05.28.,시사매거진,경제,'최지우의 뷰티 톡톡 행상' 성료...강렬한 레드정장 '찰떡',"[     한낮 최고 기온이 30도를 웃도는 등 여름이 빨리 찾아왔다. 때이른 더위를 피해 한강에서 피크닉을 즐기거나, 축구와 야구 등 스포츠 경기를 보며 시원한 맥주 한 모금으로 더위를 달래는 이들이 늘고 있다.신세계그룹의 간편결제 서비스 SSG페이는 여름을 맞아 이마트24에서 수입 맥주를 구매하는 고객을 대상으로 시원한 혜택을 준비했다.6월 한달 동안 매주 토요일 이마트24에서 수입 맥주 8캔(2만원)을 SSG페이로 결제하는 고객에게 SSG머니 5000원 캐시백 이벤트를 통해 1만5000원에 제공한다. 4캔 1만원에 판매 중인 수입 맥주를 대상으로 8캔을 선택해 알뜰하게 구매할 수 있는 기회다.특히 축구 팬들을 잠 못들게 할 빅매치들이 연달아 예정된 만큼, 여름밤 축구 경기를 시원한 맥주와 함께 즐기려는 이들의 큰 호응이 예상된다.SSG머니 캐시백은 월 1인 1회에 한해 5000원 한도 적용, 7월18일에 일괄 제공된다. SSG머니는 SSG페이의 선불 결제 수단으로 전국 이마트, 신세계백화점, 트레이더스, SSG닷컴, 스타벅스 등 온·오프라인 가맹점에서 현금처럼 자유롭게 사용할 수 있다.SSG페이 이벤트와 관련한 자세한 사항은 SSG페이 앱과 이마트24 매장에서 확인할 수 있다. 김설아 기자 sasa7088@mt.co.kr▶ 고수들의 재테크 비법 ▶ 박학다식 '이건희칼럼' &lt;저작권자 ⓒ '성공을 꿈꾸는 사람들의 경제 뉴스' 머니S, 무단전재 및 재배포 금지&gt;   ]",[],http://www.sisamagazine.co.kr/news/articleView.html?idxno=198611,https://n.news.naver.com/mnews/article/417/0000414201?sid=101
2019-05-30 10:37:02,넥스트데일리,,"필터교체형 마스크, 온라인판매 약 84% 미인증제품...구매시 주의",,,http://www.nextdaily.co.kr/news/article.html?id=20190524800015,http://www.sedaily.com
2019-05-31 18:33:02,뉴시스,경제,'직구 안 해도 돼'…일본 대표 패션 브랜드 '쓱' 입점,"[     [서울경제] 싱가포르국부펀드(GIC)는 이마트(139480)에 5.16%(약 2000억원)를 신규 투자했다고 29일 공시했다. GIC는 경영권 참여 의지가 없는 단순 투자라고 설명했다.앞서 신세계그룹의 이커머스 법인인 SSG닷컴은 이마트의 부채 일부를 상환하기로 했다. 이번 투자유치는 이마트의 재무구조 개선에도 도움이 될 것으로 보인다. 이마트의 실적은 하향세다. 1·4분기 연결 영업이익은 743억원, 순이익은 697억원으로 지난해보다 각각 51.6% , 44% 줄었다.   /임세원기자 why@sedaily.com[서울경제 바로가기]▶ 텔레그램으로 서울경제 구독하기  | ▶ 네이버TV로 서울경제썸 구독하기▶ 네이버 메인에서 'No. 1 뉴스' 서울경제를 만나보세요저작권자 ⓒ 서울경제, 무단 전재 및 재배포 금지   ]","['', '유상증자가 아닌데, 무슨 투자 유치냐?  회사에 자본 유입이 없는데, 무슨 재무가 좋아지냐?  내가 주식 사는것도 투자 유치냐?  경제 신문 기자가 생각이 있는거냐? 없는거냐? 무식하기는']",http://www.newsis.com/view/?id=NISX20190508_0000643557&cID=13001&pID=13000,https://n.news.naver.com/mnews/article/011/0003562473?sid=101
2019-05-30 17:19:07,한스경제,,"'나스, 맥' 등 명품 화장품 판매 증가…왜?",,,http://www.sporbiz.co.kr/news/articleView.html?idxno=337792,http://www.hankyung.com/
2019-05-30 09:22:31,서울경제,경제,"실적 부진 이마트, 속절없는 추락","[ ""국내 주식 팔아치우던 GIC이마트엔 2000억 투자 이례적""일각 ""온라인몰 등 실적 저조""[ 임근호 기자  ] 테마섹과 더불어 싱가포르 양대 국부펀드인 싱가포르투자청(GIC)이 이마트 지분을 5% 이상 취득했다. 1년 새 반 토막 났던 주가가 ‘바닥’에 가까워진 것 아니냐는 기대가 솔솔 나온다.    30일 금융감독원에 따르면 GIC는 지난 23일 이마트 주식 4만4652주를 순매수해 보유 주식이 14만3683주로 늘었다. 지분율은 5.1%로 처음 5%를 넘어섰다. 이날 종가 14만3000원을 기준으로 2057억원어치에 달한다.GIC는 웅진코웨이, 아모레퍼시픽, LIG넥스원, 오리온, BGF 등을 갖고 있었지만 지난해부터 올해까지 상당량 팔았다. 셀트리온과 셀트리온헬스케어 등을 보유한 테마섹도 비중을 줄여나가고 있다.이마트는 지난해 32.66% 급락했다. 올해도 21.64% 떨어졌다. 소비 행태가 온라인 쇼핑으로 급속히 바뀌며 오프라인 점포의 실적이 계속 나빠지고 있는 탓이다. 편의점(이마트24), 복합쇼핑몰(스타필드), 창고형 할인점(트레이더스), 전문점(노브랜드·일렉트로마트·삐에로쑈핑) 등으로 사업 다각화를 하고 있지만 그만큼 비용 부담이 커지고 있다.증권가에선 이마트 주가를 둘러싼 바닥 논쟁이 한창이다. 쟁점은 이마트·신세계의 통합 온라인몰인 SSG닷컴의 경쟁력이다. SSG닷컴의 매출 증가율이 시장 평균을 밑돌고 있는 게 문제로 지목된다.유정현 대신증권 연구원은 “SSG닷컴은 경쟁사와 비교해 강점이 없고 신생 업체가 계속 등장하면서 업종 내 경쟁이 치열해졌다”며 “이마트 주가가 바닥을 찍었다고 말하기 힘들다”고 했다. 김주명 미래에셋대우 연구원은 “제2 김포 물류센터 등 배송인프라가 올해 말 확충되면 기업가치가 재조명될 것”이라고 말했다.자산주로서의 매력을 보고 GIC가 이마트 주식을 매수했을 것이란 분석도 나온다. 이마트의 주가순자산비율(PBR: 시가총액/자본총계)은 0.4배로 사상 최저 수준이다. 현금성 자산(5800억원), 유형자산(10조원), 투자부동산(1조원), 삼성생명 주식(1조원) 등 보유 자산이 많지만 시가총액은 3조9862억원으로 넷마블(9조6561억원) 강원랜드(6조6535억원)보다 적다.임근호 기자 eigen@hankyung.com▶ 네이버에서 '한국경제' 구독하고 비씨카드·한경레이디스컵 KLPGA 입장권 받자 ▶ 한경닷컴 바로가기  ▶ 모바일한경 구독신청 ⓒ 한국경제 &amp; hankyung.com, 무단전재 및 재배포 금지   ]","['누가 이렇게 이마트 주가를 바닥 냈을까요? 기자님 나타난 실태만 기사 쓰지 말고 왜! 이렇게까지 됐을까? 경기가 안 좋아 실적이 부진 한 것이 비단 이마트 하나여서 그럴까요? 조금 더 기사 내는 것 보다 더 중요한 이슈가 될 실적이사실로 국민들에게 적극적인 호응을 좀 얻어 보시죠! 이러니 맨날 뒷북 친다는 얘기가 나오는 것 아닐까요? 그렇다면 이마트 주가가 왜 이렇게 됐을까요? 정말 모르면 이마트 증시 토론글 좀 보세요! 그곳에 골프 소액주주 까페가 그 사실을 알리고 있습니다. 참고하세요! ^^*', '']",https://www.sedaily.com/NewsView/1VJ6EZDVV5,https://n.news.naver.com/mnews/article/015/0004150860?sid=101
2019-05-30 10:23:02,뉴시스,,"""가정의 달? 나도 가족이야""…10명 중 8명 날 위한 쇼핑",,,http://www.newsis.com/view/?id=NISX20190516_0000652468&cID=13001&pID=13000,https://dealsite.co.kr/
2019-05-30 17:34:06,브릿지경제,,"[포토] 최지우 '보미라이, 피부관리에 최고에요'",,,http://www.viva100.com/main/view.php?key=20190519001008282,http://www.edaily.co.kr/
2019-05-28 14:01:11,이투데이,경제,이번엔 '온라인'서 전쟁...신세계·롯데 할인 공세에 G마켓·옥션도 '맞불',"[ 6월 1~2일 여주·파주·시흥·부산서 동시 개최아울렛 가격에서 최고 20% 추가 할인SSG닷컴 ‘프리미엄 아울렛’ 관에서도 동시 진행    (사진=신세계사이먼)[이데일리 함지현 기자]신세계사이먼은 6월 1~2일 양일간 여주, 파주, 시흥, 부산 프리미엄 아울렛에서 ‘수퍼 세일(SUPER SALE)’을 개최한다고 28일 밝혔다.신세계사이먼에 따르면 올해 ‘수퍼 세일’은 연중 25~65% 할인하는 기존 아울렛 가격에서 최고 20% 추가 할인하는 혜택을 제공한다.구매 금액 별 사은 행사도 진행한다. 전 점에서 삼성 또는 KB국민카드로 100·200만원 이상 구매 시 신세계상품권을 각 5·10만원 선착순 증정한다. 또한, SSG PAY로 100·200만원 이상 결제 시 SSG MONEY를 각 1·2만원 증정한다.대표적인 브랜드 프로모션으로 전 점에서 아르마니 스토어, 마이클코어스, 마쥬, 산드로, 띠어리, 미샤, 지고트, 럭키슈에뜨 등의 디자이너 브랜드와 폴로 랄프로렌, 빈폴, 브룩스브라더스, CK 진, 게스 등 트래디셔널 캐주얼 브랜드가 참여한다. 또한, 아디다스, 언더아머, 푸마,  노스페이스, 블랙야크 등의 스포츠·아웃도어 브랜드와 슈콤마보니, 락포트, 탠디 등의 슈즈 브랜드도 행사에 동참한다.올해 처음으로 온라인 판매도 함께 진행된다. 지난 5월 초 오픈한 SSG닷컴 ‘프리미엄 아울렛’관에서도 파라점퍼스, 무스너클, MSGM, 아쉬, 나이스크랍, 에고이스트, 랩 등의 브랜드가 아울렛 가격에서 최고 20% 추가 할인한다.수퍼 세일이 개최되는 동안 프리미엄 아울렛은 다채로운 즐기거리도 선보인다.우선 전 점에서 가족 단위 고객을 위해 회전목마, 미니트레인 등 놀이 시설을 무료 개방하고, 특별 제작한 수퍼 세일 풍선을 무료 증정한다. 센터별로 특색있는 이벤트도 펼쳐진다. 여주 프리미엄 아울렛에서는 인디밴드 공연과 글램핑 컨셉의 푸드트럭·플리마켓 대축제가 열리며, 파주 프리미엄 아울렛에서는 BTS 어쿠스틱 버전 커버 등 감미로운 버스킹 공연과 함께 인기 스트리트 푸드가 가득한 푸드 페스타가 개최될 예정이다. 시흥 프리미엄 아울렛에서는 동심을 자극하는 수퍼 매직쇼와 비눗방울 놀이, 플리마켓, 수퍼 간식 페스타 등이 열리며, 부산 프리미엄 아울렛에서도 버스킹 밴드, 저글링 쇼 등이 개최된다.신세계사이먼은 ‘수퍼 세일’기간동안 30분 조기 오픈, 1시간 연장영업을 단행해 오전 10시부터 오후 10시까지 운영할 계획이다. 조창현 신세계사이먼 대표이사는 “수퍼 세일은 쇼핑과 함께 다양한 즐길거리가 어우러진 프리미엄 아울렛만의 차별화된 쇼핑 축제”라며 “향후에도 단순한 쇼핑 공간을 넘어 고객들의 지친 일상을 힐링하는 문화 공간으로 자리잡을 수 있도록 노력할 것”이라고 말했다.함지현 (hamz@edaily.co.kr)네이버 홈에서 ‘이데일리’ 뉴스 [구독하기▶]꿀잼가득 [영상보기▶] , 청춘뉘우스~ [스냅타임▶]＜ⓒ종합 경제정보 미디어 이데일리 - 무단전재 &amp; 재배포 금지＞ ]",[],http://www.etoday.co.kr/news/section/newsview.php?idxno=1757642,https://n.news.naver.com/mnews/article/018/0004389403?sid=101
2019.05.30.,서울파이낸스,,'유통공룡' 롯데·신세계 할인공세에 이커머스 맞불작전,,,http://www.seoulfn.com/news/articleView.html?idxno=343654,http://www.viva100.com
2019.05.30.,에너지경제,,[창간30주년-혁신과 변화] 신세계백화점 ‘디지털 신세계’ 향해 가속 페달 밟...,,,http://www.ekn.kr/news/article.html?no=433821,https://www.moneys.co.kr/
2019.05.30.,서울경제,경제,[이번주 추천주] '3기 신도시 수혜' HDC현대산업개발 등 주목,"[     한낮 최고 기온이 30도를 웃도는 등 여름이 빨리 찾아왔다. 때이른 더위를 피해 한강에서 피크닉을 즐기거나, 축구와 야구 등 스포츠 경기를 보며 시원한 맥주 한 모금으로 더위를 달래는 이들이 늘고 있다.신세계그룹의 간편결제 서비스 SSG페이는 여름을 맞아 이마트24에서 수입 맥주를 구매하는 고객을 대상으로 시원한 혜택을 준비했다.6월 한달 동안 매주 토요일 이마트24에서 수입 맥주 8캔(2만원)을 SSG페이로 결제하는 고객에게 SSG머니 5000원 캐시백 이벤트를 통해 1만5000원에 제공한다. 4캔 1만원에 판매 중인 수입 맥주를 대상으로 8캔을 선택해 알뜰하게 구매할 수 있는 기회다.특히 축구 팬들을 잠 못들게 할 빅매치들이 연달아 예정된 만큼, 여름밤 축구 경기를 시원한 맥주와 함께 즐기려는 이들의 큰 호응이 예상된다.SSG머니 캐시백은 월 1인 1회에 한해 5000원 한도 적용, 7월18일에 일괄 제공된다. SSG머니는 SSG페이의 선불 결제 수단으로 전국 이마트, 신세계백화점, 트레이더스, SSG닷컴, 스타벅스 등 온·오프라인 가맹점에서 현금처럼 자유롭게 사용할 수 있다.SSG페이 이벤트와 관련한 자세한 사항은 SSG페이 앱과 이마트24 매장에서 확인할 수 있다. 김설아 기자 sasa7088@mt.co.kr▶ 고수들의 재테크 비법 ▶ 박학다식 '이건희칼럼' &lt;저작권자 ⓒ '성공을 꿈꾸는 사람들의 경제 뉴스' 머니S, 무단전재 및 재배포 금지&gt;   ]",[],https://www.sedaily.com/NewsView/1VJ7B555VW,https://n.news.naver.com/mnews/article/417/0000414201?sid=101
A22면 1단,파이낸셜뉴스언론사 선정,,빈손으로 끝난 무역협상에 변동성 확대 [주간 증시 전망],,,http://www.fnnews.com/news/201905121614382447,http://www.sedaily.com
2019.05.31.,이데일리,경제,[주간추천주]1Q실적 발표 끝자락…밸류에이션 저평가株 러브콜,"[     [서울경제] 싱가포르국부펀드(GIC)는 이마트(139480)에 5.16%(약 2000억원)를 신규 투자했다고 29일 공시했다. GIC는 경영권 참여 의지가 없는 단순 투자라고 설명했다.앞서 신세계그룹의 이커머스 법인인 SSG닷컴은 이마트의 부채 일부를 상환하기로 했다. 이번 투자유치는 이마트의 재무구조 개선에도 도움이 될 것으로 보인다. 이마트의 실적은 하향세다. 1·4분기 연결 영업이익은 743억원, 순이익은 697억원으로 지난해보다 각각 51.6% , 44% 줄었다.   /임세원기자 why@sedaily.com[서울경제 바로가기]▶ 텔레그램으로 서울경제 구독하기  | ▶ 네이버TV로 서울경제썸 구독하기▶ 네이버 메인에서 'No. 1 뉴스' 서울경제를 만나보세요저작권자 ⓒ 서울경제, 무단 전재 및 재배포 금지   ]","['', '유상증자가 아닌데, 무슨 투자 유치냐?  회사에 자본 유입이 없는데, 무슨 재무가 좋아지냐?  내가 주식 사는것도 투자 유치냐?  경제 신문 기자가 생각이 있는거냐? 없는거냐? 무식하기는']",http://www.edaily.co.kr/news/newspath.asp?newsid=01466166622490560,https://n.news.naver.com/mnews/article/011/0003562473?sid=101
2019.05.28.,아주경제,,[주간추천종목] 하나금융지주 이마트 한솔케미칼 F&F,,,http://www.ajunews.com/view/20190517164119520,http://www.hankyung.com/
2019.05.30.,이데일리,경제,[주간추천주]SK증권,"[ ""국내 주식 팔아치우던 GIC이마트엔 2000억 투자 이례적""일각 ""온라인몰 등 실적 저조""[ 임근호 기자  ] 테마섹과 더불어 싱가포르 양대 국부펀드인 싱가포르투자청(GIC)이 이마트 지분을 5% 이상 취득했다. 1년 새 반 토막 났던 주가가 ‘바닥’에 가까워진 것 아니냐는 기대가 솔솔 나온다.    30일 금융감독원에 따르면 GIC는 지난 23일 이마트 주식 4만4652주를 순매수해 보유 주식이 14만3683주로 늘었다. 지분율은 5.1%로 처음 5%를 넘어섰다. 이날 종가 14만3000원을 기준으로 2057억원어치에 달한다.GIC는 웅진코웨이, 아모레퍼시픽, LIG넥스원, 오리온, BGF 등을 갖고 있었지만 지난해부터 올해까지 상당량 팔았다. 셀트리온과 셀트리온헬스케어 등을 보유한 테마섹도 비중을 줄여나가고 있다.이마트는 지난해 32.66% 급락했다. 올해도 21.64% 떨어졌다. 소비 행태가 온라인 쇼핑으로 급속히 바뀌며 오프라인 점포의 실적이 계속 나빠지고 있는 탓이다. 편의점(이마트24), 복합쇼핑몰(스타필드), 창고형 할인점(트레이더스), 전문점(노브랜드·일렉트로마트·삐에로쑈핑) 등으로 사업 다각화를 하고 있지만 그만큼 비용 부담이 커지고 있다.증권가에선 이마트 주가를 둘러싼 바닥 논쟁이 한창이다. 쟁점은 이마트·신세계의 통합 온라인몰인 SSG닷컴의 경쟁력이다. SSG닷컴의 매출 증가율이 시장 평균을 밑돌고 있는 게 문제로 지목된다.유정현 대신증권 연구원은 “SSG닷컴은 경쟁사와 비교해 강점이 없고 신생 업체가 계속 등장하면서 업종 내 경쟁이 치열해졌다”며 “이마트 주가가 바닥을 찍었다고 말하기 힘들다”고 했다. 김주명 미래에셋대우 연구원은 “제2 김포 물류센터 등 배송인프라가 올해 말 확충되면 기업가치가 재조명될 것”이라고 말했다.자산주로서의 매력을 보고 GIC가 이마트 주식을 매수했을 것이란 분석도 나온다. 이마트의 주가순자산비율(PBR: 시가총액/자본총계)은 0.4배로 사상 최저 수준이다. 현금성 자산(5800억원), 유형자산(10조원), 투자부동산(1조원), 삼성생명 주식(1조원) 등 보유 자산이 많지만 시가총액은 3조9862억원으로 넷마블(9조6561억원) 강원랜드(6조6535억원)보다 적다.임근호 기자 eigen@hankyung.com▶ 네이버에서 '한국경제' 구독하고 비씨카드·한경레이디스컵 KLPGA 입장권 받자 ▶ 한경닷컴 바로가기  ▶ 모바일한경 구독신청 ⓒ 한국경제 &amp; hankyung.com, 무단전재 및 재배포 금지   ]","['누가 이렇게 이마트 주가를 바닥 냈을까요? 기자님 나타난 실태만 기사 쓰지 말고 왜! 이렇게까지 됐을까? 경기가 안 좋아 실적이 부진 한 것이 비단 이마트 하나여서 그럴까요? 조금 더 기사 내는 것 보다 더 중요한 이슈가 될 실적이사실로 국민들에게 적극적인 호응을 좀 얻어 보시죠! 이러니 맨날 뒷북 친다는 얘기가 나오는 것 아닐까요? 그렇다면 이마트 주가가 왜 이렇게 됐을까요? 정말 모르면 이마트 증시 토론글 좀 보세요! 그곳에 골프 소액주주 까페가 그 사실을 알리고 있습니다. 참고하세요! ^^*', '']",http://www.edaily.co.kr/news/newspath.asp?newsid=01587526622490232,https://n.news.naver.com/mnews/article/015/0004150860?sid=101
2019.05.29.,뉴시스,,쓱으로 결제하고 쓱으로 돌려받자…신세계 할인 행사,,,http://www.newsis.com/view/?id=NISX20190513_0000648230&cID=13001&pID=13000,https://dealsite.co.kr/
2019.05.30.,이데일리,,"보미라이, ‘최지우의 뷰티 톡톡’ 토크쇼 개최",,,http://www.edaily.co.kr/news/newspath.asp?newsid=02378006622488920,http://www.edaily.co.kr/
2019.05.29.,머니투데이,경제,"'가격·브랜드' 앞세운 아울렛, 온라인 속으로 '집결'","[ 6월 1~2일 여주·파주·시흥·부산서 동시 개최아울렛 가격에서 최고 20% 추가 할인SSG닷컴 ‘프리미엄 아울렛’ 관에서도 동시 진행    (사진=신세계사이먼)[이데일리 함지현 기자]신세계사이먼은 6월 1~2일 양일간 여주, 파주, 시흥, 부산 프리미엄 아울렛에서 ‘수퍼 세일(SUPER SALE)’을 개최한다고 28일 밝혔다.신세계사이먼에 따르면 올해 ‘수퍼 세일’은 연중 25~65% 할인하는 기존 아울렛 가격에서 최고 20% 추가 할인하는 혜택을 제공한다.구매 금액 별 사은 행사도 진행한다. 전 점에서 삼성 또는 KB국민카드로 100·200만원 이상 구매 시 신세계상품권을 각 5·10만원 선착순 증정한다. 또한, SSG PAY로 100·200만원 이상 결제 시 SSG MONEY를 각 1·2만원 증정한다.대표적인 브랜드 프로모션으로 전 점에서 아르마니 스토어, 마이클코어스, 마쥬, 산드로, 띠어리, 미샤, 지고트, 럭키슈에뜨 등의 디자이너 브랜드와 폴로 랄프로렌, 빈폴, 브룩스브라더스, CK 진, 게스 등 트래디셔널 캐주얼 브랜드가 참여한다. 또한, 아디다스, 언더아머, 푸마,  노스페이스, 블랙야크 등의 스포츠·아웃도어 브랜드와 슈콤마보니, 락포트, 탠디 등의 슈즈 브랜드도 행사에 동참한다.올해 처음으로 온라인 판매도 함께 진행된다. 지난 5월 초 오픈한 SSG닷컴 ‘프리미엄 아울렛’관에서도 파라점퍼스, 무스너클, MSGM, 아쉬, 나이스크랍, 에고이스트, 랩 등의 브랜드가 아울렛 가격에서 최고 20% 추가 할인한다.수퍼 세일이 개최되는 동안 프리미엄 아울렛은 다채로운 즐기거리도 선보인다.우선 전 점에서 가족 단위 고객을 위해 회전목마, 미니트레인 등 놀이 시설을 무료 개방하고, 특별 제작한 수퍼 세일 풍선을 무료 증정한다. 센터별로 특색있는 이벤트도 펼쳐진다. 여주 프리미엄 아울렛에서는 인디밴드 공연과 글램핑 컨셉의 푸드트럭·플리마켓 대축제가 열리며, 파주 프리미엄 아울렛에서는 BTS 어쿠스틱 버전 커버 등 감미로운 버스킹 공연과 함께 인기 스트리트 푸드가 가득한 푸드 페스타가 개최될 예정이다. 시흥 프리미엄 아울렛에서는 동심을 자극하는 수퍼 매직쇼와 비눗방울 놀이, 플리마켓, 수퍼 간식 페스타 등이 열리며, 부산 프리미엄 아울렛에서도 버스킹 밴드, 저글링 쇼 등이 개최된다.신세계사이먼은 ‘수퍼 세일’기간동안 30분 조기 오픈, 1시간 연장영업을 단행해 오전 10시부터 오후 10시까지 운영할 계획이다. 조창현 신세계사이먼 대표이사는 “수퍼 세일은 쇼핑과 함께 다양한 즐길거리가 어우러진 프리미엄 아울렛만의 차별화된 쇼핑 축제”라며 “향후에도 단순한 쇼핑 공간을 넘어 고객들의 지친 일상을 힐링하는 문화 공간으로 자리잡을 수 있도록 노력할 것”이라고 말했다.함지현 (hamz@edaily.co.kr)네이버 홈에서 ‘이데일리’ 뉴스 [구독하기▶]꿀잼가득 [영상보기▶] , 청춘뉘우스~ [스냅타임▶]＜ⓒ종합 경제정보 미디어 이데일리 - 무단전재 &amp; 재배포 금지＞ ]",[],http://news.mt.co.kr/mtview.php?no=2019050713350971764,https://n.news.naver.com/mnews/article/018/0004389403?sid=101
2019-05-30 09:22:31,한국경제TV,,"SK證 ""이마트, 영업익 훼손…긴호흡 주시""",,,http://news.wowtv.co.kr/NewsCenter/News/Read?articleId=A201905170102&t=NN,http://www.shinailbo.co.kr/
2019-05-30 10:23:02,아시아경제,,이번 주말 아울렛 큰 장 열린다…추가할인 최대 30%(종합),,,https://view.asiae.co.kr/news/view.htm?idxno=2019052809382374252,http://www.dt.co.kr/
2019-05-30 17:34:06,서울경제언론사 선정,경제,"어린이날, 강아지 용품이 아동 장난감보다 잘 팔린 이유는?","[ 미래에셋대우 분석[디지털타임스 김민주 기자] 미래에셋대우는 29일 이마트에 대해 하반기부터 온라인몰 SSG닷컴 외형 성장과 함께 자회서 실적 개선으로 주가 반등 가능성이 있다고 평가했다. 투자의견과 목표주가는 '매수'와 19만원을 각각 유지했다.김명주 미래에셋대우 연구원은 ""SSG닷컴은 사모펀드(PEF)의 투자 집행 시 주주가치 3조원을 평가받았으나 현재 이마트 기업가치에 SSG닷컴의 가치는 거의 반영되지 않았다""며 ""성장률이 지난 1년 이상 온라인 시장을 하회했기 때문""이라고 전했다.김 연구원은 ""배송 캐파 부족에 따른 이마트몰 충성고객 이탈과 마켓컬리, 오아시스, 무신사 등 신흥강자 탄생에 따른 신규 유입 고객 감소 때문으로 판단한다""고 강조했다. 다만 그는 ""하반기에 진입하면서 SSG닷컴의 외형 성장은 차츰 회복할 것""이라며 ""이마트의 온라인 배송 캐파가 지속적으로 확대되고 명품 등 프리미엄 카테고리 강화로 타 플랫폼과의 차별화를 확보하고 있다""고 설명했다.이어 ""이마트 본업 부진은 당분간 이어져도 SSG닷컴의 외형 성장 회복 가능성과 기업가치 재조명, 에브리데이와 프라퍼티 등 자회사 실적 개선에 따라 하반기 주가 반등 가능성이 있다""고 내다봤다.김민주기자 stella2515@dt.co.kr     디지털타임스 기획 : [ ] 에게 고견을 듣는다 / [연중기획] 풀뿌리상권 살려내자네이버 채널에서 '디지털타임스'를 구독해주세요. ]",[],https://www.sedaily.com/NewsView/1VJ2ONKAB0,https://n.news.naver.com/mnews/article/029/0002529977?sid=101
2019-05-28 14:01:11,뉴스브라이트,,배우 최지우 X 보미라이 ‘최지우의 뷰티톡톡’ 진행!,,,http://newsbrite.net/sub_read.html?uid=62524§ion=sc1,http://www.newdaily.co.kr/
2019-05-29 09:04:04,뉴시스,,'그래도 아직까진 괜찮네'…백화점 업계 1분기 성적표,,,http://www.newsis.com/view/?id=NISX20190513_0000648575&cID=13001&pID=13000,https://www.yna.co.kr/
2019-05-29 10:57:25,서울경제,세계,불황에 증명된 '립스틱 효과',"[    (서울, 한국 2019년 5월 29일 PRNewswire=연합뉴스) 미국 판매 1위 케이스 업체 오터박스[1]가 스마트폰 케이스와 강화유리, 케이블을 비롯한 다양한 모바일 액세서리를 일렉트로마트 매장에서 판매하기 시작했다.오터박스는 현재 일렉트로마트 일부 매장에서 애플 아이폰, 아이패드 전용 액세서리 판매하기 시작했으며, 입점 매장 수와 운영상품 카테고리를 지속해서 확장할 예정이라고 한다.이외에도 SSG닷컴, 지마켓, 이베이, 11번가 등 온라인 몰에서는 애플 전용 액세서리뿐만 아니라 삼성 갤럭시 시리즈 전용 액세서리들을 포함한 더욱 다양한 상품들을 취급하고 있다.신세계아이앤씨와 국내 총판 제휴를 맺은 오터박스는 모바일 액세서리 분야의 글로벌 선두주자로서 국 내에서도 모바일 액세서리 1위 브랜드로 성장할 것이 기대된다.오터박스 소개    오터박스는 어떤 환경에서도 자신감과 신뢰감을 주는 견고하고 혁신적인 제품을 개발하는 업체이다. 미국의 콜로라도주, 작은 차고에서 다용도 방수 상자인 드라이박스를 만드는 것으로 소박하게 시작한 오터박스는 특유의 디자인, 제조 기술로 미국에서 가장 많이 팔리는 스마트폰 케이스 브랜드[1], 러기드 아웃도어 라이프스타일 제품 분야의 리더가 되었다.오터박스의 모든 혁신의 중심에는 세상에 긍정적이고 지속적인 변화를 가져오겠다는 데에 더 확고한 목표가 있다. 오터캐어스(OtterCares) 재단과의 파트너십을 통해, 오터박스는 기업가 정신과 자선 활동을 통해 세상을 더욱 긍정적으로 변화시킬 수 있도록 어린이들을 고무시키는 데에 성장의 목표를 두고 있다. 오터캐어스와 오터박스의 활동에 대한 자세한 내용은 본 사이트에서 볼 수 있다. otterbox.com/givingback.오터박스 본사 사이트 https://www.otterbox.asia/참고:    [1] 출처: The NPD Group/Retail Tracking Service: Cell Phone Device Protection / Units Sold / January 2015 - June 2018(c)2019 모든 권리는 Otter Products, LLC에 있으며, 미국과 다른 나라에 등록된 오터박스 이름과 트레이드 마크는 Otter Products, LLC의 자산입니다.로고 - https://photos.prnasia.com/prnh/20190523/2476241-1    OtterBox Logo출처: OtterBox Hong Kong Limited[편집자 주] 본고는 자료 제공사에서 제공한 것으로, 연합뉴스는 내용에 대해 어떠한 편집도 하지 않았음을 밝혀 드립니다.▶네이버 홈에서 [연합뉴스] 채널 구독하기▶뭐 하고 놀까? #흥  ▶쇼미더뉴스! 오늘 많이 본 뉴스영상 ]",[],https://www.sedaily.com/NewsView/1VJ5Y1B5DG,https://n.news.naver.com/mnews/article/001/0010854260?sid=104
2019.05.31.,서울경제,,불황에 증명된 '립스틱 효과',,,https://www.sedaily.com/NewsView/1VJ5Y1B5DG,https://dealsite.co.kr/
2019.05.28.,뉴시스,,"KB證 ""신세계, 면세점 이익 개선 이뤄질 것…목표가↑""",,,http://www.newsis.com/view/?id=NISX20190513_0000648209&cID=10401&pID=10400,http://www.edaily.co.kr/
2019.05.30.,머니S,경제,"""'개린이날' 아시나요""… 어린이날 기간 반려동물 매출 '쑥쑥'","[ 6월 1~2일 여주·파주·시흥·부산서 동시 개최아울렛 가격에서 최고 20% 추가 할인SSG닷컴 ‘프리미엄 아울렛’ 관에서도 동시 진행    (사진=신세계사이먼)[이데일리 함지현 기자]신세계사이먼은 6월 1~2일 양일간 여주, 파주, 시흥, 부산 프리미엄 아울렛에서 ‘수퍼 세일(SUPER SALE)’을 개최한다고 28일 밝혔다.신세계사이먼에 따르면 올해 ‘수퍼 세일’은 연중 25~65% 할인하는 기존 아울렛 가격에서 최고 20% 추가 할인하는 혜택을 제공한다.구매 금액 별 사은 행사도 진행한다. 전 점에서 삼성 또는 KB국민카드로 100·200만원 이상 구매 시 신세계상품권을 각 5·10만원 선착순 증정한다. 또한, SSG PAY로 100·200만원 이상 결제 시 SSG MONEY를 각 1·2만원 증정한다.대표적인 브랜드 프로모션으로 전 점에서 아르마니 스토어, 마이클코어스, 마쥬, 산드로, 띠어리, 미샤, 지고트, 럭키슈에뜨 등의 디자이너 브랜드와 폴로 랄프로렌, 빈폴, 브룩스브라더스, CK 진, 게스 등 트래디셔널 캐주얼 브랜드가 참여한다. 또한, 아디다스, 언더아머, 푸마,  노스페이스, 블랙야크 등의 스포츠·아웃도어 브랜드와 슈콤마보니, 락포트, 탠디 등의 슈즈 브랜드도 행사에 동참한다.올해 처음으로 온라인 판매도 함께 진행된다. 지난 5월 초 오픈한 SSG닷컴 ‘프리미엄 아울렛’관에서도 파라점퍼스, 무스너클, MSGM, 아쉬, 나이스크랍, 에고이스트, 랩 등의 브랜드가 아울렛 가격에서 최고 20% 추가 할인한다.수퍼 세일이 개최되는 동안 프리미엄 아울렛은 다채로운 즐기거리도 선보인다.우선 전 점에서 가족 단위 고객을 위해 회전목마, 미니트레인 등 놀이 시설을 무료 개방하고, 특별 제작한 수퍼 세일 풍선을 무료 증정한다. 센터별로 특색있는 이벤트도 펼쳐진다. 여주 프리미엄 아울렛에서는 인디밴드 공연과 글램핑 컨셉의 푸드트럭·플리마켓 대축제가 열리며, 파주 프리미엄 아울렛에서는 BTS 어쿠스틱 버전 커버 등 감미로운 버스킹 공연과 함께 인기 스트리트 푸드가 가득한 푸드 페스타가 개최될 예정이다. 시흥 프리미엄 아울렛에서는 동심을 자극하는 수퍼 매직쇼와 비눗방울 놀이, 플리마켓, 수퍼 간식 페스타 등이 열리며, 부산 프리미엄 아울렛에서도 버스킹 밴드, 저글링 쇼 등이 개최된다.신세계사이먼은 ‘수퍼 세일’기간동안 30분 조기 오픈, 1시간 연장영업을 단행해 오전 10시부터 오후 10시까지 운영할 계획이다. 조창현 신세계사이먼 대표이사는 “수퍼 세일은 쇼핑과 함께 다양한 즐길거리가 어우러진 프리미엄 아울렛만의 차별화된 쇼핑 축제”라며 “향후에도 단순한 쇼핑 공간을 넘어 고객들의 지친 일상을 힐링하는 문화 공간으로 자리잡을 수 있도록 노력할 것”이라고 말했다.함지현 (hamz@edaily.co.kr)네이버 홈에서 ‘이데일리’ 뉴스 [구독하기▶]꿀잼가득 [영상보기▶] , 청춘뉘우스~ [스냅타임▶]＜ⓒ종합 경제정보 미디어 이데일리 - 무단전재 &amp; 재배포 금지＞ ]",[],http://moneys.mt.co.kr/news/mwView.php?no=2019050917498066724,https://n.news.naver.com/mnews/article/018/0004389403?sid=101
2019.05.30.,브릿지경제,,1년간 주가 반 토막난 이마트…회복 시점 언제?,,,http://www.viva100.com/main/view.php?key=20190519010005830,http://www.polinews.co.kr/
2019.05.29.,이데일리,,"[29th SRE][Worst]이마트, 부진의 터널 어디쯤 와있나",,,http://www.edaily.co.kr/news/newspath.asp?newsid=01344806622489248,http://www.shinailbo.co.kr/
2019.05.30.,매일경제언론사 선정,,"""화장품으로 휴식 느껴보세요""",,,http://news.mk.co.kr/newsRead.php?year=2019&no=286427,http://www.dt.co.kr/
2019.05.29.,이데일리,경제,[29th SRE][Issue]‘아 옛날이여’…소비패러다임 변화에 유통업 휘청,"[ 미래에셋대우 분석[디지털타임스 김민주 기자] 미래에셋대우는 29일 이마트에 대해 하반기부터 온라인몰 SSG닷컴 외형 성장과 함께 자회서 실적 개선으로 주가 반등 가능성이 있다고 평가했다. 투자의견과 목표주가는 '매수'와 19만원을 각각 유지했다.김명주 미래에셋대우 연구원은 ""SSG닷컴은 사모펀드(PEF)의 투자 집행 시 주주가치 3조원을 평가받았으나 현재 이마트 기업가치에 SSG닷컴의 가치는 거의 반영되지 않았다""며 ""성장률이 지난 1년 이상 온라인 시장을 하회했기 때문""이라고 전했다.김 연구원은 ""배송 캐파 부족에 따른 이마트몰 충성고객 이탈과 마켓컬리, 오아시스, 무신사 등 신흥강자 탄생에 따른 신규 유입 고객 감소 때문으로 판단한다""고 강조했다. 다만 그는 ""하반기에 진입하면서 SSG닷컴의 외형 성장은 차츰 회복할 것""이라며 ""이마트의 온라인 배송 캐파가 지속적으로 확대되고 명품 등 프리미엄 카테고리 강화로 타 플랫폼과의 차별화를 확보하고 있다""고 설명했다.이어 ""이마트 본업 부진은 당분간 이어져도 SSG닷컴의 외형 성장 회복 가능성과 기업가치 재조명, 에브리데이와 프라퍼티 등 자회사 실적 개선에 따라 하반기 주가 반등 가능성이 있다""고 내다봤다.김민주기자 stella2515@dt.co.kr     디지털타임스 기획 : [ ] 에게 고견을 듣는다 / [연중기획] 풀뿌리상권 살려내자네이버 채널에서 '디지털타임스'를 구독해주세요. ]",[],http://www.edaily.co.kr/news/newspath.asp?newsid=01170966622489576,https://n.news.naver.com/mnews/article/029/0002529977?sid=101
2019.05.26.,이데일리,,"[주간추천주]중복표 받은 카카오, `배너광고`로 실적기대",,,http://www.edaily.co.kr/news/newspath.asp?newsid=01403846622488264,http://www.newdaily.co.kr/
2019.05.01.,서울경제,,"신세계사이먼, 다음달 상반기 최대 세일전...아울렛 가격서 20%추가할인",,,https://www.sedaily.com/NewsView/1VJBGCTJ6R,https://www.yna.co.kr/
2019.05.27.,뉴스핌,세계,[주간추천주] 1분기 실적 발표 마무리…저평가株 매수 타이밍,"[    (서울, 한국 2019년 5월 29일 PRNewswire=연합뉴스) 미국 판매 1위 케이스 업체 오터박스[1]가 스마트폰 케이스와 강화유리, 케이블을 비롯한 다양한 모바일 액세서리를 일렉트로마트 매장에서 판매하기 시작했다.오터박스는 현재 일렉트로마트 일부 매장에서 애플 아이폰, 아이패드 전용 액세서리 판매하기 시작했으며, 입점 매장 수와 운영상품 카테고리를 지속해서 확장할 예정이라고 한다.이외에도 SSG닷컴, 지마켓, 이베이, 11번가 등 온라인 몰에서는 애플 전용 액세서리뿐만 아니라 삼성 갤럭시 시리즈 전용 액세서리들을 포함한 더욱 다양한 상품들을 취급하고 있다.신세계아이앤씨와 국내 총판 제휴를 맺은 오터박스는 모바일 액세서리 분야의 글로벌 선두주자로서 국 내에서도 모바일 액세서리 1위 브랜드로 성장할 것이 기대된다.오터박스 소개    오터박스는 어떤 환경에서도 자신감과 신뢰감을 주는 견고하고 혁신적인 제품을 개발하는 업체이다. 미국의 콜로라도주, 작은 차고에서 다용도 방수 상자인 드라이박스를 만드는 것으로 소박하게 시작한 오터박스는 특유의 디자인, 제조 기술로 미국에서 가장 많이 팔리는 스마트폰 케이스 브랜드[1], 러기드 아웃도어 라이프스타일 제품 분야의 리더가 되었다.오터박스의 모든 혁신의 중심에는 세상에 긍정적이고 지속적인 변화를 가져오겠다는 데에 더 확고한 목표가 있다. 오터캐어스(OtterCares) 재단과의 파트너십을 통해, 오터박스는 기업가 정신과 자선 활동을 통해 세상을 더욱 긍정적으로 변화시킬 수 있도록 어린이들을 고무시키는 데에 성장의 목표를 두고 있다. 오터캐어스와 오터박스의 활동에 대한 자세한 내용은 본 사이트에서 볼 수 있다. otterbox.com/givingback.오터박스 본사 사이트 https://www.otterbox.asia/참고:    [1] 출처: The NPD Group/Retail Tracking Service: Cell Phone Device Protection / Units Sold / January 2015 - June 2018(c)2019 모든 권리는 Otter Products, LLC에 있으며, 미국과 다른 나라에 등록된 오터박스 이름과 트레이드 마크는 Otter Products, LLC의 자산입니다.로고 - https://photos.prnasia.com/prnh/20190523/2476241-1    OtterBox Logo출처: OtterBox Hong Kong Limited[편집자 주] 본고는 자료 제공사에서 제공한 것으로, 연합뉴스는 내용에 대해 어떠한 편집도 하지 않았음을 밝혀 드립니다.▶네이버 홈에서 [연합뉴스] 채널 구독하기▶뭐 하고 놀까? #흥  ▶쇼미더뉴스! 오늘 많이 본 뉴스영상 ]",[],http://www.newspim.com/news/view/20190518000130,https://n.news.naver.com/mnews/article/001/0010854260?sid=104
2019-05-28 14:01:11,뉴스핌,,[주간추천주] 1분기 실적 발표 마무리…저평가株 매수 타이밍,,,http://www.newspim.com/news/view/20190518000130,https://www.nocutnews.co.kr
2019-05-29 09:04:04,머니투데이,경제,"업황부진에 신성장동력도 훼손…""이마트, 어렵다""","[ [CBS노컷뉴스 장성주 기자]    (사진=연합뉴스)유통업계의 '무한투자 전쟁'을 촉발한 쿠팡이 향후 어떤 행보를 보일지 관심이 집중되고 있다.26일 업계에 따르면, '로켓배송'을 앞세운 쿠팡은 2014년부터 지난해까지 매출 기준 10배 넘는 성장을 기록했다.쿠팡의 매출은 △2014년 3484억원 △2015년 1조 1337억원 △2016년 1조 9159억원 △2017년 2조 6846억원 △2018년 4조 4227억원 등이다.문제는 같은 기간 동안 영업손실 역시 10배에 가까이 커졌다는 점이다. 쿠팡의 영업손실은 △2014년 1215억원 △2015년 5470억원 △2016년 5652억원 △2018년 1조 970억원 등을 보였다. 여기에 연결재무제표 기준 지난해 부채는 1조 8345억원에 달한다.덩치가 커지는 만큼 영업손실도 늘어나는 추세인 탓에 일각에서는 쿠팡의 미래가 불투명하다고 전망한다. 재무 건전성이 나빠지는 만큼 유동성 위기도 덩달아 커질 수 있기 때문이다.    (사진=연합뉴스)반면 쿠팡은 '의도된 적자'라는 입장이다.지난해 우리나라 온라인쇼핑 거래액은 111조 1893억원으로 전년대비 23% 성장했다. 전체 소매판매액에서 온라인쇼핑이 차지하는 비율은 23.9%로 13.2%였던 2015년에 비해 2배 가까이 늘어났다.시장 규모가 지속적으로 커지는 만큼, 공격적인 투자로 시장을 선점한 뒤 규모의 경제에 통해 큰 이익을 내겠다는 전략으로 풀이된다.이 같은 포부의 배경에는 손정의(손 마사요시) 소프트뱅크그룹 회장이 있다. 손 회장이 주도해 만든 '소프트뱅크 비전펀드' 규모는 1000억 달러, 우리나라 돈 119조다. 쿠팡은 이 비전펀드에서 2015년과 지난해 등 두 차례에 걸쳐 30억 달러(우리나라 돈 3조 5688억원)의 투자를 받았다.비전펀드를 통해 손 회장은 전 세계 IT벨트를 조성하는 것이 목표다. 비전펀드가 △영국 ARM(세계 최고 반도체 설계 기업) △미국 엔비디아(AI 기술 기업) △미국 우버(세계 최대 차량 공유 업체) △미국 위워크(세계 최대 사무실 공유 업체) △중국 디디추싱(중국 최대 차량 공유 업체) 등에 투자한 이유다.이에 따라 글로벌 기업들과 함께 어깨를 나란히 하고 있는 쿠팡의 기업가치는 10조원으로 평가된다.여기에 손 회장은 최근 제2의 비전펀드 조성을 공식 선언했다. 이 펀드 규모 역시 10조엔, 우리나라 돈 107조 8580억원 수준이다. 쿠팡에 추자 자금이 투입될 여력이 생기는 것으로 풀이된다.우리나라 유통업계의 전통적 강자인 롯데와 신세계가 각각 3조원의 투자와 1조원의 투자유치를 통해 '롯데온(ON)', '쓱(SSG)닷컴'에 공을 들이는 이유도 이 같은 쿠팡과 정면 승부를 위한 몸풀기라는 해석이다.또 국내 1위 포털사이트인 네이버가 지난달 모바일 화면을 개편하면서 쇼핑 부분을 부각시킨 것도 온라인쇼핑 시장의 '무한경쟁 시대'를 보여준 상징적인 사건이라는 평가다.한편 쿠팡의 공격적인 시장 선점 전략은 부작용도 낳고 있다.쿠팡이 최근 '쿠팡이츠' 시범서비스를 통해 음식 배달시장에 도전장을 내밀었으나, 현재 업계 1위인 우아한형제들이 불공정 거래 의혹을 제기하며 공정거래위원회와 경찰에 수사의뢰를 하면서다.쿠팡이 음식점에게 배달의민족과 기존 계약을 해지하고 쿠팡이츠와 독점 계약을 맺으면 수수료를 대폭 할인해주고 매출이 떨어질 경우 최대 수천만원의 현금보상안을 제시한 것은 공정거래법 위반이라는 게 우아한형제들의 주장이다.또 배민라이더스의 매출 상위 50개 음식점 명단과 매출 정보를 확보해 영업 활동에 이용했다는 의혹도 제기했다.결국 쿠팡이 불러온 온라인쇼핑 생태계의 '치킨게임'은 절정으로 치닫는 상황이다.▶ 확 달라진 노컷뉴스▶ 100만의 선택, 노컷뉴스 무료 구독 서비스▶ 어른들은 모르는 10대들의 이야기 joo501@cbs.co.kr저작권자 © CBS 노컷뉴스 무단전재 및 재배포 금지   ]","['쿠팡의 모델은 혁신이라기 보다는 막대한 자금력을 바탕으로 혼자 살아남기 위한 출혈경쟁이 지속이라 생각합니다.  경제라는게 한정된 자원으로 효율적 사용을 전제로 하는건데 요즘 나오는 비지니스들 보면 그런쪽하고 거리가 먼거 같아요.  우선 시장을 교란하고 혼자 살아남기 전략이 많아 보여 아쉬어요', '', '', '쿠팡 영업담당자들 발주만넣고 돈 밀려서 돈달라고 전화하면 안받는다며 ㅋㅋ', '쿠팡의 매출은 △2014년 3484억원 △2015년 1조 1337억원 △2016년 1조 9159억원 △2017년 2조 6846억원 △2018년 4조 4227억원 등이다.문제는 같은 기간 동안 영업손실 역시 10배에 가까이 커졌다는 점이다. 쿠팡의 영업손실은*2014년 1215억원*2015년 5470억원 *2016년 5652억원 *2018년 1조 970억원 등을 보였다. 여기에 연결재무제표 기준 지난해 부채는 1조 8345억원에 달한다./승자는 뉴구?쿠팡의 모델은 혁신이라기 보다는 막대한 자금력으로 상대가 죽을때까지.살아남을수 있을까', '', '솔직히 배송만큼은 쿠팡이 넘사벽인건 맞음', '쿠팡? 적자를 나중에 국민들의 신뢰를 쌓아 돈벌겟다는 심정이겠지만 과연..쿠팡이 직접 생산하는업체에서 물건을 다이렉트로 판매하는것도 아니고 다른 쇼핑몰처럼 중간상인업체들이 마진 먹을려고 모여있는거자나.쿠팡 너네들이 암만 그런다해도 모여있는 중간상인업체들이 마진 많이먹을려고 물품값을 대거올려뒀던데.. 그러니까 커질 못해..차라리 제품들을 다이렉트로 소비자와 연결시켜주면서 마진남긴다면 서로서로좋은건데 중간상인들의 마진율 장난으로 물건값은 더비싸..결국 소비자들은 공짜배송보다 물건값에 더 신경쓰니까.', '쿠팡 직방 배달의 민족 야놀자, 마켓컬리 등 플랫폼 사업은 최후에 살아남아서 독점을 통해 수익이 난다는 사업목표를 가지고 있다. 이걸 기술혁명이라고 해야되는가? 4차산업이라는 가면뒤에서 서비스의 독점기업화를 궁극적인 목적으로 하는 회사의 의견을 대통령이 듣다니... 독점기업 양산을 지원한다니 참!', '쿠팡 협력업체들에게 마진 많이 남길려고 단가인하 압박 엄청 납니다. 벌써 몇차례 인하를 했는지.. 이젠 사실 쟤네덜 못 믿겠습니다.', '쿠팡자본금은 남아잇냐 단군이래 최악의 글로벌 사기기업될듯하다', '쿠팡\n화이팅♡♡\n장성에계신  시어머님께\n온갖음료수나  사골곰탕 두유  떡 이불이며배개\n시키면 이틀만에도착  \n너무너무감사합니다\n로켓배송~~~♡♡♡♡♡\n대박나셔요', '로켓배송 납품업체들의 등골 빼먹고 입맛에 맞지않게 매입가 내고 안해주면 쉽게 매입중단하고 중소기업 조그만 업체들 사장들은 이러저리 휘둘리다 누구하나 자살해야 공정위에서 조사할랑가', '쿠팡 갑질 심각하다', '쿠팡 정말 좋아^^', '', '쿠팡로켓배송 그 서비스는 중소기업 등꼴빼서 가격후려치고 수수료높여서 만든거임.', '배송 하나는 끝내줌.\n\n쿠빵. 급할땐 찾게됩니다.', '', '', '', '의도된 적자가아니라 예고된 적자겠지 임마', '지역 자영업자들이 어려움을 격는 주된 이유가 바로 온라인쇼핑의 폭발적인 매출점유율 증가인 것이다. 오프라인소매업의 위축은 지역에서 유통되는 통화량을 줄여버렸다. 경제란 돈이 도는 것,  즉 화폐의 유통량을 의미하는 데 그 흐름에 경화가 발생한 것. 이는 구조적인 것으로 대세를 형성하고 있어 돌이킬 수는 없다. 정부의 지원정책으로는 해결될 숯없다. 일자리창출의 근본적인 개념을 변화시키는 연구가 시작되어야 한다.', '쿠팡 무료배송 의미  없음. 정말 급할때 로켓 와우 쓰는거 말고는 가격적인 메리트는 1도 없음. 네이버 가격비교 후 사는게 제일 이득임.', '손마사요시 소프트뱅크 회장이 투자의 귀재인건 아는데 쿠팡건은 실수한듯.', '결국 다른업체  다죽이고 다죽이면 가격올리겟따\n이거다\n쿠팡자채가 문제인데\n매출 억지로 늘리고 에효  빨리 망해라', '쿠팡이 왜? 이러는지 몰라서 물으니 전라도것들이 나대지....손정의는 일본사람이다!', '쿠팡이 착각하는게 선점을 위한 규모의 경제? 싸지 않으면 오늘이라도 다 떠나는게 요즘 인터넷 소비자들이야...', '', '요즘 위메프한테도 발리더만 ㅋㅋ', '그동안 물류회사 새끼들 힘든일 싫어하여 운전으로 밥먹고 살려는 애들 마구잡이로 뽑아 \n지엄마도 강간할 놈들 까지 택배기사로 막쓰다 \n쿠팡 생기면서  그나마  사람 새끼 쓸려고 노력은\n하는디 아직 멀었지.  쿠팡 없었으면  여자들 어디가서 하소연도 못하고  인생 종치는 여자들 수두룩히  계속 생겼을거다.  형도 힘든일 싫고  \n머리쓰는일 싫어 운전으로 밥먹고 사는데 주변에서   이런 새끼까지 택배 회사에서 쓰네 하는 놈들  수두룩 했다.  그나마 쿠팡이  택배기사 이미지 많이 바꿔 놨지. 그건 인정.', '쿠팡 라인잘탔네', '기업가치는 화장빨. 온라인도 별 메리트가 있나? 모래성이다.', '', '', '굿팡 망하면  줄도산하는거 아녀?\n적당히 해야지 \n다죽기하면 되남..', '', '', '', '손정의 쿠팡 좋던데... 노컷이야 좌빨 선동이 많고... 싸고 빠르고 편하고.. 더 좋은 서비스 내는 회사가 이기는 거지..', '최후의 승자는 네이버다 한국에서 캐쉬카우 하나없이 직매입 사업모델이 승리할수있을거라고 보냐', '쿠팡 홧띵', '', '']",http://news.mt.co.kr/mtview.php?no=2019051712004567448,https://n.news.naver.com/mnews/article/079/0003231091?sid=101
2019-05-29 10:57:25,이투데이,,명품 선방에도 역부족...백화점 3사 우울한 1분기 성적표,,,http://www.etoday.co.kr/news/section/newsview.php?idxno=1754578,http://www.dailysecu.com
2019-05-26 04:51:06,아주경제,,"신세계, 1분기 영업익 2.9% 감소…“신규 면세점 투자 영향”",,,http://www.ajunews.com/view/20190510172820304,http://www.metroseoul.co.kr
2019.05.01.,천지일보,,"백화점, 온라인 경쟁 위해 '아울렛 카드' 꺼냈다",,,http://www.newscj.com/news/articleView.html?idxno=629215,http://www.dailysecu.com
2019.05.27.,서울경제,,[이번주 추천주] 배너광고 시작한 카카오 등 IT주 주목,,,https://www.sedaily.com/NewsView/1VJ438BM1Q,http://www.metroseoul.co.kr
2019.05.28.,머니투데이방송,,미·중 무역분쟁 등 악재에 휘청이는 국내증시…증권사 추천 종목은?,,,http://news.mtn.co.kr/newscenter/news_viewer.mtn?gidx=2019051810260029118,http://news.etomato.com/
A23면 TOP,비즈니스포스트,,"유통회사 살아남기 경쟁, 가격보다 '빠른 배송'에 목숨을 걸다",,,http://www.businesspost.co.kr/BP?command=article_view&num=127844,http://www.mk.co.kr/
2019.05.22.,매일경제,경제,"신세계 프리미엄 아웃렛 상품, 이제 온라인에서도 산다","[ 지분 50% 이마트에 200억본사엔 배당·로열티 합쳐1000억원 가까이 지급해이마트와 20년계약 종료說엔""계약기간 없어"" 결별설 일축     스타벅스 코리아가 지난해 400억원을 배당한 것으로 나타났다. 스타벅스 코리아가 배당한 것은 2010년 이후 8년 만이며 미국 본사에 지급한 로열티 지급액도 지난해 약 780억원에 달했다. 22일 금융감독원 전자공시시스템에 따르면 스타벅스 코리아는 지난해 이마트와 스타벅스 인터내셔널에 각각 200억원씩 모두 400억원을 배당했다. 스타벅스 코리아는 정용진 신세계 부회장 주도로 1999년 신세계그룹 계열 이마트와 스타벅스 인터내셔널이 각각 50%를 투자해 설립됐다. 이후 2005년 60억원, 2007년 20억원, 2009년 20억원, 2010년 30억원 등 단 네 차례만 배당했다. 스타벅스 코리아는 또 상표·기술사용 계약을 통해 매출의 5%가량을 로열티로 스타벅스에 내고 있다. 스타벅스 코리아는 지난해 매출액 1조5224억원, 영업이익 1428억원, 당기순이익 1120억원을 기록했다. 이 같은 매출 규모는 신세계그룹 내에서 이마트와 신세계백화점에 이어 세 번째로 신세계푸드(1조2637억원), 신세계인터내셔날(1조1208억원)과 비슷한 수준이다.스타벅스 코리아 매출이 늘어나면서 로열티도 2015년 약 380억원에서 2016년 500억원, 2017년 630억원 등으로 매년 100억원 이상 늘고 있다. 스타벅스 코리아 매출액을 감안하면 지난해 미국 본사에 지급한 로열티 지급액은 약 780억원에 달한다.로열티와 배당금까지 1000억원에 가까운 돈이 지난해 스타벅스 본사로 흘러간 셈이다. 한 잔에 4000원짜리 아메리카노를 마시면 배당과 로열티로 250원가량이 미국 본사에 지불되는 구조다. 이러한 지급 구조 때문에 외국보다 한국 스타벅스 커피 가격이 비싸다는 지적도 나온다. 스타벅스 코리아가 8년 만에 갑작스럽게 거액을 배당한 것과 관련해 정용진 부회장의 강력한 요구가 있었던 것으로 알려졌다. 신세계는 최근 온라인과 오프라인을 통합하는 '신유통전쟁'에 대응하기 위해 그룹 통합 쇼핑몰인 SSG닷컴을 구축했다. 통합 온라인 쇼핑몰을 구현하기 위해 막대한 '총알'이 필요한 것도 사실이다. 이마트와 스타벅스 본사 간 재계약이 거액 배당에 영향을 미쳤을 것이란 분석도 나온다. 이마트가 그동안 배당 등에 관한 불만으로 스타벅스와 재계약하지 않을 것이란 소문이 있었기 때문이다. 스타벅스 코리아는 올해로 창립 20주년을 맞았다. 스타벅스 코리아의 고속 성장을 이끌어낸 이석구 대표가 지난 3월 갑작스레 물러난 것도 이러한 배당, 로열티, 재계약 문제 등과 관련됐다는 시각이 있다. 이 대표는 지난해 11월 말 신세계그룹 정기임원 인사에서 대표에 유임되면서 '성과주의'에 입각한 인사라는 평가가 나왔다. 그러나 3월 송호섭 전략운영담당 상무가 신임 대표에 선임되며 물러났다. 송 대표는 지난해 10월 스타벅스 코리아에 영입됐다. 송 대표 이전까지 신세계그룹 출신이 스타벅스 코리아 대표를 맡아왔기 때문에 스타벅스 본사 입김이 대표 인사에 반영됐다는 관측이 나왔다. 결국 스타벅스 본사는 한국 대표를 얻고 이마트는 '배당'을 얻었다는 분석도 가능하다. 하지만 이마트는 스타벅스 코리아는 조인트벤처 형태로, 스타벅스와 정해진 계약 기한이 없기 때문에 이 같은 주장이 사실과 다르다고 설명했다.배당과 관련해 스타벅스 코리아는 2년 연속 무차입 경영으로 안정화됐다는 판단에 따라 그동안 하지 않았던 배당을 진행했다는 입장이다. 배당 성향도 2011년도부터 현재까지 전체적인 관점에서 보면 업계 평균보다 오히려 낮은 수준이라고 주장했다. 2011년부터 2018년까지 스타벅스 코리아의 전체 당기순익의 합인 약 3890억원 대비 배당액은 10% 수준이다. 적자 경영 속에서도 무리하게 배당하는 기업이 많은 데 반해, 스타벅스 코리아는 회사가 안정적인 경영 기틀을 마련할 때까지 배당 대신 투자를 선택했다는 설명이다.[김기정 기자]▶네이버 메인에서 '매일경제'를 받아보세요▶뉴스레터 '매콤달콤' 구독 ▶무궁무진한 프리미엄 읽을거리[ⓒ 매일경제 &amp; mk.co.kr, 무단전재 및 재배포 금지]   ]","['ㅋㅋㅋㅋ 스벅이 비싼것도 옛말이지 다른 프렌차이즈 커피들이 미친듯이 가격을 올려놔서 누가 엔젤리너스 그가격주고 마시냐? ㅋㅋ', '스벅이 제일좋네요', '입맛이 싸구려인가 스벅이 제일 맛있음 ㅋ', '이디야 이용합시다 토종브랜드', '스벅? 외국가면 아메리카노 1800원정도한다', '스타벅스는 대표적인 비싼 커피중 하나로서 매장 분위기와 맛도 좋지만 국부유출이 심하네요.\n가성비 좋은 토종 국산 커피가 나왔으면 좋겠습니다~!!', '부끄럽네요. 이렇게 국부가 유출되는지도 모른체 좋다고 찾았으니.\n1. 일본보다 더비싼 이유도 ㅠㅠ\n2. 소위 종이컵을 들고서는 매장내를 접근도 못한체 ㅠㅠ\n3. 직원들로 부터 친절이라곤 찾아볼수도 없는 로보트느낌\n4. 이젠 더이상 스벅에서 느낄수 없는 경쟁력?\n5. 아무래도 조금씩 스스히 댐이 무너질것 같다.']",http://news.mk.co.kr/newsRead.php?year=2019&no=295680,https://n.news.naver.com/mnews/article/009/0004360829?sid=101
B6면 1단,IT조선,,[뉴스 브리핑] 5월20일…카카오페이 카톡 품 떠난다·노키아 5G 지연됐지만 계...,,,http://it.chosun.com/site/data/html_dir/2019/05/20/2019052000588.html,https://www.yna.co.kr/
2019.05.07.,머니S,경제,"보미라이, ‘최지우의 뷰티톡톡’ 개최… 최지우의 피부관리 비법·럭키드로우...","[    (서울=연합뉴스) 이신영 기자 = 신세계백화점의 자체브랜드(PB) 속옷이 백화점을 넘어 온라인과 TV 쇼핑 등으로 판로를 넓혀나가고 있다.     신세계는 자체브랜드 속옷 편집매장 '엘라코닉'이 오는 29일 신세계 TV 쇼핑에서 제품을 선보인다고 22일 밝혔다.     판매되는 제품은 신세계백화점과 신세계 TV 쇼핑이 공동 기획한 상품이다.     여름에 맞는 인견 소재를 사용한 노와이어 제품이 주를 이루고 있다.     2017년 8월 처음 문을 연 신세계 엘라코닉은 몸을 덜 조이는 편안한 속옷의 인기와 함께 1년 반 만에 매출이 6배 넘게 증가했다.     또 백화점에서 처음 시작했지만, 온라인과 TV 쇼핑, 면세점에 입점하며 다양한 연령대의 고객을 만나고 있다.    엘라코닉은 SSG닷컴은 물론 W컨셉 등 유명 온라인몰에 잇따라 입점했고 올해 들어 4월까지 온라인 매출이 전년 동기 대비 4배 늘었다.     신세계는 지난해 TV 쇼핑을 통해 엘라코닉 라운지 웨어를 선보였을 때 1시간 만에 1억원이 넘는 매출을 기록했고 품절 사태가 빚어질 만큼 인기를 끌어 이번에는 속옷까지 선보이게 됐다고 설명했다.    엘라코닉 매장[신세계백화점 제공=연합뉴스]    eshiny@yna.co.kr▶네이버 홈에서 [연합뉴스] 채널 구독하기▶뭐 하고 놀까? #흥  ▶쇼미더뉴스! 오늘 많이 본 뉴스영상 ]",[],http://moneys.mt.co.kr/news/mwView.php?no=2019051310188052547,https://n.news.naver.com/mnews/article/001/0010839365?sid=101
2019.05.25.,데일리안언론사 선정,,"유통업계, 가정의 달 맞아 '빅 프로모션' 봇물",,,http://www.dailian.co.kr/news/view/792744/?sc=naver,http://www.chosun.com/
2019.05.26.,서울와이어,사회,"[창간 4주년 특집, 다시 뛰자 한국경제, 미래를 탐험하자] 미래 소비의 중심,...","[ 윤관 BRV캐피털매니지먼트 대표""음식의 클라우드화로 제2의 페이팔(미국의 온라인 결제 기업) 성공 신화를 쓰겠습니다.""윤관(44) BRV캐피털매니지먼트 대표는 올 3월 신세계그룹의 온라인 쇼핑 전문 회사 SSG닷컴에 3500억원을 투자해 큰 주목을 받았다. BRV는 중동, 홍콩, 미국 등 해외에서 전략적 투자금을 모아, 현재 SSG닷컴 지분 11.5%를 갖고 있다.    지난 3월 신세계그룹의 온라인 쇼핑 전문 회사 SSG닷컴에 3500억원을 투자한 윤관 BRV캐피털매니지먼트 대표가 지난 13일 본지와 인터뷰하고 있다. /김연정 객원기자그는 '음식의 클라우드화'를 강조했다. 예전에는 데이터·프로그램을 모두 개인 컴퓨터에 저장했지만, 지금은 클라우드 서비스로 중앙화가 이뤄져 필요할 때마다 접속해 꺼내 쓴다. 음식 분야에서도 비슷한 일이 발생한다는 것이다. 윤 대표는 ""개인 맞춤형 주문이 실시간으로 이뤄져서 가정의 물리적·전통적 주방 역할은 점차 축소되고 신세계 그룹과 같이 온·오프라인을 모두 포괄할 수 있는 선도적 사업자를 주축으로 중앙화가 돼 가고 있다""고 말했다. 지금도 다양한 가정간편식(HMR) 시장이 있고, 식품·음식에 대한 새벽 배송 시스템이 있지만, 더욱 광범위하고 정교하게 맞춤형 서비스를 제공한다는 것이다. 윤 대표는 ""신세계그룹이 30년 이상 축적해 온 구매 네트워크와 유통 노하우에 BRV가 보유한 해외의 앞선 인공지능, 빅데이터 기술을 결합해 음식의 클라우드화를 전 세계적으로 확산시킬 수 있는 시스템을 완성한다면 제2의 페이팔과 같은 성공 사례로 자리매김할 수 있다""고 강조했다.    BRV캐피털매니지먼트의 모회사인 블루런벤처스는 미국 실리콘밸리를 중심으로 활동하는 글로벌 벤처캐피털이다. 1998년 노키아로부터 유치한 출자금을 바탕으로 설립된 이 회사는 1999년 페이팔의 첫 번째 기관투자자로 참여했다. 페이팔은 2002년 나스닥 상장 이후 이베이에 15억달러(약 1조8000억원)에 인수됐다. 윤 대표는 블루런벤처스의 공동 창업 파트너로 현재 4명의 글로벌 대표 중 한 명이다. 2009년 모바일 지도 분야에서도 이스라엘 스타트업이었던 웨이즈를 발굴·투자한 것도 대표적인 성공 스토리다. 블루런벤처스는 웨이즈의 경영에도 관여해 기술·서비스를 고도화했고, 구글과 14억달러에 달하는 전략적 M&amp;A를 성사시켰다. 지금의 구글맵은 웨이즈 기술을 기반으로 진화하고 있다. 중국에서는 최대 뷰티 이커머스 플랫폼 모구지에, 세계적인 핀테크 기업 취뎬(趣店·Qudian) 등 다수의 유니콘 기업을 발굴해 나스닥에 상장시켰고, 국내에서는 대성산업가스, 전기차용 배터리 소재 회사인 에코프로 GEM, 부동산 정보 업체 직방 등에 투자했다. 윤 대표는 ""현재 조성 중인 10억달러 규모의 블라인드 펀드를 활용해 국내 기업이 기술 기반 혁신을 글로벌하게 이끌 수 있도록 적극적으로 돕겠다""고 말했다.그의 투자 철학은 '농부 정신'이다. 윤 대표는 ""보통 투자자라고 하면 다들 헌터(사냥꾼)라고 생각하지만, 우리는 20년간 기술 성장 투자를 하면서 기술 트렌드에 대한 노하우를 차곡차곡 쌓아왔다""며 ""'어떤 씨를 뿌리면 잘 자랄 수 있을까' 오랫동안 연구하는 농부의 마음으로 투자를 하고 있다. 신세계 투자도 글로벌 기술 투자 경험을 바탕으로 23개월 이상 연구해서 결정한 것""이라고 말했다. 이러한 투자 철학은 그의 장인인 고(故) 구본무 LG그룹 회장의 경영 철학과도 맞닿아 있다. 그는 ""회장님은 늘 남에게 도움이 되는 사람이 되라고 말씀하셨다""며 ""BRV라는 혁신 플랫폼을 통해 함께 일하는 사람들에게 가치 있는 경험과 관계를 만들어 나가겠다""고 말했다.[신은진 기자 momof@chosun.com]- Copyrights ⓒ 조선일보 &amp; chosun.com, 무단 전재 및 재배포 금지 -     [네이버 메인에서 조선일보 받아보기] [조선닷컴 바로가기] [조선일보 구독신청하기]  ]","['요즘 방씨조선 많이 써먹네 입만 벌리면 다 써줘 이 기사 읽고 너무 웃기는것 있지 말만하면 다 찍어 붙인다. 음식이 오래보관하면 숙성되서 좋긴하지만 정보와 자료는 수시로 사용하고 넣놓고 하는 것이고 정보도 이제 시간 지나면 쓰레기다. 추억의 사진 정도나 보관하는 것이지요.  사기꾼들의 이력 같은건 보관해 둬야지 난 양주보관을 이야기 한 것으로 안다.  짱깨 페킹호털 좋더라 운동장이데 거기에 마우타이 이런것 클라우도 시키고 그러나 짱깨들은 그냥 다 마셔버리지 않아 내돈 찾으면 나도 한번 가야지', '가장 아름다운 음식이 곡차 이지요.  느그들 좋아하는 30년 곡차 그거 클라우드에 보관해서 예수님도 드시게 해주겠다. 부처님도 가끔은 드시게 화당해도 보관해 주고 공자님는 너무 많이 마셔서 패스요. 런칭에 된장들 많이 왔던데 속물들 그곳이 먼지도 모르고 사기꾼 아지트...\n글로벌화 할 태세야 르네에는 로비전체를 물장사로 꾸밀까 전망좋고 카지노가 없는게 아쉽지만 근처 7도 있고 기분나면 워커로 달리고 좋겠다. 수첩이 많아서 들고 다니는데 안 무거워ㅋㅋ 반납도 하고 해요. 난리나면 피신할곳도 많고 또 뱅기회사 하고 친하고 부럽어서...', '물장사해서 양주 키핑 시킨다는 것!  황당한 이야기 한다. 아무 말이나 찍어 붙이면 된다는 사기꾼 기질이다. 황당한 혀끝으로 포장하고 권모술수 쓰지마라 어찌 배운게 겉멋에 아부만 배워서 개그맨이니 과테는 버렸어요. 이제 서서히 정체를 드러내고 싶다 이거지요. 트럼프가 친구하자고 해 어떻게 땃어요. 맨날 뱅까에 있으면서 ...중국 방머시기는 좋아!  미궄 아들 이름 도용좀 그만해라 그들과 친한것 처럼 보이려고 그러디요. 육 고깃집도 화재나면 조심해야 겠더라 바다횟집도 마찮가지고 밀실은 위험해요. 햄버거는 먹어보니 아니더라 질을 높여!', '마켓컬리도  음식의 클라우드화로  세상을  선하게 바꿀 것입니다', '', '', '데이터는 현물이아니라 수집,가공,보관,유통 모든게 용이하니 글로벌한 중앙화가 가능했던거고요...음식에 무슨 보존마법걸어서 텔레포트 시킬수있나요? 커다란 출장뷔페를 꿈꾸는건지 편의점식 레토르트 제품배달을 생각하는건지 모르겠네요']",http://www.seoulwire.com/news/articleView.html?idxno=134635,https://n.news.naver.com/mnews/article/023/0003449481?sid=102
2019.05.20.,비즈니스포스트,,"신세계, 신세계인터내셔날 화장품 호조로 1분기 매출 급증",,,http://www.businesspost.co.kr/BP?command=article_view&num=126846,http://www.newsinside.kr/
2019-05-22 17:24:02,비즈니스포스트,,[5월17일] 비즈니스피플 임원/전문직/경력직 채용정보,,,http://www.businesspost.co.kr/BP?command=article_view&num=127690,https://www.yna.co.kr/
2019-05-22 09:24:34,매일경제,경제,[신상품] 러닝화 산 고객에게 요가복 추천을 슥~,"[    LVMH 온라인몰 24S 韓진출…유통업계도 젊은 층 공략 강화    [24S 제공]    (서울=연합뉴스) 조성흠 기자 = 명품업계가 '가심비'(가격 대비 만족도) 및 '욜로'(YOLO) 소비 확대와 온라인몰의 성장에 맞춰 변신을 시도하고 있다.    세계적 명품업체가 온라인을 통해 명품을 판매하고, 국내 대형 유통업체들도 신흥 명품 브랜드를 입점시키면서 새로운 고객층으로 떠오른 젊은 세대 잡기에 나서고 있다.    25일 패션 및 유통업계에 따르면 글로벌 유통업체 루이뷔통모에헤네시(LVMH)의 온라인 편집숍 24S는 최근 기존의 영어, 프랑스어, 독일어 외에 한국어 서비스를 추가하고 한국 진출을 선언했다.    24S는 세계 100여개 국가를 대상으로 명품 브랜드부터 최신 유행 브랜드까지 200여개 브랜드를 취급하고 있으며 루이뷔통, 디올, 셀린 등을 온라인 독점 유통하고 있다.    이번 한국 진출을 계기로 주문 이후 프랑스에서 출고한 제품을 한국에서 3일 만에 받을 수 있는 배송 시스템도 마련했다. 25만원 이상 구매 시 배송비가 무료고, 교환이나 환불도 30일 이내에 무료로 가능하다.    에릭 고게 24S 최고경영자(CEO)는 ""한국 시장의 괄목할 만한 성장세에 주목했다""며 ""우리는 고객이 쇼핑을 하는 곳이 어디든 갈 것""이라고 말했다.    오프화이트 한정판 구매를 위해 줄선 고객들 [롯데백화점 제공]    유통 대기업들도 온라인을 통해 젊은 고객 '모시기'에 앞다퉈 나서고 있다.    롯데백화점은 20대를 타깃으로 한 신흥 명품 브랜드 강화를 추진하고 있다.     지난해 에비뉴엘에 문을 연 MSGM, 오프화이트, N˚21 등 브랜드들은 올해 다른 주요 점포들로 매장을 확대할 예정이다.    오프화이트는 지난 1월 한정판 운동화 출시 행사에 수백 명이 매장 앞에서 밤새 줄을 서는 진풍경을 연출하기도 했다.     2월 본점에 문을 연 구찌 맨즈는 파격적인 디자인과 SNS 마케팅 덕분에 20∼30대 고객이 전체의 60%를 차지하고 있다.    [신세계사이먼 제공=연합뉴스]    신세계그룹의 쇼핑몰 SSG닷컴은 지난 8일 '프리미엄 아울렛관'을 열고 온라인 사업에 박차를 가하고 있다.    '프리미엄 아울렛관'은 그동안 오프라인에서만 살 수 있었던 명품과 패션잡화 등 100여개 브랜드를 선보였다.     MSGM과 N ˚21 등 젊은 층이 선호하는 명품 브랜드부터 무스너클, 파라점퍼스, 아쉬 등 브랜드를 할인 판매하고 있다.    SSG닷컴에서는 명품 화장품 판매 비중도 나날이 커지고 있다. 지난 3년간 뷰티 상품 매출 분석 결과 명품 화장품 비중이 2016년 25%에서 지난해 35%로 올랐다.    업계는 자기만족에 과감하게 지갑을 여는 젊은 층이 크게 늘면서 명품시장도 변화하는 것으로 분석했다.    온라인쇼핑사이트 G마켓의 1분기 판매 분석 결과 지난해와 비교해 20대의 명품 의류 구매 신장률은 70%에 달했다. 이는 30대(53%)와 40대(58%), 50대(45%), 60대(5%)의 신장률을 크게 앞지르는 수치다.     업계 관계자는 ""명품이 나이 많은 부유층의 전유물처럼 여겨지던 시대는 지났다""며 ""젊은 층을 겨냥한 신흥 브랜드와 새로운 유통 채널의 중요성이 계속해서 커질 것""이라고 말했다.    josh@yna.co.kr▶네이버 홈에서 [연합뉴스] 채널 구독하기▶뭐 하고 놀까? #흥  ▶쇼미더뉴스! 오늘 많이 본 뉴스영상 ]",['재밋네요. 결제수단도 얼마나 더 단순화 될지 ㅎㅎ 돈이 이제 더더욱 쓰는거 같지 않겠음 ㅎㅎ'],http://news.mk.co.kr/newsRead.php?year=2019&no=303787,https://n.news.naver.com/mnews/article/001/0010846972?sid=101
2019-05-28 03:14:39,한국농어촌방송,,"필터교체형 마스크, 온라인판매 약 84% 미인증제품 구매 시 주의",,,http://www.newskr.kr/news/articleView.html?idxno=20629,https://www.yna.co.kr/
2019-05-25 06:15:00,매일경제,경제,"[레이더M] 노키아계 VC, 청호컴넷 지분 5.72% 블록딜","[    (서울=연합뉴스) 이신영 기자 = 직장인 A씨는 최근 크라우드펀딩을 통해 화장품을 주문했다.    제품을 받기까지 한 달이 넘게 걸리지만, 가격이 저렴하고 일반 온라인몰에서는 구할 수 없는 제품이어서 선뜻 구매를 결정했다.     이제 막 사업을 시작하는 스타트업을 도울 수 있다는 점도 마음에 들었다.     A씨는 ""아이디어 상품도 많고 가격도 적절해 물건을 산다는 생각보다 작지만 투자한다는 생각으로 종종 크라우드펀딩을 이용하고 있다""고 말했다.     새벽 배송, 내일 배송, 3시간 배송 등 유통업계가 치열한 배송 속도전을 치르고 있지만 한편에서는 주문 후 한 달을 기본으로 기다려야 하는 크라우드펀딩 시장이 새로운 소비 형태로 주목받고 있다.     26일 업계에 따르면 크라우드펀딩은 일정 기간 특정 제품을 주문할 고객을 미리 모은 뒤 목표 금액이나 수량을 달성하면 제작에 들어가는 방식으로 운용된다.     제조업체 입장에서는 재고 부담을 덜고 각종 수수료를 낮춰 제품을 합리적인 가격에 판매할 수 있다.     특히 생산 비용을 미리 마련할 수 있어 상대적으로 자금력이 달리는 신생브랜드 제품이 많은 대신 아이디어 상품이 많고, 어디서나 구할 수 있는 제품이 아니어서 소비자들의 만족도도 높은 편이다.     최근에는 반려동물을 위한 정수기나 운동기구처럼 대량 생산이 잘 이뤄지지 않는 제품도 많이 소개되고 있다.     빠른 배송을 선호하는 시대에 배송은 느리지만, 거품 없는 가격과 만족할만한 품질, 희소성 있는 제품을 내세운 '역발상'이 통하면서 크라우드펀딩을 선보이는 업체들도 성장을 거듭하고 있다.     2017년 문을 연 온라인 펀딩 플랫폼 '하고'는 올 1분기까지 펀딩 상품 거래액이 지난해 전체 거래액의 54%를 돌파했다. 높은 성장세에도 반품률은 0.9%에 불과하다.     대표 상품인 하고백의 경우 지난달까지 40차례가량 리오더 됐고 연간 20억원의 매출을 올리고 있다.     2012년 5월 설립된 와디즈는 제품이나 서비스를 구매하는 리워드형 펀딩 액이 2016년 35억원에서 2017년 126억원으로 늘었고 지난해는 392억원까지 성장했다.     소비자들의 반응이 이처럼 뜨겁자 대형 유통업체에서도 속속 크라우드펀딩 시장에 뛰어들고 있다.     먼저 신세계그룹은 지난해 SSG닷컴을 통해 크라우드펀딩 서비스 '우르르'를 선보였다.     지난해 9월 서비스 시작 초기 16%에 불과했던 펀딩 성공률은 현재 50%까지 올라섰다.     2020년까지는 80%로 높이겠다는 계획이다.     또 지난 3월에는 해외 패션 브랜드 상품이 정식 출시되기 전에 미리 구매할 수 있는 '프리오더' 서비스를 시범 도입했고 오는 30일에는 프리오더 전문관을 열기로 했다.     11번가도 지난달 중소 브랜드의 경쟁력 있는 화장품을 소개하는 펀딩서비스 '뷰티 투게더'를 통해 5개 브랜드 상품을 선보여 목표 수량의 2배가량을 판매한 바 있다.    업계 관계자는 ""나 자신의 만족을 위해서라면 기다림도 감수할 수 있다는 소비자들이 늘면서 배송은 느리지만 흔하지 않은 고품질 상품을 구매할 수 있는 크라우드펀딩 시장이 계속 성장하고 있다""고 설명했다.     크라우드펀딩 사이트 하고[하고 제공=연합뉴스]    eshiny@yna.co.kr▶네이버 홈에서 [연합뉴스] 채널 구독하기▶뭐 하고 놀까? #흥  ▶쇼미더뉴스! 오늘 많이 본 뉴스영상 ]",[],http://news.mk.co.kr/newsRead.php?year=2019&no=304847,https://n.news.naver.com/mnews/article/001/0010847720?sid=101
2019-05-26 05:57:00,이데일리,,[주간추천주]SK증권,,,http://www.edaily.co.kr/news/newspath.asp?newsid=01597366622487936,https://www.asiae.co.kr/
2019-05-20 15:36:10,브릿지경제,경제,‘롯데vs신세계’ 온라인 경쟁 본격화…같은 듯 다른 행보,"[    [아시아경제 성기호 기자] 유통업계가 다양한 할인전을 기획하고 소비자들의 선택을 기다리고 있다. 명품부터 생활용품까지 다양한 제품을 대대적으로 할인해 씀씀이가 커지는 휴가철이 오기전 꼭 필요한 소비를 하는데 좋은 기회가 될 것으로 보인다.    두타면세점이 개점 3주년을 맞아 특별한 혜택을 모은 다양한 온·오프라인 고객 사은행사를 진행한다고 20일 밝혔다.일단 명품 편집숍 '디메종' 제품을 최대 50% 세일한다. 20일부터 31일까지 보테가 베네타 전 상품을 40%, 살바토레 페레가모· 끌로에 전 상품 50% 세일을 실시한다. 또한 시즌 재고 소진 시까지 미우미우, 버버리 등 최대 50%까지 클레어런스 세일을 실시한다.두타인터넷면세점 디메종도 3주년을 맞아, 프라다, 구찌, 발렌시아가 등 최대 30% 세일과 함께 적립금 최대 45%까지 추가 사용 가능한 특별 할인전을 진행한다.에스티 로더·라 메르·투 페이스트·달팡 등 뷰티 패션 70여 개 브랜드의 30% 세일 행사도 진행한다. 두타면세점 페이스북, 인스타그램에서는 두타 모델 '몬스타엑스'가 전하는 3주년 축하 영상을 공개하고 26일까지 진행하는 3주년 축하 댓글 이벤트에 참여하면 추첨을 통해 선불카드, 기프티콘 등의 선물을 증정한다.    SSG닷컴은 26일까지 일주일 간 오늘의 특가 대표 코너 ‘해피바이러스’와 ‘오반장’ 통합 프로모션을 진행한다. 테마는 두 코너의 이름을 따 ‘오! 해피데이즈’로 명명했다. 총 200여개 제품을 최대 64%까지 할인해 판매한다.우선 신세계몰과 신세계백화점 상품 핫딜 코너인 ‘해피바이러스’ 코너 에서는 의류, 화장품, 잡화, 가전 인기 품목을 준비했다. 스포츠 브랜드 베스트 상품과 화장품은 상품별로 최대 50%까지 할인해 판매한다.가전제품도 특별 할인 판매한다. ‘LG 휘센 19평형 에어컨’ 신상품을 단독 선런칭 가격인 239만원에, ‘삼성’, ‘발뮤다’ 등 여름 가전 제품도 할인 판매할 예정이다. 이 밖에도 ‘쿠쿠 식기세척기’, ‘캐논 카메라’, ‘일리 커피머신’, ‘바디프랜드 안마의자’ 등 생활 가전도 만나볼 수 있다.이마트몰 상품 핫딜 코너인 ‘오반장’에서는 자주 구매하는 식품과 생활 품목 위주로 할인 상품을 구성했다. 20일은 미국산 프라임 등급 소고기를 할인 판매하며 삼성카드 이용시 30%까지 할인된다. 22일과 25일은 1+등급 한우, 24일은 호주산 소고기를 구매할 수 있다.가공식품 대표 브랜드인 ‘CJ 비비고’와 ‘스팸’, ‘오뚜기 피자’와 ‘즉석밥’, ‘동서식품 카누’, ‘롯데제과 자일리톨 해피박스’ 등도 구매 가능하다. ‘동원 우유담아 내몸에 건강한 체다치즈’ 제품은 하나 가격에 두 개를 받아볼 수 있다.성기호 기자 kihoyeyo@asiae.co.kr▶ 네이버에서 아시아경제를 쉽게 만나보세요▶ 경제 감각을 키우고 싶다면? ▶ 재미와 지식이 가득한 '과학을읽다'&lt;ⓒ경제를 보는 눈, 세계를 보는 창 아시아경제 무단전재 배포금지&gt;   ]","['두타 면세점 3주년 축하해요!!\n몬스타엑스와 두타 2019년 대박난다!!', '두타는 앞으로 대박나게 되있어 모델 선정을 아주 기가막히게 한것보니까!!', '두타 면세점 3주년 축하해요💙\n몬엑 4주년도 축하해요💙💙', '몬스타 엑스가 모델이니깐 가 봐~~야 쓰겄다💟', ""두타 3살 축하해요👏👏👏 두'타'랑  몬스'타'엑스랑 함께 롱런~"", '두타면세점 3주년 축하합니다!몬엑이들 사진 이쁘네요👍', '두타모델 기깔나네요!!', '완전 잘어울려요! 몬스타엑스랑 두타 흥해랏~~~~~~~~', '두타 참각막 크으👍', '두타의 안목...큰 성장..!', '두타면세점 당신들 생각 참 잘하신겁니다... 몬엑이 모델 맡으면 다 잘되고 생활 속에 홍보가 몸에 밴 사람들이라 잊을래야 잊을수가 업쓰여ㅎㅎㅎ 두타 흥하세여👍', '몬스타엑스 더 대박나자💕💕💕💕', '', '', '두타 축하해요 :D 몬엑 모델로 고른건 신의 한 수!! 몬스타엑스 더 승승장구 하길 몬베베가 열심히 응원해😘💕', '축하드려요!!!!!!❤️', '3주년축하드립니다~~!!몬스타엑스도 승승장구! 두타도 승승장구!!', '', '두타 3주년 축하합니다~~몬스타엑스랑 함께 더더 잘되시길 바랍니다~~👏👏👏👏👏👏👏', '']",http://www.viva100.com/main/view.php?key=20190515010004704,https://n.news.naver.com/mnews/article/277/0004470550?sid=101
2019.05.20.,브릿지경제,,‘롯데vs신세계’ 온라인 경쟁 본격화…같은 듯 다른 행보,,,http://www.viva100.com/main/view.php?key=20190515010004704,https://www.asiae.co.kr/
2019.05.26.,아이뉴스24,경제,"빅3 百, 1분기 실적 '희비' 교차…신세계·현대, 免에 '발목'","[    [아시아경제 성기호 기자] 유통업계가 다양한 할인전을 기획하고 소비자들의 선택을 기다리고 있다. 명품부터 생활용품까지 다양한 제품을 대대적으로 할인해 씀씀이가 커지는 휴가철이 오기전 꼭 필요한 소비를 하는데 좋은 기회가 될 것으로 보인다.    두타면세점이 개점 3주년을 맞아 특별한 혜택을 모은 다양한 온·오프라인 고객 사은행사를 진행한다고 20일 밝혔다.일단 명품 편집숍 '디메종' 제품을 최대 50% 세일한다. 20일부터 31일까지 보테가 베네타 전 상품을 40%, 살바토레 페레가모· 끌로에 전 상품 50% 세일을 실시한다. 또한 시즌 재고 소진 시까지 미우미우, 버버리 등 최대 50%까지 클레어런스 세일을 실시한다.두타인터넷면세점 디메종도 3주년을 맞아, 프라다, 구찌, 발렌시아가 등 최대 30% 세일과 함께 적립금 최대 45%까지 추가 사용 가능한 특별 할인전을 진행한다.에스티 로더·라 메르·투 페이스트·달팡 등 뷰티 패션 70여 개 브랜드의 30% 세일 행사도 진행한다. 두타면세점 페이스북, 인스타그램에서는 두타 모델 '몬스타엑스'가 전하는 3주년 축하 영상을 공개하고 26일까지 진행하는 3주년 축하 댓글 이벤트에 참여하면 추첨을 통해 선불카드, 기프티콘 등의 선물을 증정한다.    SSG닷컴은 26일까지 일주일 간 오늘의 특가 대표 코너 ‘해피바이러스’와 ‘오반장’ 통합 프로모션을 진행한다. 테마는 두 코너의 이름을 따 ‘오! 해피데이즈’로 명명했다. 총 200여개 제품을 최대 64%까지 할인해 판매한다.우선 신세계몰과 신세계백화점 상품 핫딜 코너인 ‘해피바이러스’ 코너 에서는 의류, 화장품, 잡화, 가전 인기 품목을 준비했다. 스포츠 브랜드 베스트 상품과 화장품은 상품별로 최대 50%까지 할인해 판매한다.가전제품도 특별 할인 판매한다. ‘LG 휘센 19평형 에어컨’ 신상품을 단독 선런칭 가격인 239만원에, ‘삼성’, ‘발뮤다’ 등 여름 가전 제품도 할인 판매할 예정이다. 이 밖에도 ‘쿠쿠 식기세척기’, ‘캐논 카메라’, ‘일리 커피머신’, ‘바디프랜드 안마의자’ 등 생활 가전도 만나볼 수 있다.이마트몰 상품 핫딜 코너인 ‘오반장’에서는 자주 구매하는 식품과 생활 품목 위주로 할인 상품을 구성했다. 20일은 미국산 프라임 등급 소고기를 할인 판매하며 삼성카드 이용시 30%까지 할인된다. 22일과 25일은 1+등급 한우, 24일은 호주산 소고기를 구매할 수 있다.가공식품 대표 브랜드인 ‘CJ 비비고’와 ‘스팸’, ‘오뚜기 피자’와 ‘즉석밥’, ‘동서식품 카누’, ‘롯데제과 자일리톨 해피박스’ 등도 구매 가능하다. ‘동원 우유담아 내몸에 건강한 체다치즈’ 제품은 하나 가격에 두 개를 받아볼 수 있다.성기호 기자 kihoyeyo@asiae.co.kr▶ 네이버에서 아시아경제를 쉽게 만나보세요▶ 경제 감각을 키우고 싶다면? ▶ 재미와 지식이 가득한 '과학을읽다'&lt;ⓒ경제를 보는 눈, 세계를 보는 창 아시아경제 무단전재 배포금지&gt;   ]","['두타 면세점 3주년 축하해요!!\n몬스타엑스와 두타 2019년 대박난다!!', '두타는 앞으로 대박나게 되있어 모델 선정을 아주 기가막히게 한것보니까!!', '두타 면세점 3주년 축하해요💙\n몬엑 4주년도 축하해요💙💙', '몬스타 엑스가 모델이니깐 가 봐~~야 쓰겄다💟', ""두타 3살 축하해요👏👏👏 두'타'랑  몬스'타'엑스랑 함께 롱런~"", '두타면세점 3주년 축하합니다!몬엑이들 사진 이쁘네요👍', '두타모델 기깔나네요!!', '완전 잘어울려요! 몬스타엑스랑 두타 흥해랏~~~~~~~~', '두타 참각막 크으👍', '두타의 안목...큰 성장..!', '두타면세점 당신들 생각 참 잘하신겁니다... 몬엑이 모델 맡으면 다 잘되고 생활 속에 홍보가 몸에 밴 사람들이라 잊을래야 잊을수가 업쓰여ㅎㅎㅎ 두타 흥하세여👍', '몬스타엑스 더 대박나자💕💕💕💕', '', '', '두타 축하해요 :D 몬엑 모델로 고른건 신의 한 수!! 몬스타엑스 더 승승장구 하길 몬베베가 열심히 응원해😘💕', '축하드려요!!!!!!❤️', '3주년축하드립니다~~!!몬스타엑스도 승승장구! 두타도 승승장구!!', '', '두타 3주년 축하합니다~~몬스타엑스랑 함께 더더 잘되시길 바랍니다~~👏👏👏👏👏👏👏', '']",http://www.inews24.com/view/1178469,https://n.news.naver.com/mnews/article/277/0004470550?sid=101
2019.05.22.,아시아경제,,"변하는 쇼핑 트렌드에 장사없다…이마트 주가, 사상 최저가로 '뚝'",,,https://view.asiae.co.kr/news/view.htm?idxno=2019051715570384041,http://www.edaily.co.kr/
A23면 1단,아주경제,경제,"백화점업계, ‘명품’ 덕에 실적 선방...‘온라인 대응’은 숙제","[ ""카카오, 신규 채팅창 광고 매출 성장에 기여할 것""삼성전자 화웨이 반사이익 기대…`신차효과` 현대차도 추천코스닥, 통신장비株 주목…5G 수혜 기대 여전    [이데일리 이후섭 기자] 증권가에서는 카카오톡 채팅창 광고를 통한 실적 개선이 전망되는 카카오(035720)에 관심을 두고 있다. 미국 정부의 화웨이 제재에 따른 반사이익이 기대되는 삼성전자(005930)와 신차 효과를 톡톡히 보고 있는 현대차(005380)도 추천주로 꼽았다. 5세대(5G) 이동통신 수혜가 기대되는 통신장비 업체와 신세계(004170) 이마트(139480) 등 유통주에도 러브콜을 보냈다.26일 금융투자업계에 따르면 카카오는 KB증권과 유안타증권의 중복 추천을 받았다. KB증권은 “카카오톡 채팅창 목록에 노출되는 비즈보드 광고상품이 새롭게 공개되면서 매출액 증가에 기여할 것”이라고 내다봤다. 유안타증권은 신규 채팅 창 광고와 더불어 카카오페이지·카카오뱅크 등 자회사 실적개선에 따른 기업가치 상승도 기대된다며 카카오를 추천했다.반도체 업황 악화로 실적 부진 우려가 커지고 있는 삼성전자도 모처럼 추천주에 이름을 올렸다. 올해 하반기 반도체 업황 회복 기대가 조금씩 살아나고 있는 가운데 미국의 화웨이 제재에 따른 수혜도 기대된다. 하나금융투자는 삼성전자에 대해 “화웨이 제재는 프리미엄 안드로이드 시장 점유율 확대 기회로 작용할 것”이라고 판단했다. 쏘나타·팰리세이드 등 신차를 출시하며 내수와 북미 판매량이 호조를 보이고 있는 현대차는 유안타증권의 추천을 받았다. 유안타증권은 “현대차가 판매믹스 개선에 따른 이익 개선 구간에 진입했다”며 “원화 약세로 영업이익 개선이 기대되고 글로벌 경쟁업체 대비 가격 경쟁력도 제고될 것”이라고 진단했다.온·오프라인 채널 경쟁이 치열한 유통 업종도 시장의 주목을 받았다. SK증권은 이마트를 유통 업종 내 밸류에이션 매력이 가장 높은 추천주로 꼽았다. 신성장 동력으로 꼽히는 트레이더스의 시장지위 강화가 긍정적이며 SSG닷컴도 구체적인 사업목표 및 계획 발표가 모멘텀으로 작용할 것으로 전망했다. KB증권은 신세계에 대해 “올해 백화점 VIP 고객 매출로 상위 3개사 중 실적 우위를 지속할 전망”이라며 “면세점 중국인 수요가 지속되고 규모의 경제 효과와 경쟁 완화로 큰 폭이 이익 성장이 가능할 것”이라고 내다봤다. 이 외에도 하나금융투자는 동원F&amp;B(049770)에 대해 “선망 참치어가 약세로 원가절감이 기대된다”며 “가정간편식(HMR) 수요 및 식자재 단가 인상 효과도 반영될 것”이라고 진단했다. 드림텍(192650)은 무선 바이오센서 패치 매출이 올해부터 실적에 반영됨에 따라 헬스케어 사업 가시화가 기대된다며 유안타증권 추천주에 이름을 올렸다. 비은행부문 강화 전략으로 2조원대 순이익을 유지할 것으로 전망되는 하나금융지주(086790)도 KB증권의 추천을 받았다. 하나금융지주는 높은 시가배당률 대비 낮은 밸류에이션으로 저평가 매력도 부각되고 있다는 진단이다.코스닥 시장에서는 케이엠더블유(032500)와 서진시스템(178320) 등 통신장비 부품업체가 두드러졌다. 하나금융투자는 케이엠더블유에 대해 “5G 고주파 빔포밍 기술 도입에 따른 수혜가 기대된다”고 내다봤다. 케이엠더블유는 국내 통신 3사로부터 5G용 안테나·필터 매출을 올리고 있다. SK증권은 글로벌 5G 서비스 상용화 속도전으로 서진시스템(178320)이 가장 큰 수혜를 입을 것으로 전망했다. SK증권은 “서진시스템은 5G 커버리지 확대에 필요한 기지국과 5G 디바이스를 모두 생산하고 있다”며 “올해 자동차 부품 및 전기차 배터리 함체 등 기타 부문의 매출 성장도 기대된다”고 판단했다.이후섭 (dlgntjq@edaily.co.kr)네이버 홈에서 ‘이데일리’ 뉴스 [구독하기▶]꿀잼가득 [영상보기▶] , 청춘뉘우스~ [스냅타임▶]＜ⓒ종합 경제정보 미디어 이데일리 - 무단전재 &amp; 재배포 금지＞ ]",['호명된 종목들 지켜봐주지\n오를지 떨어질지 한번 보자구'],http://www.ajunews.com/view/20190512112258755,https://n.news.naver.com/mnews/article/018/0004388130?sid=101
2019.05.24.,서울파이낸스,,"이마트, 사업구조 재편으로 '주가 돌파구' 찾을까?",,,http://www.seoulfn.com/news/articleView.html?idxno=343104,http://news1.kr/
2019.05.27.,매경이코노미,경제,대한민국 강타한 ‘어벤져스 신드롬’ 연전연승 MARVEL 성공 경제학,"[ 란제리 편집매장 1년 반만에 매출 6배…온라인·면세점 진출신세계 TV쇼핑, 베스트셀러 란제리 론칭    © 뉴스1(서울=뉴스1) 김영신 기자 = 너무 화려하기 보다는 수수하더라도 편안한 속옷이 대세로 떠올랐다. 화려한 속옷의 대명사인 미국 '빅토리아 시크릿'은 20여년 간 이어온 패션쇼 TV 중계를 중단하고, 편안함을 앞세운 유니클로의 '에어리즘' 속옷이나 아메리칸 이글의 '에어리'가 인기를 끄는 식이다.이런 추세에 발맞춰 신세계백화점이 만든 속옷 편집매장 '엘라코닉'이 소비자들로부터 좋은 반응을 얻고 있다. 22일 신세계백화점에 따르면 2017년 8월 문을 연 엘라코닉은 1년 반 만에 매출이 처음보다 6배나 증가했다. 엘라코닉 매장은 신세계백화점 강남점, 명동 본점, 센텀시티점, 경기점, 광주점, 대구점에 6개 매장이 있다. 신세계의 자체 브랜드(PB) '언컷' 등 국내외 40여개 브랜드가 엘라코닉에 입점해 있다. 와이어가 없는 브래지어, 와이어와 컵이 모두 없는 브라렛 등 편안한 속옷이 엘라코닉의 주력 상품이다.온라인에서도 인기몰이 중이다. SSG닷컴(쓱닷컴)에 전문관을 연 이후 29CM, W컨셉, SI빌리지 등 젊은층이 선호하는 유명 온라인몰에 연이어 들어갔다. 올해 1월부터 4월까지 엘라코닉 온라인 매출은 지난해 같은 기간보다 4배나 늘었다. 이런 인기 덕에 지난 3월 면세점에 진출했다.신세계는 백화점 자체 브랜드(PB)에서 시작한 엘라코닉의 판매 채널을 다변화하는 차원에서 오는 29일 신세계TV쇼핑에서 단독으로 속옷을 출시한다. 이미 지난해 TV쇼핑을 통해 선보인 라운지 웨어(잠옷 등 가정에서 편안하게 입는 옷)가 1시간 만에 1억원, 총 10억원이 넘는 매출을 기록했었다. 이번에 두번째 TV쇼핑 프로젝트로 속옷을 론칭한다.신세계백화점과 TV쇼핑이 공동 기획한 이번 상품은 엘라코닉의 베스트셀러 제품 5종과 가운 1종(10만9000원)이다. 여름에 걸맞게 소재는 시원한 인견을 활용했고, 기존 '홈쇼핑 속옷'답지 않게 고급스럽고 세련된 디자인으로 차별화했다고 신세계는 소개했다.신세계 관계자는 ""백화점에서 시작한 속옷 브랜드이지만 온라인에서 20·30세대, TV 쇼핑에서 중·장년층과 만나기 위해 채널을 다변화하고 있다""며 ""자체 브랜드 언컷에서도 여름용 신제품, 바캉스룩 등을 선보인다""고 설명했다.eriwhat@news1.kr▶ [ 크립토허브 ] ▶ [ 해피펫 ]▶ 네이버 메인에서 [뉴스1] 구독하기![© 뉴스1코리아(news1.kr), 무단 전재 및 재배포 금지] ]",[],http://news.mk.co.kr/v2/economy/view.php?year=2019&no=307399,https://n.news.naver.com/mnews/article/421/0004001576?sid=101
2019.05.20.,소비자가 만드는 신문,,"필터교체형 마스크, 온라인서 미인증제품 범람...구매 시 주의",,,http://www.consumernews.co.kr/?mod=news&act=articleView&idxno=531578,http://www.mk.co.kr/
2019.05.28.,아주경제,경제,[주간추천종목] 하나금융 카카오 한솔케미칼 삼성중공업,"[ 4천만원짜리 워치와인더현대H몰에 입점 화제     손목의 움직임으로 동력을 얻는 오토매틱 시계는 일정 시간 착용하지 않으면 시계가 작동하지 않는다. 이 때문에 보관할 때도 시계를 특정한 방향으로 회전시켜야 할 필요가 있는데, 이 역할을 하는 것이 '워치와인더'다. 고가의 명품시계를 수집하는 남성들에게 워치와인더도 새로운 필수품으로 주목받고 있다. 안전하고 편리하게 오토매틱 시계를 보관할 수 있는 데다 워치와인더를 소장하고 있다는 것 자체가 고가의 시계를 두 개 이상 보유하고 있다는 상징이기 때문이다.독일 하이엔드 워치와인더·금고 브랜드 '부벤앤줴르벡'이 지난 4월 현대H몰에 입점했다. '초저가' 경쟁이 치열한 이커머스 시장에서 프리미엄 상품으로 콘텐츠 차별화에 나선 것이다.특히 16개의 손목시계를 보관할 수 있는 '퀀텀 16구 마카사(사진)'는 4070만원으로 현대H몰 상품 가운데 가장 비싸다. 지금까지 현대 H몰 최고가 상품은 2776만원 상당의 '삼성 QLED 8K 214㎝ 벽걸이형 TV'였다. 부벤앤줴르벡 관계자는 ""고가의 탁상용 시계, 오르골, 프리미엄 스피커 등 마니아층이 찾을 만한 '재미있는 명품'이 현대H몰에 많았다""며 ""(부벤앤줴르벡이) 대중적인 명품은 아니지만 마니아층이 많이 찾는 브랜드라는 점에서 현대H몰과 이해관계가 맞아떨어졌다""고 입점 배경을 설명했다. 현재 이 브랜드의 오프라인 매장은 전국 신세계백화점 점포 세 곳에만 입점해 있다.현대H몰은 지난해에도 홍콩 명품 주얼리 브랜드 '주대복'을 판매해 월평균 1억원가량의 매출을 올렸다. 이탈리아 명품 워치와인더·액세서리 브랜드 '아그레스티'도 온라인몰 중 유일하게 선보이고 있다. 프랑스 유명 주얼리 브랜드 '클리오블루'도 최근 입점했으며, '레네레이드'도 상반기 중 입점할 예정이다.현대H몰에 따르면 최근 3년간 온라인몰 명품 매출이 연평균 약 15%의 성장세를 보이고 있다. 전체 상품 중 명품 매출이 차지하는 비중도 지난해 처음으로 10%를 넘어섰다.이러한 현상은 경쟁사에서도 두드러지게 나타난다. 롯데백화점의 공식 온라인몰 '엘롯데'의 명품 매출은 2016년부터 3년간 30% 이상, 매년 두 자릿수 이상 성장하고 있다. 신세계그룹이 운영하는 온라인몰 SSG닷컴에서도 전년 대비 패션·잡화 부문 해외 명품 매출은 2017년 10%, 2018년 13% 성장했다. 시계·주얼리도 2017년 8%, 2018년 10% 매출 성장세를 보였다. [강인선 기자]▶네이버 메인에서 '매일경제'를 받아보세요▶뉴스레터 '매콤달콤' 구독 ▶무궁무진한 프리미엄 읽을거리[ⓒ 매일경제 &amp; mk.co.kr, 무단전재 및 재배포 금지]   ]",[],http://www.ajunews.com/view/20190510170218277,https://n.news.naver.com/mnews/article/009/0004360126?sid=101
2019.05.24.,올치올치,,'개린이 날'…반려동물 용품 매출 급증,,,https://www.olchiolchi.com/?p=33920,http://www.mt.co.kr/
2019.05.25.,뉴스브라이트,경제,"배우 최지우, 보미라이(BOMIRAI)와 함께 '최지우의 뷰티 톡톡’ 개최!","[    [머니투데이 김사무엘 기자] NH투자증권은 원화 약세로 고가 수입품의 가격경쟁력이 높아지면서 신세계의 매출 호조세가 이어질 것으로 24일 전망했다. 투자의견 '매수'와 목표주가 43만원을 유지했다.지난달 신세계 국내 백화점 부문은 전년 동월대비 5% 성장률을 기록했다. 수입 럭셔리, 프리미엄 가전, 컨템포러리의 고성장으로 호실적이 이어지고 있기 때문이다. 원화약세로 국내 백화점의 수입 럭셔리 카테고리의 가격경쟁력이 높아지고 있어 당분간 긍정적 업황이 이어질 것으로 분석된다.온라인 사업부문을 에스에스지닷컴(ssg.com)으로 이관하면서 관련 판관비 부담 감소로 수익성도 개선 중이다. 면세점dms 명동점 기준 2분기 현재까지 일평균 매출이 1분기 62억원을 넘어섰다. 3분기에는 에르메스 오픈이 예정돼 일매출 1억~2억원이 추가로 늘어날 전망이다.이지영 NH투자증권 연구원은 ""올해 예상 실적을 기준으로 보면 현재 주가의 PER(주가수익비율)는 10.5배에 불과하다""며 ""전 사업부문의 양호한 영업상황과 면세부문의 향후 수익성 개선 여력, 연결자회사의 신사업 등을 감안하면 지나치게 저평가 상태""라고 설명했다.김사무엘 기자 samuel@mt.co.kr▶'의문 투성이' 배우 한지성 교통사고▶조 변호사의 가정상담소 ▶더 많은 기사 보러가기  &lt;저작권자 ⓒ '돈이 보이는 리얼타임 뉴스' 머니투데이, 무단전재 및 재배포 금지&gt;   ]",[],http://newsbrite.net/sub_read.html?uid=57155§ion=sc1,https://n.news.naver.com/mnews/article/008/0004223166?sid=101
2019-05-20 15:36:10,연합인포맥스,,"신세계, 1분기 영업이익 1천100억원…전년比 2.9%↓(상보)",,,http://news.einfomax.co.kr/news/articleView.html?idxno=4029517,https://www.moneys.co.kr/
2019-05-26 16:17:02,아시아투데이,생활/문화,"신세계사이먼 프리미엄 아울렛이 온라인으로 '쓱'…""1년 365일 24시간 내내 아...","[    유러피안 스타일 키즈 브랜드 아비에(Habille)에서 19SS 네이처 원피스를 출시했다고 밝혔다.      ©아비에(Habille)이번에 선보인 네이처 원피스는 잔잔한 플라워 패턴에 볼륨감 있는 소매로 매력을 더한 제품이다. 밑단의 셔링이 들어간 프릴 디자인으로 포인트를 주었으며 넥라인과 소매, 파이핑 등 세세한 부분까지 신경을 써 사랑스러운 분위기를 더해준다. 또한, 뒷부분의 단추 잠금으로 풀고 잠그기 용이해 착용이 편리하며 안감이 덧대어져 비침 걱정이 없다.부드러운 감촉을 자랑하는 면 소재로 제작되어 몸에 붙지 않고 구김이 적으며, 은은한 컬러의 그린과 레드 두 가지 컬러로 출시됐다. 한편 아비에의 19SS 네이처 원피스는 롯데백화점 안산점, 신세계백화점 센텀 시티점, SSG닷컴, 아비에 온라인 온라인 스토어에서 구매 가능하다. 강인귀 기자 deux1004@mt.co.kr▶ 고수들의 재테크 비법 ▶ 박학다식 '이건희칼럼' &lt;저작권자 ⓒ '성공을 꿈꾸는 사람들의 경제 뉴스' 머니S, 무단전재 및 재배포 금지&gt;   ]",[],http://www.asiatoday.co.kr/view.php?key=20190507010003011,https://n.news.naver.com/mnews/article/417/0000413250?sid=103
2019-05-22 06:00:00,THE PR,,"""광고 40년 외길, 디지털 적응이 제일 힘들다""",,,http://www.the-pr.co.kr/news/articleView.html?idxno=42512,https://www.imaeil.com/
2019-05-21 17:48:06,로이슈,경제,"타임코스메틱, 항산화 선케어 '퍼펙트 브라이트닝 UV 선세럼 & 퍼펙트 브라이...","[ 지마켓·옥션, 28일까지 연중 최대규모 할인 '빅스마일 데이'SSG닷컴도 200여개 제품 최대 64% 할인전        [김윤기 기자 yoonki@imaeil.com]     온라인 유통업체 간 가격 경쟁에 불이 붙었다. 의류나 생활용품은 물론 전자제품에 이르기까지 경쟁적인 할인행사가 이어지면서 소비자들은 저가 구매 기회를 맞았다.지마켓, 옥션 등을 운영하는 이베이 코리아는 20일부터 본격적인 할인전을 개시했다. 이베이코리아는 오는 28일까지 9일간    연중 최대 규모의 쇼핑 행사인 '빅 스마일데이'를 진행한다. 통상 매년 11월에 연 1회 진행했지만 상반기 행사를 추가로 마련한 것이다.행사 규모도 대폭 확대했다. 기존 행사에서 1회 제공하던 할인쿠폰을 5월에는 20, 23일, 26일 등 3회에 걸쳐 제공한다. 모든 고객에 최대 10만원까지 할인되는 15% 할인쿠폰과 최대 5천원 할인되는 20% 할인쿠폰을 일자별로 1장씩 제공한다. 오후 6시 이전 주문 시 당일 발송되는 '스마일배송 상품도 확대하고 배송비를 1천500원으로 줄였다.신세계의 SSG닷컴은 오는 26일까지 의류·화장품·잡화·가전제품 특가상품 코너인 '해피바이러스', 식품과 생필품 품목 위주의 특가 코너 '오반장'을 통합해 '오! 해피데이즈' 프로모션을 진행한다. 200여 품목에 대해 최대 64%까지 할인 판매한다.ⓒ매일신문 - www.imaeil.com   ]",[],http://www.lawissue.co.kr/view.php?ud=201905211119426788204ead0791_12,https://n.news.naver.com/mnews/article/088/0000593905?sid=101
2019-05-24 07:51:53,뉴데일리,,‘롯데 이어 현대百까지’…유통 공룡들 역직구 사업 ‘빨간불’,,,http://biz.newdaily.co.kr/site/data/html/2019/05/13/2019051300107.html,http://www.newspim.com
2019-05-27 18:12:00,아시아투데이,,"""이마트, 실적 부진에도 트레이더스 확정세는 매우 긍정적""",,,http://www.asiatoday.co.kr/view.php?key=20190517010010453,http://www.edaily.co.kr/
2019-05-20 18:35:05,서울신문,경제,신세계도 ‘온라인 명품 아울렛’ 오늘 오픈,"[     [이데일리 김대웅 기자] NH투자증권은 24일 신세계(004170)에 대해 원화 약세로 인해 가격 경쟁력이 높아지고 있다고 판단했다. 투자의견 ‘매수’와 목표주가 43만원을 유지했다.이지영  NH투자증권 연구원은 “지난달 신세계 국내 백화점 부문은 전년동월 대비 5% 성장률을 기록했다”며 “수입 럭셔리, 프리미엄 가전, 컨템포러리의 고성장으로 양호한 실적이 이어지고 있기 때문”이라고 분석했다.그러면서 “원화 약세로 국내 백화점의 수입 럭셔리 카테고리의 가격경쟁력이 높아지고 있어 당분간 긍정적 업황이 이어질 것”이라고 설명했다.그는 또 “온라인 사업 부문을 SSG닷컴으로 이관하면서 관련 판관비 부담이 줄어들었기 때문에 수익성도 개선 추세가 지속할 것”이라며 “온라인 부문은 SSG닷컴에 백화점 상품을 공급하고 일정 마진을 수취하는 구조로 변경됐고 판매에 필요한 제비용은 SSG닷컴에서 부담한다”고 분석했다.이 연구원은 “올해 예상 실적을 기준으로 보면 현재 주가수익비율(PER)은 10.5배에 불과하다”며 “전 사업부문의 양호한 영업상황과 면세부문의 향후 수익성 개선 여력, 연결자회사의 신사업 등을 감안하면 지나치게 저평가 상태”라고 부연했다.김대웅 (daxiong@edaily.co.kr)네이버 홈에서 ‘이데일리’ 뉴스 [구독하기▶]꿀잼가득 [영상보기▶] , 청춘뉘우스~ [스냅타임▶]＜ⓒ종합 경제정보 미디어 이데일리 - 무단전재 &amp; 재배포 금지＞ ]",[],https://www.seoul.co.kr/news/newsView.php?id=20190508025001&wlog_tag3=naver,https://n.news.naver.com/mnews/article/018/0004385995?sid=101
2019-05-24 08:17:02,데일리안,,국경 없는 쇼핑시대…해외직구로 몰리는 온라인 유통,,,http://www.dailian.co.kr/news/view/794112/?sc=naver,http://www.edaily.co.kr/
2019-05-25 12:21:02,뉴스1,경제,"바른미트, '바른한돈·바른한우' 브랜드 출시…온라인시장 진출","[    [이데일리 이후섭 기자] ◇코스피△이마트(139480) -상반기 펀더멘털 악화는 주가에 선반영…중기 관점 트레이더스의 시장지위 강화 긍정적이며 향후 SSG닷컴 최고기술책임자(CTO)·최고재무책임자(CFO) 선임 및 플랫폼 방향성 구체화, 사업목표 및 계획 발표가 모멘텀으로 작용할 전망-영업가치 7조원, 투자자산가치 2조9000억원 반영해 산출한 목표주가 24만5000원…업종 내 밸류에이션 매력도 가장 높아△유한양행(000100)-기술수출료 유입에 따른 1분기 실적 호조세 예상-지분 보유 자회사들의 연구개발(R&amp;D) 모멘텀으로 자회사 가치 부각◇코스닥△서진시스템(178320) -글로벌 5세대(5G) 이동통신서비스 상용화 속도전에 따른 가장 큰 수혜입을 것으로 전망-서진시스템은 커버리지 확대에 필요한 기지국과 5G 디바이스 모두 생산하는 기업 -올해 자동차 부품 및 전기차 배터리 함체 등 기타 부문의 매출 성장도 기대이후섭 (dlgntjq@edaily.co.kr)네이버 홈에서 ‘이데일리’ 뉴스 [구독하기▶]꿀잼가득 [영상보기▶] , 청춘뉘우스~ [스냅타임▶]＜ⓒ종합 경제정보 미디어 이데일리 - 무단전재 &amp; 재배포 금지＞ ]",['느ㅡ즙ㆍㅅㄱㅂ'],http://news1.kr/articles/?3614295,https://n.news.naver.com/mnews/article/018/0004387120?sid=101
2019.05.24.,조선일보,,"""생큐, 어벤져스!""",,,http://biz.chosun.com/site/data/html_dir/2019/04/30/2019043003396.html?utm_source=naver&utm_medium=original&utm_campaign=biz,http://www.businesspost.co.kr/
2019.05.22.,서울파이낸스,,해외직구로 몰리는 온라인 유통업계,,,http://www.seoulfn.com/news/articleView.html?idxno=342511,http://www.metroseoul.co.kr
2019.05.28.,디지털타임스,,"바닥 다지는 롯데쇼핑… ""반등 가능성 높다""",,,http://www.dt.co.kr/contents.html?article_no=2019050702101132048001&ref=naver,http://www.ajunews.com
A25면 TOP,서울파이낸스,,"백화점업계, 1분기 실적 희비···롯데 '웃고' 현대·신세계 '울고'",,,http://www.seoulfn.com/news/articleView.html?idxno=343008,http://www.mk.co.kr/
2019.05.23.,이데일리,경제,"대형마트, 초저가 경쟁에도 매출 감소…온·오프 잠식 현실로","[ 디자인·기능 공개하고 선주문일정 수량 이상 되면 제작 착수소비자들은 싸게 사서 좋고판매자는 재고·반품 부담 없어11번가·SSG닷컴 등 대기업 가세    온라인 펀딩 플랫폼 `하고`에서 연간 20억원어치 이상 팔리는 `하고백`(왼쪽)과 카카오메이커스에서 6만6000개가 팔린 `통째로 세탁하는 기능성 솜 베개 코튼샤워`는 대표적인 선주문 상품이다.  [사진 제공 = 하고·카카오메이커스] 익일 배송, 새벽 배송은 물론 3시간 배송까지 빨리 물건을 받아 보는 것이 '미덕'으로 여겨지는 이커머스 업계에서 주문 후 7개월 이상 기다릴 수도 있는 '선주문(pre order)' 모델이 확산되고 있다. 소비자에게 제품 디자인이나 구성, 기능을 미리 공개하고 선주문(펀딩)을 받아 일정 기간 목표 금액이나 수량을 달성하면 제작하는 시스템이다. 크라우드펀딩과 유사한 모델인데 고객들은 기다리는 시간만큼 저렴한 가격에 물건을 구매하고 유통업체는 반품률이 낮은 데다 재고 부담을 덜어 윈윈할 수 있다. 수요 예측이 가능할 뿐 아니라 생산에 필요한 비용 등도 미리 마련할 수 있어 상대적으로 자금력 등이 부족한 신생 브랜드들이 사업을 키우기에 유리한 구조다. 소비자들 호응이 뜨거워지면서 국내 유통 대기업들까지 속속 관련 시장에 진출하고 있다.온라인 펀딩·큐레이션 플랫폼 '하고(HAGO)'는 펀딩을 통한 온라인 패션 판매로 인기다.펀딩을 통해 최소 수량이 확보된 뒤 제작에 들어가는 시스템 덕에 재고 부담 없이 우수한 품질의 상품을 정상가 대비 최대 50% 이상 저렴하게 판매하는 모델을 구축했다. 대표 상품인 '하고백' 라인은 연간 20억원 이상 높은 매출을 기록하고 있다. 특히 '하고 새들백'은 2년간 43차 리오더를 진행해 4300개나 팔렸다. 이 회사 관계자는 ""일반적인 온라인 쇼핑몰 반품률이 약 15~20%에 달하는 데 비해, 펀딩 후 제작한 제품들은 반품률이 0.9%에 불과하다""며 ""소비자 입소문을 통한 홍보 효과도 있고, 펀딩 결과에 따라 상품성이나 트렌드를 즉각적으로 확인할 수 있는 것도 장점""이라고 밝혔다.가장 대중적인 주문생산 기반 커머스 플랫폼 카카오메이커스는 4월 말 기준 누적 매출액이 1000억원을 돌파했다. 2016년 2월 첫선을 보인 후 3년여 만의 성과다. 그동안 85만여 명의 고객이 주문생산에 참여해 413만개가 판매되는 과정에서 총 1743곳의 제조업체와 창작자에게 생산 기회가 열렸다. 주문 성공률도 98%에 달했다. 가장 많은 누적 판매액과 판매량을 기록한 제품은 '통째로 세탁하는 기능성 솜 베개 코튼샤워'로 2017년 7월 첫 판매 후 1년9개월간 6만6000여 개가 판매돼 약 22억원의 매출을 올렸다.카카오메이커스는 대량 생산·대량 소비로 이뤄지는 현 제조업의 패러다임을 재고 없는 주문생산 체제로 바꿔 제조업 혁신을 추구하는 플랫폼이다. 과잉 생산으로 인한 자원 낭비와 환경 파괴, 재고 관리비로 인한 생산자·소비자 부담을 줄일 수 있다.정보기술(IT) 업체 엔비티(NBT)는 2월 패션 전문 크라우드펀딩 플랫폼 '스몰바이츠'를 론칭했다. 디자이너가 컬렉션을 사전 공개하면 소비자들이 구매를 원하는 제품에 펀딩해 컬렉션을 론칭한다.대기업 유통사들도 유사한 서비스를 확대하고 나섰다. SSG닷컴이 가장 적극적이다. 올 3월 트렌디한 해외 패션 브랜드 제품을 정식 출시 전에 미리 주문하는 프리오더(선주문) 서비스를 종합 쇼핑몰 업계 최초로 시작했다. 첫 상품으로 내놓은 이탈리아 프리미엄 슈즈 브랜드 '부테로'의 올가을·겨울(FW) 시즌 상품 15종은 전 세계 정식 발매일인 7월에나 받을 수 있음에도 불구하고 사흘 만에 목표 수량(200켤레)을 넘겼고 1주일 만에 420켤레의 주문을 받았다. 2차 스웨덴 패션 브랜드 '악셀 아리가토' 슈즈 19종과 3차 스페인 캐쥬얼 패션 브랜드 '아렐스' 의류, 남성 수영 팬츠, 단화 스니커즈 등 24종 상품도 목표를 달성해 주문에 들어갔다.SSG닷컴은 지난해 11월 시작한 공동구매 개념의 사전 주문 서비스인 프로젝트 펀딩 '우르르'가 순항하자 아예 이달부터 정식 서비스하고 있다. 일정 기간 동안 특정 상품을 구매할 고객을 미리 모은 뒤, 목표 금액과 수량에 도달하면 판매가 확정된다. 총 100개 제품이 펀딩에 성공했다. 소비자들은 인터넷 최저가 대비 최대 67% 저렴하게 제품을 구입할 수 있고, 제조사는 사전에 펀딩받은 만큼 생산해 재고 부담을 덜고, 물건을 창고에 오래 보관하면서 그때그때 출고하는 것보다 한번에 많은 고객에게 한꺼번에 발송하니 감가상각 측면에서도 이득이다. 11번가도 지난달 뷰티 펀딩 서비스 '뷰티투게더'를 선보였다. 주로 중소 브랜드의 경쟁력 있는 화장품을 소개해 먼저 구매 의사를 밝히는 고객에게 가장 저렴한 가격에 상품을 제공하고 일정 기간 내 목표 수량을 달성하면 구매에 성공하는 구조다. 지난달 5개 상품을 대상으로 진행해 목표 수량(2500개)의 두 배를 달성했다. 롯데e커머스가 시작한 뷰티앱 '모게요'도 '궁금해요' 30개가 모이면 5% 할인 쿠폰이 발급되는 서비스를 제공하고 있다.  [이한나 기자]▶네이버 메인에서 '매일경제'를 받아보세요▶뉴스레터 '매콤달콤' 구독 ▶무궁무진한 프리미엄 읽을거리[ⓒ 매일경제 &amp; mk.co.kr, 무단전재 및 재배포 금지]   ]",['ㅇ'],http://www.edaily.co.kr/news/newspath.asp?newsid=01128326622486952,https://n.news.naver.com/mnews/article/009/0004357553?sid=101
2019.05.28.,비즈트리뷴,,[추천주] 하나금융지주 LG화학 쌍용양회 호텔신라 HDC현대산업개발 서진시스템,,,http://www.biztribune.co.kr/news/articleView.html?idxno=212190,http://www.enewstoday.co.kr/
2019.05.10.,헤럴드경제,,‘한국판 아마존’ 향한 온라인쇼핑 생존경쟁 가열,,,http://news.heraldcorp.com/view.php?ud=20190513000287,http://www.maniareport.com/
2019.05.26.,헤럴드경제,,온라인 사업 거점 절실한데…고민 깊어진 신세계,[],[],http://news.heraldcorp.com/view.php?ud=20190514000157,https://sports.news.naver.com/news.nhn?oid=425&aid=0000099116
2019.05.16.,브릿지경제,,"[비바100] ""우리 개린이·냥린이 하나 들어주려고요"" 진화하는 펫금융",,,http://www.viva100.com/main/view.php?key=20190512010003562,http://biz.chosun.com/
2019.05.14.,이데일리,경제,삼성전자 통큰 투자에 수혜株 뜬다…한솔케미칼·원익IPS 주목,"[ 신세계(004170)가 화장품 사업 호조로 올해 1분기 매출이 큰 폭으로 증가했지만, 면세점 투자 비용이 늘면서 영업이익은 감소했다. 신세계는 올해 1분기 연결기준 영업이익이 1100억원으로 지난해 같은 기간보다 2.9% 줄었다고 10일 밝혔다. 매출액은 38.6% 늘어난 1조5180억원을 기록했다. 당기순이익은 714.5% 증가한 6858억원으로 집계됐다.    신세계디에프(신세계면세점)의 영업이익이 반토막 나면서 전체 영업이익을 끌어내렸다. 신세계디에프의 1분기 매출은 지난해 같은 기간보다 107% 증가한 7033억원을 기록했지만, 영업이익은 46.6% 줄어든 126억원에 그쳤다. 당기순손실은 43억원으로 적자 전환했다. 신세계 관계자는 ""면세점 신규 개점 효과로 매출은 늘었지만 면세점 투자로 영업이익은 줄었다""고 설명했다. 신세계는 지난해 1월 인천공항 T2점에 이어 7월에 강남점을 열었다.신세계백화점의 매출과 영업이익은 각각 11.9%, 9.9% 줄어든 3750억원, 533억원을 기록했다. 인천점 철수와 온라인 통합법인 ‘SSG닷컴’ 출범으로 온라인 부문이 분리된 영향이 크다고 신세계 측은 설명했다.신세계인터내셔날(SI)은 올해 1분기에도 신세계의 성장을 견인했다. 신세계인터내셔날의 매출은 같은 기간 20.2% 증가한 3659억원을 올렸다. 영업이익은 147.5% 성장한 292억원이었다. ‘비디비치’를 포함한 화장품 사업 호조로 매출과 영업이익이 모두 좋아졌다는 게 회사 측의 설명이다.센트럴시티는 1분기 매출과 영업이익이 660억원, 214억원으로 각각 47.3%, 32.9%씩 성장했다. 대구신세계는 매출이 9.4% 증가한 455억원, 영업이익은 147.4% 늘어난 47억 원으로 집계됐다. 까사미아는 매출 273억원에 11억원의 영업손실을 냈다. 신세계 관계자는 ""강남, 센텀시티 등 대형 점포들의 견고한 실적에 더해 대구신세계가 개점 3년만에 흑자를 내는 등 빠르게 안착해 1분기에 좋은 실적을 기록했다""면서 ""면세도 명품 등 고객이 선호하는 브랜드 입점 효과로 성장세가 이어졌고 SI는 화장품이 고성장했다""고 말했다.[이재은 기자 jaeeunlee@chosunbiz.com]chosunbiz.com   ]",[],http://www.edaily.co.kr/news/newspath.asp?newsid=01495686622486296,https://n.news.naver.com/mnews/article/366/0000433841?sid=101
2019-05-16 17:24:10,서울경제,,캐나다 공기청정기 미세먼지 제거 전용 600HI 재런칭 기념 이벤트 실시,,,https://www.sedaily.com/NewsView/1VJ2OM7NEO,http://www.biztribune.co.kr/
None,서울경제,,캐나다 공기청정기 미세먼지 제거 전용 600HI 재런칭 기념 이벤트 실시,,,https://www.sedaily.com/NewsView/1VJ2OM7NEO,http://www.inews24.com/
2019-05-10 18:52:08,한국일보,경제,프리미엄 아웃렛 속속 온라인으로… 롯데 이어 신세계도 입점,"[ SSG닷컴, 명품 화장품 매출 비중 늘어…""온라인 명품 수요 증가 추세""[아이뉴스24 장유미 기자] 최근 가성비 화장품에 밀려 한 동안 주춤했던 명품 화장품 수요가 다시 고개를 들고 있다. 경제가 어려워질수록 소비자들이 작은 명품을 구매하며 심리적 만족감을 얻는다는 '스몰 럭셔리(Small Luxury)' 현상이 화장품 시장에서도 되풀이되고 있는 것으로 보인다.16일 SSG닷컴이 지난 3년 간 뷰티 관련 상품의 매출을 분석한 결과, 2016년 25%였던 명품 화장품 비중이 지난해 35%까지 늘어난 것으로 조사됐다.판매량 추이로 봤을 때도 성장세가 뚜렷했다. 명품 화장품 판매량은 2016년부터 매년 15%씩 성장했으며, 지난해에는 20% 가까이 늘어난 것으로 집계됐다.SSG닷컴 관계자는 ""해가 지날수록 명품 화장품에 대한 수요는 물론, 오프라인 대신 온라인에서 구매하는 고객이 많아지고 있는 것으로 보인다""고 분석했다.    SSG닷컴 명품 화장품 베스트 상품 [사진=SSG닷컴]가장 많이 팔린 상품은 역시 립스틱이었다. 파운데이션과 아이섀도우가 그 뒤를 이었다. 평균 10만 원 내외로 구매 가능한 대표적인 스몰 럭셔리 제품이 명품 화장품 전체 성장세를 견인한 것으로 나타났다.이러한 추세를 반영해 SSG닷컴은 지난 4월 1일 국내외 명품브랜드와 가성비 화장품 1만 개를 총망라한 '뷰티 전문관'을 열었다. 오픈을 기념해 2주간 진행한 할인 행사에는 고객이 몰리며 당초 예상했던 매출 목표 대비 114%를 달성하는 성과를 거뒀다. 이 기간 동안 맥, 바비브라운, 입생로랑, 나스, 슈에무라 등 해외 유명 브랜드가 매출 전체의 40%를 차지하는 등 명품 화장품의 약진이 두드러졌다.명노현 SSG닷컴 백화점상품팀장은 ""일상적으로 쓰는 뷰티 아이템은 가성비를 많이 고려해 소비하지만, 그 중에서도 색조 상품 등 특정 카테고리에서 '똘똘한 명품 하나쯤'은 장만하려는 경향이 많아지고 있는 것으로 보인다""며 ""구매력이 뒷받침되는 30대의 비중이 명품 화장품 매출의 3분의 1을 차지하고 있지만, 20대 매출도 매년 늘고 있는 것이 특징""이라고 말했다.또 SSG닷컴은 신세계백화점 등과 연계해 백화점 정품만을 판매한다는 소비자 인식도 명품 화장품 판매 증가에 일조한 것으로 분석하고 있다. 최근 사회관계망서비스(SNS) 등에서 인기를 끌던 인플루언서 마케팅에 대한 불신과 일부 온라인몰에서 끊이지 않는 '짝퉁' 판매 사례 등이 소비자가 구매처를 선택할 때 적지 않은 영향을 주고 있다는 판단이다.김예철 SSG닷컴 영업본부장은 ""고객을 위한 가격할인도 끊임없이 추구하는 한편, '중요한 상품을 구매할 때 믿고 살 수 있는 곳'이라는 인식을 줄 수 있도록 하겠다""며 ""고객이 차별화된 경험을 할 수 있도록 온라인 쇼핑의 격을 높이는 시도를 지속해 나갈 것""이라고 말했다.장유미기자 sweet@inews24.com▶한중일 고수 총출동 미디어커머스 쇼 2019▶미디어커머스쇼 2019 소문내고 무료로 보세요[ⓒ 아이뉴스24 무단전재 및 재배포 금지] ]",[],http://www.hankookilbo.com/news/npath/201905071704320274?did=NA,https://n.news.naver.com/mnews/article/031/0000493127?sid=101
2019-05-16 14:52:03,이데일리,,[주간추천주]SK증권,,,http://www.edaily.co.kr/news/newspath.asp?newsid=01613766622485640,http://biz.chosun.com/
2019-05-14 08:01:10,국민일보,경제,"유통가도 달구는 영화 ‘어벤져스’ 열풍, 제품 매진 사태까지","[    국내 주요 백화점의 실적이 올해 들어 주춤하다. 명품과 생활가전은 두자릿수 성장세를 이어가면서 호황을 누리고 있으나, 명품을 제외한 일반 잡화·소비재의 판매 부진으로 1분기(1~3월) 매출과 영업이익은 소폭 증가하는 데 그치거나 도리어 감소했다. 백화점 3사(롯데·신세계·현대)는 올해 부실 점포를 정리해 효율성을 높이고 온라인 사업을 강화해 경쟁력을 높인다는 계획이다.    국내 백화점 매출 1위 점포인 신세계백화점 강남점 / 신세계 제공롯데백화점은 올해 1분기 매출이 7721억원으로 지난해 같은 기간보다 6% 감소했다. 해외패션(명품 포함)과 생활가전 매출은 각각 14.2%, 14.9%씩 성장했으나, 국내 점포 매출은 0.6% 증가하는 데 그쳤다. 지난해 평창 라이선싱 관련 일회성 직매입 비용(451억원)이 발생한 데다가 지방중소형 점포가 부진한 영향이 크다. 판관비 절감에 힘입어 영업이익은 10.9% 늘어난 1588억원이었다.롯데백화점은 올해 부실 점포를 정리하고 핵심 점포는 대대적인 개편을 통해 경쟁력을 높인다는 계획이다. 먼저 지난 2월 영플라자 대구점과 인천점, 안양점의 영업을 종료했다. 연말까지 수익성이 부진한 지방 중소형 점포에 대한 추가 구조조정을 진행한다. 이지영 NH투자증권 연구원은 ""올해는 백화점 구조조정에 따른 추가 비용이 발생할 우려가 있어, 내년쯤에야 구조조정 효과가 나타날 것으로 보인다""고 말했다.현대백화점(069960)은 지난해 말 개점한 면세점의 영업손실 규모가 확대되면서 1분기 영업이익이 26.9% 줄어든 751억원으로 집계됐다. 시내면세점 영업을 시작하기 위한 준비 비용과 개장 초기 광고판촉비 증가로 면세점에서만 419억원 적자를 기록했다. 그나마 1분기 매출은 명품과 리빙, 생활가전의 성장에 힘입어 5120억원으로 15.3% 증가했다.올해도 천호점과 김포점 증축에 따른 감가상각비가 늘고 2020년 여의도 신규점도 문을 열 계획이라 단기적으로는 비용이 증가할 것으로 예상된다. 장기적으로 현대백화점의 실적은 면세점 사업이 얼마나 적자 폭을 빠르게 줄여나갈 수 있느냐에 달린 것으로 보인다. 박종렬 현대차증권 연구원은 ""면세점 사업을 통한 신규 성장성 확보는 긍정적이지만, 당분간 면세점 적자가 실적에 부정적 영향을 미칠 것""이라고 말했다. 신세계백화점의 1분기 매출과 영업이익은 각각 11.9%, 9.9% 줄어든 3750억원, 533억원으로 집계됐다. 수치만 보면 부진해 보이지만, 올해 1월 인천점 철수와 온라인 통합법인 ‘SSG닷컴’ 출범으로 온라인 부문이 분리된 점을 감안하면 선방했다는 평가가 나온다. 특히 VIP 고객을 중심으로 명품 부문이 21% 이상 성장하면서 대형 점포의 성장을 이끌었다. 안지영 IBK투자증권 연구원은 ""인천점을 제외한 백화점 기존점 성장률은 5.4%를 기록했으며, 대형 매장 상위 6개점의 비중이 75%에 달했다""고 했다.    루이비통이 지난 3월 롯데백화점 부산 본점에 개장한 남성 전용 매장./루이비통앞으로 이커머스(온라인 쇼핑몰)와의 경쟁이 치열해지면서 백화점 3사는 도심 대형 점포를 중심으로 오프라인 사업을 강화하고 온라인 부문을 키우는 데 주력할 것으로 보인다. 백화점은 중저가 중심의 이커머스와 차별화, 명품과 식품관 등에 초점을 맞춘 체험 공간으로 거듭난다는 계획이다. 대표적으로 롯데백화점은 매출 1위 점포인 서울 소공동 본점을 2022년까지 4년간 재단장한다. 롯데백화점 측은 본점의 식품과 리빙, 명품 입점 브랜드를 늘리고 체험형 공간을 확대해 혁신적인 유통 공간을 만들겠다는 포부를 밝혔다. 오는 2020년 여의도에 들어설 현대백화점에는 아마존의 무인 자동화 매장 기술이 적용된다. 현대백화점 관계자는 ""여의도점은 드론 배달, 인공지능 등 첨단 기술을 접목한 ‘미래형 유통매장’이 될 계획""이라고 말했다.[이재은 기자 jaeeunlee@chosunbiz.com]chosunbiz.com   ]",[],http://news.kmib.co.kr/article/view.asp?arcid=0924076288&code=11151400&cp=nv,https://n.news.naver.com/mnews/article/366/0000434028?sid=101
2019.05.26.,디지틀조선일보,,5월 가정의 달 맞아 진행하는 업계별 다양한 프로모션,,,http://digitalchosun.dizzo.com/site/data/html_dir/2019/05/03/2019050380051.html,http://www.biztribune.co.kr/
2019.05.16.,신아일보,,유통 ‘빅2’ 이커머스 경쟁 ‘후끈’…롯데-신세계 자존심 대결,,,http://www.shinailbo.co.kr/news/articleView.html?idxno=1166108,http://www.inews24.com/
2019.05.14.,이투데이,경제,"""OO보다 비싸면 차액보상""…불붙은 이커머스 최저가 경쟁","[ SSG닷컴, 명품 화장품 매출 비중 늘어…""온라인 명품 수요 증가 추세""[아이뉴스24 장유미 기자] 최근 가성비 화장품에 밀려 한 동안 주춤했던 명품 화장품 수요가 다시 고개를 들고 있다. 경제가 어려워질수록 소비자들이 작은 명품을 구매하며 심리적 만족감을 얻는다는 '스몰 럭셔리(Small Luxury)' 현상이 화장품 시장에서도 되풀이되고 있는 것으로 보인다.16일 SSG닷컴이 지난 3년 간 뷰티 관련 상품의 매출을 분석한 결과, 2016년 25%였던 명품 화장품 비중이 지난해 35%까지 늘어난 것으로 조사됐다.판매량 추이로 봤을 때도 성장세가 뚜렷했다. 명품 화장품 판매량은 2016년부터 매년 15%씩 성장했으며, 지난해에는 20% 가까이 늘어난 것으로 집계됐다.SSG닷컴 관계자는 ""해가 지날수록 명품 화장품에 대한 수요는 물론, 오프라인 대신 온라인에서 구매하는 고객이 많아지고 있는 것으로 보인다""고 분석했다.    SSG닷컴 명품 화장품 베스트 상품 [사진=SSG닷컴]가장 많이 팔린 상품은 역시 립스틱이었다. 파운데이션과 아이섀도우가 그 뒤를 이었다. 평균 10만 원 내외로 구매 가능한 대표적인 스몰 럭셔리 제품이 명품 화장품 전체 성장세를 견인한 것으로 나타났다.이러한 추세를 반영해 SSG닷컴은 지난 4월 1일 국내외 명품브랜드와 가성비 화장품 1만 개를 총망라한 '뷰티 전문관'을 열었다. 오픈을 기념해 2주간 진행한 할인 행사에는 고객이 몰리며 당초 예상했던 매출 목표 대비 114%를 달성하는 성과를 거뒀다. 이 기간 동안 맥, 바비브라운, 입생로랑, 나스, 슈에무라 등 해외 유명 브랜드가 매출 전체의 40%를 차지하는 등 명품 화장품의 약진이 두드러졌다.명노현 SSG닷컴 백화점상품팀장은 ""일상적으로 쓰는 뷰티 아이템은 가성비를 많이 고려해 소비하지만, 그 중에서도 색조 상품 등 특정 카테고리에서 '똘똘한 명품 하나쯤'은 장만하려는 경향이 많아지고 있는 것으로 보인다""며 ""구매력이 뒷받침되는 30대의 비중이 명품 화장품 매출의 3분의 1을 차지하고 있지만, 20대 매출도 매년 늘고 있는 것이 특징""이라고 말했다.또 SSG닷컴은 신세계백화점 등과 연계해 백화점 정품만을 판매한다는 소비자 인식도 명품 화장품 판매 증가에 일조한 것으로 분석하고 있다. 최근 사회관계망서비스(SNS) 등에서 인기를 끌던 인플루언서 마케팅에 대한 불신과 일부 온라인몰에서 끊이지 않는 '짝퉁' 판매 사례 등이 소비자가 구매처를 선택할 때 적지 않은 영향을 주고 있다는 판단이다.김예철 SSG닷컴 영업본부장은 ""고객을 위한 가격할인도 끊임없이 추구하는 한편, '중요한 상품을 구매할 때 믿고 살 수 있는 곳'이라는 인식을 줄 수 있도록 하겠다""며 ""고객이 차별화된 경험을 할 수 있도록 온라인 쇼핑의 격을 높이는 시도를 지속해 나갈 것""이라고 말했다.장유미기자 sweet@inews24.com▶한중일 고수 총출동 미디어커머스 쇼 2019▶미디어커머스쇼 2019 소문내고 무료로 보세요[ⓒ 아이뉴스24 무단전재 및 재배포 금지] ]",[],http://www.etoday.co.kr/news/section/newsview.php?idxno=1751218,https://n.news.naver.com/mnews/article/031/0000493127?sid=101
27면 TOP,아시아투데이,,"필립스, '아방세 초고속 믹서기 트라이탄 텀블러 패키지' 출시",,,http://www.asiatoday.co.kr/view.php?key=20190509010004902,http://biz.chosun.com/
2019.05.22.,뉴스핌,경제,"신세계, 1분기 당기순익 6858억원.. '화장품·면세'서 날았다","[    국내 주요 백화점의 실적이 올해 들어 주춤하다. 명품과 생활가전은 두자릿수 성장세를 이어가면서 호황을 누리고 있으나, 명품을 제외한 일반 잡화·소비재의 판매 부진으로 1분기(1~3월) 매출과 영업이익은 소폭 증가하는 데 그치거나 도리어 감소했다. 백화점 3사(롯데·신세계·현대)는 올해 부실 점포를 정리해 효율성을 높이고 온라인 사업을 강화해 경쟁력을 높인다는 계획이다.    국내 백화점 매출 1위 점포인 신세계백화점 강남점 / 신세계 제공롯데백화점은 올해 1분기 매출이 7721억원으로 지난해 같은 기간보다 6% 감소했다. 해외패션(명품 포함)과 생활가전 매출은 각각 14.2%, 14.9%씩 성장했으나, 국내 점포 매출은 0.6% 증가하는 데 그쳤다. 지난해 평창 라이선싱 관련 일회성 직매입 비용(451억원)이 발생한 데다가 지방중소형 점포가 부진한 영향이 크다. 판관비 절감에 힘입어 영업이익은 10.9% 늘어난 1588억원이었다.롯데백화점은 올해 부실 점포를 정리하고 핵심 점포는 대대적인 개편을 통해 경쟁력을 높인다는 계획이다. 먼저 지난 2월 영플라자 대구점과 인천점, 안양점의 영업을 종료했다. 연말까지 수익성이 부진한 지방 중소형 점포에 대한 추가 구조조정을 진행한다. 이지영 NH투자증권 연구원은 ""올해는 백화점 구조조정에 따른 추가 비용이 발생할 우려가 있어, 내년쯤에야 구조조정 효과가 나타날 것으로 보인다""고 말했다.현대백화점(069960)은 지난해 말 개점한 면세점의 영업손실 규모가 확대되면서 1분기 영업이익이 26.9% 줄어든 751억원으로 집계됐다. 시내면세점 영업을 시작하기 위한 준비 비용과 개장 초기 광고판촉비 증가로 면세점에서만 419억원 적자를 기록했다. 그나마 1분기 매출은 명품과 리빙, 생활가전의 성장에 힘입어 5120억원으로 15.3% 증가했다.올해도 천호점과 김포점 증축에 따른 감가상각비가 늘고 2020년 여의도 신규점도 문을 열 계획이라 단기적으로는 비용이 증가할 것으로 예상된다. 장기적으로 현대백화점의 실적은 면세점 사업이 얼마나 적자 폭을 빠르게 줄여나갈 수 있느냐에 달린 것으로 보인다. 박종렬 현대차증권 연구원은 ""면세점 사업을 통한 신규 성장성 확보는 긍정적이지만, 당분간 면세점 적자가 실적에 부정적 영향을 미칠 것""이라고 말했다. 신세계백화점의 1분기 매출과 영업이익은 각각 11.9%, 9.9% 줄어든 3750억원, 533억원으로 집계됐다. 수치만 보면 부진해 보이지만, 올해 1월 인천점 철수와 온라인 통합법인 ‘SSG닷컴’ 출범으로 온라인 부문이 분리된 점을 감안하면 선방했다는 평가가 나온다. 특히 VIP 고객을 중심으로 명품 부문이 21% 이상 성장하면서 대형 점포의 성장을 이끌었다. 안지영 IBK투자증권 연구원은 ""인천점을 제외한 백화점 기존점 성장률은 5.4%를 기록했으며, 대형 매장 상위 6개점의 비중이 75%에 달했다""고 했다.    루이비통이 지난 3월 롯데백화점 부산 본점에 개장한 남성 전용 매장./루이비통앞으로 이커머스(온라인 쇼핑몰)와의 경쟁이 치열해지면서 백화점 3사는 도심 대형 점포를 중심으로 오프라인 사업을 강화하고 온라인 부문을 키우는 데 주력할 것으로 보인다. 백화점은 중저가 중심의 이커머스와 차별화, 명품과 식품관 등에 초점을 맞춘 체험 공간으로 거듭난다는 계획이다. 대표적으로 롯데백화점은 매출 1위 점포인 서울 소공동 본점을 2022년까지 4년간 재단장한다. 롯데백화점 측은 본점의 식품과 리빙, 명품 입점 브랜드를 늘리고 체험형 공간을 확대해 혁신적인 유통 공간을 만들겠다는 포부를 밝혔다. 오는 2020년 여의도에 들어설 현대백화점에는 아마존의 무인 자동화 매장 기술이 적용된다. 현대백화점 관계자는 ""여의도점은 드론 배달, 인공지능 등 첨단 기술을 접목한 ‘미래형 유통매장’이 될 계획""이라고 말했다.[이재은 기자 jaeeunlee@chosunbiz.com]chosunbiz.com   ]",[],http://www.newspim.com/news/view/20190510000852,https://n.news.naver.com/mnews/article/366/0000434028?sid=101
A16면 3단,디지털타임스,,"`요커 귀환`에도 웃지 못하는 롯데쇼핑…""지금이 저가매수 기회?""",,,http://www.dt.co.kr/contents.html?article_no=2019050602109932048003&ref=naver,http://www.mt.co.kr/
2019.05.30.,글로벌이코노믹,경제,"하나금융지주, 유바이오로직스 등 저평가주 담아라","[    [머니투데이 김소연 기자] [[오늘의포인트]롯데쇼핑·이마트 52주 최저가 경신…오프라인 유통업 구조적 한계 탓 커]     사진제공=마켓컬리 제공롯데쇼핑과 이마트, 오프라인 유통업체 최강자였던 이들 주가가 지속 추락해 역사적 저점 수준으로 떨어졌다. 온라인, 배달로 대표되는 신유통 흐름에 빠르게 편승하지 못한 탓이다. 증권업계 전문가들은 당분간 오프라인 유통업체들의 실적과 주가 하락세가 지속될 것이라는 먹구름 잔뜩 낀 전망을 내놓았다. 20일 오전 11시55분 롯데쇼핑은 전일대비 20500원(1.55%) 오른 16만4000원을 나타내고 있다. 장 초반에는 약세를 나타내 16만500원을 터치, 52주 신저가 기록을 새로 �㎢�. 이는 2009년 이후 10년래 최저가다. 같은 시간 이마트는 1500원(1.03%) 오른 14만7000원을 기록 중이다. 그간 낙폭이 컸던데 따른 되돌림 현상이 일시적으로 나타나고 있다. 이마트는 전거래일인 지난 17일 장중 14만4000원까지 떨어져 사상 최저가를 기록했다. 롯데쇼핑과 이마트는 각각 백화점과 대형마트 업계 1위다. 내수경기 악화로 인해 유통업 전반이 침체를 겪을 때도 '1등 브랜드는 살아남는다'는 인식 속 주가와 실적이 버텨왔던 터라, 최근 부진은 업계에 충격을 안긴다. 이들의 날개없는 추락은 유통 패러다임이 오프라인에서 온라인으로 전환되고 있는 상황과 무관치 않다. 온라인 유통업체들은 기존 오프라인 영역으로 일컬어졌던 명품, 신선식품 카테고리까지 속속 장악해가고 있다. 오프라인과 온라인 영역 경계가 불분명해지면서 더 이상 오프라인 1등 프리미엄으로는 버티기 힘든 수준에 도달했다는 평가다. 김명주 미래에셋대우 연구원은 ""소매시장에서 롯데쇼핑과 이마트 합산 점유율은 2017년 8.5%에서 올해 8.1%로 낮아질 것""이라며 ""오프라인 소비자들이 온라인으로 빠르게 이동하고 있고, 쿠팡과 마켓컬리 등 차별화된 서비스, 다양한 제품을 앞세운 신흥강자의 약진이 지속되고 있기 때문""이라고 평가했다. 최근 쿠팡과 마켓컬리 등이 내세운 새벽배송이 차별화 서비스의 대표적인 예다. 롯데쇼핑은 롯데백화점은 물론, 할인점인 롯데마트의 부진까지 실적에 반영되는 탓에  회복이 요원하다. 뒤늦게 온라인 경쟁에 뛰어들기 위해 온라인몰 통합로그인서비스 '롯데ON'을 선보였지만 쉽게 로그인하는 것만으로는 신규 고객을 모집하기 어렵다는 지적을 받는다. 조용선 SK증권 연구원은 ""1분기 백화점 총매출은 전년 동기 대비 2.7% 줄어 시장평균(0.5% 성장)에 못 미쳤다""며 ""롯데쇼핑은 백화점, 마트, 슈퍼 등 어려움을 겪는 사업부문들로 구성된 탓에 실적 악화와 센티먼트 훼손이 교차 반복되면서 섹터 내에서도 낙폭이 가장 크다""고 진단했다. 현재 주가는 역사적 하단이지만, 이커머스 플랫폼이라는 핵심 모멘텀이 부재한 탓에 앞으로도 반등을 점치기는 쉽지 않다는 판단이다.이마트도 상황은 마찬가지다. 올 1분기 매출은 SSG닷컴 상품공급 매출이 반영된 탓에 전년 동기 대비 4% 늘긴 했지만, 영업이익은 30% 급감했다. 오프라인 매장 부진이 온라인 매출로 상쇄되지 않는 탓이다. 이마트는 일렉트로마트, 노브랜드, PK마켓 등 전문점을 앞세워 성장동력으로 삼고 있지만, 치열한 경쟁 탓에 1분기 영업적자 76억원을 기록했다. 이지영 NH투자증권 연구원은 ""쿠팡 등 온라인 사업자와의 경쟁이 식품과 비식품 모든 카테고리에 걸쳐 심화되고 있다""며 ""일부 주요점포의 리뉴얼까지 겹쳐 4월 이마트 기존점 성장률은 -7%를 기록한 만큼 주가 반등을 논하기 이르다""고 진단했다. 이들 오프라인 두 강자가 역사적 저점으로 치닫는 사이, '오아시스'라는 신 유통채널을 지닌 지어소프트 주가는 고점을 향하고 있다. 올 들어서만 147% 급등했다. 오아시스는 마켓컬리와 같은 유기농 식품 온라인 판매회사다. 김 연구원은 ""오프라인 유통업체들이 점유율을 회복하기 위해서는 온라인으로 소비가 이전되지 않을 카테고리를 찾아야 한다""며 ""장기 충성고객 확보가 가능하도록 차별화된 전략 확보가 필요하다""고 언급했다.김소연 기자 nicksy@mt.co.kr▶'의문 투성이' 배우 한지성 교통사고▶조 변호사의 가정상담소 ▶더 많은 기사 보러가기  &lt;저작권자 ⓒ '돈이 보이는 리얼타임 뉴스' 머니투데이, 무단전재 및 재배포 금지&gt;  ]","['코스닥 전세계 하락율 계속1위다 문재앙은 정은이한테 나라 부도내라고 지령받은게 분명한듯 허경영이 해도 이렇게까지 망하지는 않을거다', '문재앙 탄핵', '진자 답없는 정부다 미중무역전쟁 경제문제로 주식시장 개 조신데 도대체 아무런 대책이 없내 개 ㅅㅂ 것들아 니들은 국민 세금으로 도대체 뭘하는거냐 에어컨 쐬면서 처 앉아 잇으니까 좋지? 쓰래기들', '온라인이 적자로 팔아제끼니', '아산지점이마트 계산대 케샤분들이 나누는 대화중에서~~D군에 속하지만 월급은 똑같고A군 보다 성과금 십만원이 적지만  손남이 없었서 너무 너무 좋다고 하네요~~헐  그런 이야기 할때는 좀 조용히  합시다~~~', '', '박근혜 탄핵시킬때 시위권 넘들은 한자리씩 해먹을거라고 얼마나 혀에 군침을 돌리고 있었을까', '역적 문죄인일당을 청산합시다', '아무튼 관료들이 문제다.  \n재래 시장 살리겠다고 마트 규제했더니 재래 시장은 여전히 희망없고 온라인만 커간다. \n그런데 공무원들 더 뽑겠다고?\n\n도대체 머리는 왜 달고 다니는 건지.', '', '', '', '저는 이마트가 망하기를 매일 매일 빌고있는 사람입니다     ( 이마트 검품장의 갑질때문에 죽을 결심까지 했던 운전기사가)', '', '온라인 세금 징수 재대로하면 그렇게 싸게 못팔아 \n1년동안 창업하고 패업하고 세금 피하려는 편법으로 ~ 싸게 파는업체 엔드 세금 계산 할줄 모르고 ~ 월가 플러스 마켓 수수료만 계산하고 잘팔리는줄 알고 ~ 부가세 종합소득세내면 멘붕옴 ~', '이마트 요즘 배달도 없애고 계산도 고객이 직접  하라하고 불편한데 고객요구가 뭔지 잘 모르는듯', '온라인 출혈경쟁 왜 하냐? 쿠팡 마켓컬리 팔수록 적잔데!!', '온라인 주문이 많아지는 시대...그걸 대통령탓으로 돌리는 무식한 개돼지...\n자영업자가 가장많은 한국... 어쩌면 불황은 거기서부터 시작됬는지 모른다. \n도로에 나가면 외제차 천지...해외여행 매년 최대인원기록...\n어렵다는건 너한테만 해당된다.', '누구말대로 일본군관 빡정희 부관참시가 답인갑다~~~', '박근혜때 메르스사태 엉터리로 대응해서  홈쇼핑만 무지하게 컷다.', '종구 문통~ 공매 ㅅㅂ\n개관끝까지 지롤 똥싸네~', '이럴줄 알고 난 10년전에 롯데 다니다 탈출했지 \n 아직 못나오신분 늦기전에 빨리 탈출하세요', '읽다보니 오아시스 회사광고네', '손정의가. 쿠팡에 손이익점도 오지 않았음에도 계속 추가 투자하는 그가.. 점점 예측이 맞아 떨어지는 것 같네', '', '', '', '', '', '개미들이 미쳤구나 내일 얼마나 내려갈지???', '주식하지마라', '', '전세계적으로  좌파가  경제에  성공한  사례는  없었다  문재앙  보유국  ㅜㅜ', ""최근에는 유통보다는 5G나 수소차 테마가 더 각광받고 있습니다. 해당 업종에 대해 분석하신 자료가 필요하신분은 '상한가나무' 오픈채팅에 검색해보세요. 초보분들을 위해서 시황분석, 종목추천도 잘해주시니 너무 좋네요. 수익도 잘나오고 있어서 방 분위기 좋습니다 ㅎㅎㅎ"", '', '다이소 영향이 더 크다.']",http://www.g-enews.com/ko-kr/news/article/news_all/20190512071147413c642673384_1/article.html,https://n.news.naver.com/mnews/article/008/0004220948?sid=101
2019.05.15.,EBN,,"필립스, 아방세 믹서기 트라이탄 텀블러 패키지 출시",,,http://www.ebn.co.kr/news/view/984094,http://www.mk.co.kr/
2019.05.10.,한국금융신문,생활/문화,[주간추천종목·SK증권] 이마트·한국타이어·서진시스템,"[    기업 발전에는 리스크 관리가 얼마나 효율적으로 이뤄지느냐가 중요하다. 피부 관리 그중에서도 자외선 대책은 이와 동일한 배경과 과정을 요구한다. 사전준비가 충분히 되어 있을 것, 상황에 맞게 선택 가능할 것, 사후 점검과 관리가 반드시 이어질 것.        1. 자외선 차단은 물론 쿨링 효과와 보습감, 보송함을 함께 지닌 DPC 프리미엄 선스크린 UV 클리어 스틱. 2만 원대.2. 자외선부터 건조함까지 지친 피부를 위한 촉촉한 유기농 알로에 진정 선케어 아로마티카 미네랄 선스크린. 2만2000원. 3. 대용량 자외선 차단제 어딕션 스킨 프로텍터 페이스 앤 바디. 촉촉하지만 끈적이지 않는 가볍고 상쾌한 텍스처가 특징. 롯데백화점 본점, SSG닷컴, GS SHOP 등에서 구입 가능. 4. 라이크아임파이브의 온가족용 무기자차 마일드선 클렌징 패드. 투명하고 묽은 워터 제형에 100% 순면 와플 패드로 구성됐다. 1만2000원. 부츠에서 구입 가능.  5. BRTC 선크림 지우개 티백클렌저는 클렌징, 필링, 효소팩 효과를 지녔다. 사용 후 몸에 문질러 각질제거와 미백 관리도 할 수 있다. 1만5000원.  자외선 차단제는 사시사철 필수다. 실내에서만 일한다면 겨울에는 조금 게을러질 수는 있다. 하지만 자차로 운전하여 출퇴근한다면, 역시 자외선 차단제를 챙겨 발라야 한다. 이 정도 노력과 실천 없이 깔끔하고 세련된 인상을 주고 싶어 한다면, 터무니없는 일이다. 세상은 대가 없이 절대 단 하나의 보상도 거저 주지 않는 법이니까. 자외선 차단제가 자외선은 물론 외부 자극으로부터 피부를 적극적으로 보호하는 역할을 하기 때문에, 미세먼지 가득한 날은 더욱 차단제가 중요하다. 코앞에 여름이 닥쳐왔구나 싶을 만큼 햇볕 내리쬐는 한낮은 당연하다.   그렇다면 자외선만 잘 막으면 끝? 그렇지 않다. 모든 일은 선과 후가 있는 법. 자외선 차단제를 잘 사용하기 위한 전제, 잘 씻어내는 것까지 자외선 대책의 과정이다. 자외선 차단제 선택과 사용의 걸림돌은 크게 세 가지. 끈적이거나 답답한 사용감과 바른 뒤에 느껴지는 뻑뻑한 건조감. 그리고 얼굴과 몸을 구분해야 하는지 여부와 그에 따르는 귀찮음이다. 우선 사용감은 취향에 따라 다르다. 어떤 이는 부드럽고 매끄럽게 발리는 것을 좋아하고 어떤 이는 바른 듯 안 바른 듯 빠르게 스며드는 타입을 선호한다. 취향에 정답은 없다. 아내나 엄마가 사다주는 제품을 마음에 안 든다고 내버려두지 말고 자신이 직접 마트나 드럭스토어에 가서 손등에 발라보고 산다. 얼굴용, 보디용을 나누면 좋긴 하지만 꼭 그럴 필요도 없다. 그냥 대용량을 사서 얼굴과 팔, 반바지를 입는 날은 다리까지 편하게 쓱쓱 바른다. 얼굴용을 그렇게 바른다고 하면 어쩐지 아까운 느낌이 들겠지만, 자외선 차단제는 아껴 쓸 필요가 없는 아이템이다. 바른 후 허옇게 들뜨고 옷에 묻어나기까지 하는 백탁 현상은 무기 성분, 유기 성분 등의 복잡한 이유가 있지만, 그냥 취향껏 선택하고 바른 뒤 최소 15~30분 정도 후에 외출하거나 옷을 입으면 해결되는 문제다. 자외선 차단제는 낮에 대활약을 하지만 해가 지면 반드시 깨끗하게 씻어내야 한다. 귀찮다고 그냥 잠자리에 들면 온갖 외부 오염물질을 팩으로 얹고 자는 것과 마찬가지다. 자외선 차단제는 화장품처럼 눈에 보이는 색조는 없으나 가벼운 물 세안, 대충 비누로 씻는 정도로는 말끔히 사라지지 않는다. 세안 전용 클렌저로 꼼꼼하게 씻어야 하는데 이 세안 전용 클렌저 중에는 풍부한 거품이 이는 제품이 많다. 그만큼 부드럽고 말끔히 씻기기는 하지만 그 풍부한 거품을 씻어내기가 귀찮은 것도 사실이다. 클렌징 티슈나 패드 등으로 빠르게 지워내고 물 세안 등을 가볍게 하는 것도 효율적이다. 차단이 전부가 아니다. 잘 준비해야 잘 막을 수 있다. 막은 목적에 맞게 다시 정비하기를 반복하는 것. 어찌 보면 기업의 리스크 관리와도 일맥상통한다.   [글 박윤선(기업커뮤니케이션&amp;컨설팅그룹 네오메디아 국장) 사진 각 브랜드] [본 기사는 매일경제 Citylife 제680호 (19.05.28) 기사입니다]▶네이버 메인에서 '매일경제'를 받아보세요▶뉴스레터 '매콤달콤' 구독 ▶무궁무진한 프리미엄 읽을거리[ⓒ 매일경제 &amp; mk.co.kr, 무단전재 및 재배포 금지]   ]",[],http://www.fntimes.com/html/view.php?ud=2019051121373327806c0eb6f11e_18,https://n.news.naver.com/mnews/article/009/0004360386?sid=103
2019.05.21.,헤럴드경제,,이월상품도 온라인?…온라인으로 들어간 프리미엄 아웃렛,,,http://news.heraldcorp.com/view.php?ud=20190507000141,http://www.edaily.co.kr/
2019-05-16 14:52:03,연합인포맥스,경제,"이마트, 1분기 영업이익 743억원…전년比 51.6% 급감(상보)","[ - 롯데·신세계, 자사 온라인몰에 ''아울렛 전문관'' 입점- 오프라인 중 성장성 가장 좋지만 미래 성장동력 ''글쎄''- 합리적 가격 이미지 확립·접근성 한계 극복 방안    여주 프리미엄 아울렛.(사진=신세계사이먼)[이데일리 함지현 기자]오프라인 위주로 사업을 해왔던 아웃렛이 온라인 진출에 속도를 내고 있다. 아웃렛을 이용하면 저렴하게 상품을 구매할 수 있다는 이미지를 좀 더 많은 고객에게 심어줌과 동시에 소비자들의 접근성이 떨어지는 한계를 극복하기 위한 전략으로 풀이된다.20일 관련업계에 따르면 롯데와 신세계 등 유통 대기업들은 자사 온라인몰에 프리미엄 아웃렛 전문관을 열었다. 신세계는 그룹 통합 쇼핑몰인 SSG닷컴에  ‘프리미엄 아울렛’ 관을 오픈하고 명품부터 패션잡화, 키즈, 스포츠에 이르기까지 100여개 브랜드의 상품을 교외형 프리미엄 아웃렛에서처럼 상시 할인된 가격에 판매한다.롯데백화점 역시 온라인 쇼핑몰인 엘롯데에 ‘온라인 프리미엄 아울렛 전문관’을 열었다. 다양한 이월 패션 상품들이 정상가 대비 최대 60~70%가량 저렴하게 판매되며, 엘롯데 내 백화점 상품과 아웃렛 상품은 분리 운영된다.최근 경기불황으로 오프라인 산업의 부진이 업종을 불문하고 이어지고 있는 가운데 아웃렛은 그래도 유통 대기업들의 ‘체면치레’를 해주는 오프라인 업태였다.가격 측면의 이점은 물론 오프라인 매장을 찾아야 경험할 수 있는 놀이 시설·먹거리·체험시설 등을 바탕으로 성장을 이어왔다.현재 가장 많은 아웃렛을 보유한 롯데를 예로 들면 2008년부터 매년 1~4개의 신규 점포를 개설하며 규모를 키워왔다. 현재 22개의 매장을 운영 중이다. 전년 대비 매출 신장률 역시 2016년 10.8%, 2017년 8.9%, 2018년 9.6%로 높은 수준을 기록했다.산업통상자원부가 밝힌 지난해 오프라인 유통업체 매출 증감률에서 대형마트가 전년대비 2.3% 감소하고 백화점 1.3%, 기업형 슈퍼마켓(SSM) 2%의 신장률을 기록한 것과 대비된다. 오프라인에서 가장 성장세가 좋다는 편의점이 8.5%를 기록한 것과 비교해도 밀리지 않는 수치다.하지만 향후 성장성에 대해서는 의문인 것도 사실이다. 경기불황에 오프라인 산업의 부진이 업종을 불문하고 이어지고 있는데다, 아웃렛의 가장 큰 장점인 가격은 전자상거래(이커머스)의 성장으로 인해 차별성 제공이 여의치 않아졌기 때문이다.특히 아웃렛의 특성상 외곽에 위치한 경우가 많아 소비자들의 접근성이 떨어진다는 한계도 있다. 롯데나 신세계가 향후 아웃렛의 출점 계획을 명확히 세우지 못하고 있다는 점도 이 같은 사실을 방증한다.결국 아웃렛은 장기적인 성장을 위한 디딤돌로 온라인 진출을 선택했다. 오프라인에 기반한 업태인 만큼 아웃렛이 성장하기 위해서는 고객을 현장으로 끌어내야 한다. 이를 위해서는 합리적인 가격에 상품을 구매할 수 있다는 인식을 좀 더 강하게 심어주는 것이 필요했다. 이 같은 인식이 확립된 후에는 온라인 매장보다 할인 상품이 더 많고 여러 가지 상품을 직접 만져보고 비교해볼 수 있는 오프라인 매장의 장점이 더욱 부각될 것으로 업계에서는 기대하는 것이다.업계 관계자는 “오프라인과 온라인 영역의 구분 없이 쇼핑하는 소비자들의 습관과 패턴을 많이 주시해왔다”며 “오프라인만 운영하면 접근성이 떨어진다는 한계가 있는 만큼 고객 편의를 더욱 높이기 위해 온라인을 통한 채널 확장에 나서게 됐다”고 말했다.함지현 (hamz@edaily.co.kr)＜ⓒ종합 경제정보 미디어 이데일리 - 무단전재 &amp; 재배포 금지＞ ]",[''],http://news.einfomax.co.kr/news/articleView.html?idxno=4030193,https://n.news.naver.com/mnews/article/018/0004383563?sid=101
2019-05-14 08:01:10,스마트경제,,백화점도 저성장기조에 흔들… 잘나가던 '롯데·신세계·현대百' 실적 하락,,,http://www.dailysmart.co.kr/news/articleView.html?idxno=10570,http://www.economytalk.kr/
2019-05-20 13:28:53,아이뉴스24,,"[오늘의 유통 단신] 부어치킨, '10년전 가격' 행사 실시 外",,,http://www.inews24.com/view/1176429,http://www.hankyung.com/
2019-05-22 09:22:02,스마트경제,경제,"'읶메뜨' 위메프, 과한 마케팅에 피로감 호소… 누리꾼 ""가격파괴가 아닌 한글...","[    [ 김봉구 기자  ]     현대차증권은 15일 신세계에 대해 “연결 자회사들의 실적 개선으로 당초 예상보다 양호한 영업이익을 냈고 앞으로도 이 기조를 이어갈 것”이라며 목표주가를 기존 32만원에서 40만원으로 상향했다. 투자의견도 매수 유지.이 증권사 박종렬 수석연구위원은 “신세계의 올 1분기 연결기준 총매출은 전년 동기 대비 15% 늘어난 2조3053억원, 매출은 38.6% 뛴 1조5180억원, 영업익은 2.9% 줄어든 1100억원으로 컨센서스(평균전망치)를 상회했다”며 “연결 자회사인 신세계인터내셔날·센트럴시티·대구신세계 등의 실적 개선 덕분”이라고 말했다.박 수석연구위원은 “별도 기준 백화점은 인천점 철수와 온라인 일반상품을 SSG닷컴으로 합병함에 따라 총매출 및 영업익이 각각 18.9%와 9.9% 감소한 반면 SSG닷컴 주식 공정가치 인식에 따른 영업외손익 증가로 세전이익이 대폭 증가했다”고 설명했다.이어 “신세계디에프는 공항T1·강남점 등 신규점 오픈과 사업 초기 비용 때문에 영업익 126억원으로 크게 부진했지만 센트럴시티는 작년 8월 메리어트호텔 리뉴얼 오픈과 호텔OCC 상승으로 영업익이 큰 폭으로 늘어났다. 신세계인터내셔날도 화장품 매출 호조로 매출 20.2%, 영업익 147.5% 증가했다”고 덧붙였다.그는 “신세계의 양호한 1분기 실적을 반영해 올해 연간 수익예상을 기존 전망치 대비 8.4% 끌어올린다. 연결 자회사들의 점진적 실적 개선이 가능할 것”이라며 “최근 주가 하락으로 밸류에이션(기업가치) 부담은 크지 않다. 향후 면세점 실적 개선폭에 따라 주가가 재평가가 좌우될 것”이라고 내다봤다.김봉구 한경닷컴 기자 kbk9@hankyung.com▶ 네이버에서 한국경제 뉴스를 받아보세요▶ 한경닷컴 바로가기  ▶ 모바일한경 구독신청 ⓒ 한국경제 &amp; hankyung.com, 무단전재 및 재배포 금지   ]",[],http://www.dailysmart.co.kr/news/articleView.html?idxno=10942,https://n.news.naver.com/mnews/article/015/0004141646?sid=101
2019-05-21 05:16:05,서울파이낸스,,SK증권: 이마트·한국타이어·서진시스템,,,http://www.seoulfn.com/news/articleView.html?idxno=342596,http://www.newsis.com
2019-05-15 09:27:01,머니투데이방송,경제,연휴 끝나고 어떤 종목 담을까?…증권사 신규추천 종목은,"[ 백화점 영업익 10% 감소 면세점도 46.6% 줄어    【서울=뉴시스】손정빈 기자 = 신세계가 올해 1분기(1~3월) 매출액을 지난해 같은 기간보다 40% 가까이 끌어올렸다. 다만 영업이익은 지난해 1분기와 비교하면 약 3% 줄었다.10일 금융감독원 전자공시시스템에 올라온 신세계 영업실적 자료(잠정)에 따르면 올해 1분기 매출액은 1조5179억원이다. 지난해 동기(1조953억원) 대비 38.6% 늘어난 수치다. 그러나 영업이익은 소폭 줄었다. 지난해 1분기에는 1132억원이었지만, 올해 1분기엔 2.9% 감소한 1100억원이었다. 당기순이익은 전년 동기(841억원) 대비 약 715% 상승한 6858억원이었다.부문별로 보면 신세계백화점 매출은 11.9% 줄어든 3750억원, 영업이익은 9.9% 감소한 533억원이었다. 신세계인터내셔날(SI)은 매출 3659억원(20.2%↑), 영업이익 292억원(147.7%↑)을 기록했다. 센트럴시티는 매출 660억원(47.3%↑), 영업이익 214억원(32.9%↑)이었다. 면세점 매출은 7033억원(107%↑), 영업이익은 126억원(46.6↓)이었다. 매출이 큰 폭으로 상승했으나 영업이익이 줄어든 이유로는 신세계백화점 인천점 철수와 온라인 일반 상품의 SSG.COM(쓱닷컴) 합병 등이 꼽힌다. 인천점의 경우 철수 전에는 신세계백화점 전 점포 중 매출 4위에 오를 정도로 알짜배기 점포였다. 또 면세점(DF)이 투자를 늘리면서 영업이익이 지난해 1분기보다 큰 폭으로 감소한 것도 영향을 준 것으로 풀이된다.다만 매출 상승을 주도한 것도 면세점이었다. 면세점 매출액은 전년 동기 대비 2배 넘게 성장했고, 이와 함께 신세계인터내셔날(SI)도 매출액을 크게 끌어올리며 힘을 보탰다.jb@newsis.com▶ 네이버에서 뉴시스 채널 구독하기▶ 뉴시스 빅데이터 MSI 주가시세표 바로가기 &lt;저작권자ⓒ 공감언론 뉴시스통신사. 무단전재-재배포 금지.&gt;   ]",[],http://news.mtn.co.kr/newscenter/news_viewer.mtn?gidx=2019050315231031757,https://n.news.naver.com/mnews/article/003/0009223293?sid=101
2019-05-10 16:44:43,머니투데이방송,,연휴 끝나고 어떤 종목 담을까?…증권사 신규추천 종목은,,,http://news.mtn.co.kr/newscenter/news_viewer.mtn?gidx=2019050315231031757,http://www.sisajournal-e.com
2019.05.21.,마켓뉴스,,가정의달 효도선물? ‘다운에이징’ 뜬다,,,http://www.marketnews.co.kr/view.php?ud=201905041329476696d6aa6036b4_24,http://www.sisajournal-e.com
2019.05.07.,파이낸셜뉴스,,[주간 증시 전망] 미·중 무역협상 파열음…변동성 확대 우려,,,http://www.fnnews.com/news/201905061611012142,http://www.newsis.com
2019.05.27.,베타뉴스,경제,[메리츠종금증권] 이마트 - 시장 지배력 회복 확인 필요 : 성장률 회복이 관건...,"[ 롯데 이어 신세계 명품 아울렛도 온라인에'고가 제품 판매마저 밀리면 끝장' 위기의식    【서울=뉴시스】손정빈 기자 = 각종 명품 쇼핑은 물론 주말 가족 나들이 장소로 각광받아온 '프리미엄 아울렛'도 결국 온라인으로 들어온다. 지금껏 프리미엄 아울렛 쇼핑은 차를 타고 가서 시간을 투자해 매장을 둘러보고 각종 제품을 직접 경험해보는 게 당연했다. 하지만 최근 분야를 막론하고 쇼핑 방식이 온라인으로 일원화하는 모습을 보이자 프리미엄 아울렛마저 인터넷 판매에 돌입하는 형국이다.◇롯데 이어 신세계까지여주 등에 프리미엄 아울렛을 열어온 신세계사이먼은 오는 8일부터 신세계그룹 통합 온라인 쇼핑몰인 SSG.COM(쓱닷컴)에 '프리미엄 아울렛 관'을 열고 온라인 사업을 본격화한다고 7일 밝혔다.신세계사이먼은 ""쓱닷컴 입점은 변화하는 소비자 구매 행태를 반영하고, 그간 오프라인에서만 경험할 수 있었던 정통 프리미엄 아울렛의 가치를 1년 365일 24시간 내내 제한없이 제공하기 위한 변화""라고 했다. 조창현 신세계사이먼 대표는 이번 쓱닷컴 입점과 관련 ""앞으로 온라인 사업의 성장을 위해 지속적인 노력을 기울일 것""이라고 말했다.신세계와 함께 프리미엄 아울렛 양대 축을 이루고 있는 롯데도 지난달 25일부터 프리미엄 아울렛을 온라인으로 끌어들였다. 롯데백화점 온라인 쇼핑몰인 엘롯데에 프리미엄 아울렛 전문관을 만들어 각종 명품 제품을 할인 가격에 판매 중이다. ◇더 늦으면 안 돼…살아남으려면 온라인 필수롯데와 신세계, 두 전통의 유통 강자들이 온라인 명품 아울렛 매장을 연 건 이베이코리아·쿠팡 등이 주도하는 e커머스 업체들의 공격적인 사업 방식에 대응하기 위한 어쩔 수 없는 선택이라는 분석이 나온다. 일각에서는 아무리 이월 상품을 주로 판매하는 프리미엄 아울렛이지만, 명품을 오프라인이 아닌 온라인에서 판매한다는 것에서 기존 유통업체들의 인식 변화를 읽어내고 있다. 오프라인 매장 명품 매출을 보호하기 위해 명품 온라인 할인을 자제하는 건 업계 일반적인 생각이었다. 한 유통업계 관계자는 ""이미 각종 생필품 시장을 e커머스 업체들이 빠르게 선점하는 상황에서 명품 등 고가 제품 판매에서마저 밀리면 더이상 설 자리가 없어질 수 있다는 위기의식이 반영된 움직임""이라고 내다봤다.일례로 신세계사이먼의 지난해 영업수익(1531억원)과 영업이익(632억원)은 2017년과 비교해 각각 6.8%, 8.9% 증가하는 등 일정 수준 성장하는 모습을 보였다. 그럼에도 불구하고 온라인 매장에도 도전하는 건 더이상 인터넷을 빼놓고는 유통 자체를 이야기할 수 없는 업계 상황을 잘 보여준다는 게 업계 공통된 생각이다.    ◇열자마자 할인 행사신세계 프리미엄 아울렛은 쓱닷컴 입점 직후 각종 행사를 진행한다는 계획이다. 당장 8일부터 19일까지는 ‘럭셔리 스페셜 위크’가 진행된다. 발렌티노, 발렌시아가, 펜디, 넘버21 등의 가방, 지갑 상품을 최고 40% 할인 판매한다.이와 함께 26일까지는 부문별 인기 브랜드 시즌 상품을 만나볼 수 있는 '카테고리 베스트 전'도 연다. 골프 시즌을 맞아 아디다스·캘러웨이·핑 골프 등 인기 상품을 최고 70% 할인한다. '가정의 달' 선물 아이템으로 랑방·마크제이콥스·끌로에 등 향수를 최고 40%, 코렐·웨지우드 등 리빙 상품을 최고 60% 싸게 판다.행사 기간 '프리미엄 아울렛 관'에서 상품을 구매한 고객을 대상으로 10만원 이상 구매하면 쓱닷컴에서 사용할 수 있는 S-MONEY 5000원, 100만원 이상 구매하면 S-MONEY 5만원을 적립해 준다.jb@newsis.com▶ 네이버에서 뉴시스 채널 구독하기▶ 뉴시스 빅데이터 MSI 주가시세표 바로가기 &lt;저작권자ⓒ 공감언론 뉴시스통신사. 무단전재-재배포 금지.&gt;   ]",['광고 잘하네!'],http://www.betanews.net:8080/article/1009367.html,https://n.news.naver.com/mnews/article/003/0009214844?sid=101
2019.05.09.,IT조선,,[뉴스 브리핑] 5월8일…어벤져스 엔드게임·기약없는 삼성 갤럭시폴드·벤츠코...,,,http://it.chosun.com/site/data/html_dir/2019/05/08/2019050800362.html,http://www.sentv.co.kr
2019.05.22.,전자신문,,"반려동물 맞춤 간식 OEM 제조 브랜드 펫스미스(Pet Smith), 반려동물 간식 수...",,,http://www.etnews.com/20190503000347,http://www.newsis.com
5면 TOP,한국무역신문,경제,'직구 안 해도 돼'…일본 대표 패션 브랜드 '쓱' 입점,"[ 1~7일 반려동물 용품 매출, 전월 동기比 107%↑    【서울=뉴시스】손정빈 기자 = 5월 '가정의 달'에는 어린이와 어버이만 있는 게 아니다. 이제 반려동물도 있다. 사람들은 이제 아이와 부모를 위해 돈을 쓰는 것에서 한 발 더 나아가 함께 사는 개와 고양이에게도 선물을 하기 시작했다. 이른바 '개린이날'(개+어린이날) '냥린이날'(고양이+어린이날)이다.9일 SSG.COM(쓱닷컴)에 따르면, 1~7일 반려동물 부문 내 이미용기기·영양제·잡화용품 등 매출은 지난달 같은 기간과 비교해 107% 늘었다. 여전히 매출 규모는 어린이용 완구나 아동복이 크지만, 성장률은 반려동물 부문이 더 컸다. 이 기간 완구와 아동복 매출은 전원 동기 대비 54% 늘었다.가장 큰 폭으로 성장한 상품은 '러프웨어'(Ruffwear)가 내놓은 하네스(가슴줄)였다. 지난달보다 매출이 8배 넘게 늘었다. 이 상품은 가격이 6만원 이상으로 비슷한 다른 상품에 비해 비싼 편이지만, 피부 마찰을 줄인 소재를 사용했다는 입소문이 나면서 반려동물 용품 베스트셀러로 자리잡았다.받침대가 원목으로 된 '강아지·고양이 식기 세트' 매출도 지난달보다 42% 늘었다. 높낮이가 조절되는 상품부터 식탁처럼 만든 상품까지 종류도 다양하다. 센서가 달린 정수기와 급수기도 인기 높다. 7만원대로 만만치 않은 가격이지만, 장시간 외출로 먼지가 쌓인 물을 먹이는 것이 걱정인 고객이 많이 찾는 상품이 됐다. 특히 물 먹는 양이 중요한 고양이를 키우는 사람들에게는 필수품이 됐다.반려동물 기호에 맞는 영양 식품 인기도 높았다. 휴고앤셀린에서 출시한 '스웨덴산 연어 강아지 아이스크림' '스웨덴산 대구 강아지 아이스크림' 등 판매량은 전월 대비 100% 늘었다. 이와 함께 '플렉스 K9 강아지 관절 영양제'도 122% 증가했다.쓱닷컴은 ""올해 1분기 쓱닷컴 내 반려동물 부문 전체 매출이 지난해 같은 기간과 비교할 때 40% 성장했다""며 ""특히 영양제나 다양한 케어용품 매출 증가가 두드러지고, 모바일로 제어되는 고가의 '펫 살균 드라이어' 등 기술 접목 상품도 반려동물 선물로 각광받고 있다""고 설명했다.jb@newsis.com▶ 네이버에서 뉴시스 채널 구독하기▶ 뉴시스 빅데이터 MSI 주가시세표 바로가기 &lt;저작권자ⓒ 공감언론 뉴시스통신사. 무단전재-재배포 금지.&gt;   ]",[],http://jedam15.koreafree.co.kr/news/view.html?section=1&category=5&item=&no=52573,https://n.news.naver.com/mnews/article/003/0009219387?sid=101
2019.05.23.,비즈트리뷴,,[추천주] 카카오 호텔신라 하나금융지주 KT&G 한화케미칼 이마트 한국타이어,,,http://www.biztribune.co.kr/news/articleView.html?idxno=211448,http://www.ebn.co.kr
2019.05.24.,서울파이낸스,,SK증권: 이마트·한국타이어·서진시스템,,,http://www.seoulfn.com/news/articleView.html?idxno=342028,http://www.etnews.com
2019.05.08.,인벤,IT/과학,"래안텍, 아크셀 게이밍 모니터 1:1 구매 프로모션 진행","[     온라인 쇼핑의 강세와 일회성 비용 증가 등의 원인으로 백화점 업계가 전반적인 실적 부진에 빠졌다. 명품과 생활가전이 두자릿수 성장세를 이어갔으나 이를 제외한 제품군의 판매 부진으로 1분기 매출과 영업이익은 소폭 증가하거나 감소했다. 롯데, 신세계, 현대 백화점 빅3는 부실 점포를 정리해 효율성을 높이고 온라인 비즈니스를 보강해 경쟁력을 높인다는 계획이다.21일 금융감독원 전자공시에 따르면 올해 1분기 백화점 3사는 다소 부진한 성적을 거뒀다. 일회성 비용이나 경영 효율화 과정에서 일시적 추가 비용이 발생한 점을 감안하면 하반기 실적 개선이 기대된다는 평가도 나온다.    롯데백화점 본점 외관롯데백화점은 1분기 매출액 7721억원을 기록했다. 지난해 같은 기간(8220억원) 대비 6% 감소했다. 지난해 평창올림픽 라이선싱 상품의 일회성 직매입 매출(451억원)에 따른 역기저가 작용한 것을 감안하면 나쁘지 않은 성적표다. 또한 롯데백화점 매출액 감소에는 중국에 진출한 3개 지점이 영업 종료한 점이 영향을 줬다. 국내 기존점 매출은 0.6% 성장했다.영업이익의 경우 1588억원으로 전년 동기대비 10.8% 증가했다. 국내에서는 판관비를 대폭 절감했고 해외 사업 구조조정 효과도 수익성 향상에 보탬이 됐다. 1분기에만 국내 점포의 판관비를 222억원 줄이며 효율적인 비용 절감을 거뒀다.    신세계 본점신세계백화점은 매출액(3750억원)과 영업이익(533억원)이 모두 감소했다. 매출액은 지난해 1분기보다 11.9% 줄었으며, 영업이익은 9.9% 감소했다. 알짜 점포였던 인천점 철수 영향이 컸고 SSG닷컴 출범으로 온라인 부문이 분리된 점을 감안하면 나름 선방했다는 평가다. 지난해까지 신세계가 운영하던 인천점은 올해 1월부터 롯데백화점 인천터미널점으로 운영되고 있다. 해당 점포는 지난해에만 6000억원 매출을 기록한 알짜 점포였다. 실제 인천점을 제외한 신세계백화점의 매출은 5.4% 증가했다.    현대백화점 무역센터점현대백화점은 1분기 매출이 5210억원으로 15.3% 증가했지만 영업이익은 751억원으로 26.9% 감소했다. 후발주자로 시장에 진출한 면세점의 영업손실이 반영됐기 때문이다. 현대백화점면세점은 1분기 매출 1569억원, 영업손실 236억원을 기록했다. 면세점을 제외한 본업에서는 영업이익이 984억원으로 감소폭이 5.2%로 완화됐다. 여기에 지난해 9월 오픈한 대구아울렛 및 김포아울렛과 천호점의 증축 리모델링에 따라 매출은 늘었지만 비용 지출 역시 높아졌다.올해도 천호점과 김포점 증축에 따른 감가상각비가 늘고 2020년 여의도 신규점도 문을 열 계획이라 단기적으로는 비용이 증가할 것으로 예상된다. 장기적으로 현대백화점의 실적은 면세점 사업이 얼마나 적자 폭을 빠르게 줄여나갈 수 있느냐에 달렸다는 평가다.업계 관계자는 “국내 소비경기 악화, 온·오프라인간 경쟁 심화 등을 고려하면 선방한 실적으로 판단한다”며 “하지만 명품에 치우친 성장 구조를 탈피하기 위해서는 매출 다각화가 필요해 보인다”고 말했다.이주현 유통 전문기자 jhjh13@etnews.com▶ 네이버 모바일에서 [전자신문] 채널 구독하기▶ 전자신문 바로가기 [Copyright ⓒ 전자신문 &amp; 전자신문인터넷, 무단전재 및 재배포 금지] ]",[],http://www.inven.co.kr/webzine/news/?news=219532,https://n.news.naver.com/mnews/article/030/0002813812?sid=105
2019.05.16.,인벤,,"래안텍, 아크셀 게이밍 모니터 1:1 구매 프로모션 진행",,,http://www.inven.co.kr/webzine/news/?news=219532,http://www.sisamagazine.co.kr
2019-05-07 09:45:23,SBS Biz,,"글렌뮤어, 신세계 강남점서 기능성 골프웨어 선보여",,,https://cnbc.sbs.co.kr/article_hub/10000940269?division=NAVER,http://www.ebuzz.co.kr
2019-05-09 09:27:45,로이슈,,"유통업계, 가정의 달 맞이 ‘빅 프로모션’ 잇달아",,,http://www.lawissue.co.kr/view.php?ud=201905030852279560204ead0791_12,http://www.newsis.com
2019-05-21 16:01:08,데일리팝,경제,[솔로이코노미 동향] 어린이날 반려동물 매출 급증·가정간편식 스마트푸드가...,"[     【서울=뉴시스】손정빈 기자 = SSG.COM(쓱닷컴)이 일본 패션 브랜드 '온워드 카시야마'와 손잡고 해당 브랜드 전문관을 8일 오픈한다고 밝혔다.'온워드 카시야마'는 '23구'를 비롯해 '질샌더' '조셉' 등 100여 브랜드를 보유한 일본 대표 패션 기업이다. 이번에 전문관에 입점하는 브랜드는 'ICB' '23구' '자유구' '쿠미쿄쿠' 등 모두 네 개로 여성 상품 약 5000종을 쓱닷컴에서 선보인다.23구는 '세대와 시대를 넘어 오래도록 사랑받는 편안한 옷'을 모토로 세련된 스타일을 추구한다. 자유구는 다양한 라이프스타일에 맞춰 현대적으로 디자인된 옷으로 유명한 브랜드다. ICB와 쿠미쿄쿠 역시 고급스러운 소재를 사용해 크게 유행을 따르지 않으면서도 심플한 디자인이 특징인 브랜드다. 일본 20~30대 여성에게 인기가 많다.쓱닷컴은 ""갈수록 높아지는 국내 소비자 해외 직구 수요에 맞춰 국내에 소개되지 않은 유명 브랜드 입점을 지속해 추진하고 있다""며 ""이번 온워드 카시야마의 경우도 공식적으로 쓱닷컴을 통해 국내에 처음 선보인다는 점에서 의미가 있다""고 했다.쓱닷컴은 이번 '온워드 카시야마' 전문관 오픈을 기념해 입점 브랜드 10% 할인, 10개월 무이자 할부 혜택을 제공할 계획이다.jb@newsis.com▶ 네이버에서 뉴시스 채널 구독하기▶ 뉴시스 빅데이터 MSI 주가시세표 바로가기 &lt;저작권자ⓒ 공감언론 뉴시스통신사. 무단전재-재배포 금지.&gt;   ]",['23区 유명하지'],http://www.dailypop.kr/news/articleView.html?idxno=39057,https://n.news.naver.com/mnews/article/003/0009216952?sid=101
2019-05-08 09:08:27,로이슈,,꽃보다 젊음을… 가정의달 효도선물로 ‘다운에이징’ 뜬다,,,http://www.lawissue.co.kr/view.php?ud=201905031601279699204ead0791_12,http://www.hansbiz.co.kr/
16면 4단,CNB저널(문화경제),,이마트·롯데마트 연이은 ‘초저가’ 행사에도 실적 아쉬운 이유,,,http://weekly.cnbnews.com/news/article.html?no=128030,http://www.sedaily.com
2019.05.16.,스포츠조선,경제,"최지우 언제봐도 얼굴에서 빛이 나네, 역시 '방부제 피부' 종결자","[ 업황 우려에 투자 심리 위축""트레이더스 등 돌파구 필요""    [서울경제] ‘어닝쇼크’를 기록한 이마트(139480)가 이틀 연속으로 최저점을 경신하며 주가 하락세를 면치 못했다.17일 한국거래소에 따르면 이마트 주가는 0.68 % 내린 14만5,500원에 거래를 마쳤다. 이날 장중 14만4,000원까지 떨어져 전날에 이어 최저점을 갈아치웠다. 최근 이마트의 실적 부진과 대형 오프라인 할인점 업황에 대한 우려가 투자자들의 투자심리를 위축시키고 있다는 해석이다.지난 15일 이마트는 올해 1·4분기 연결기준 영업이익이 지난해 동기 대비 51.6%나 감소했다고 공시했다. 시장 컨센서스를 50%나 밑도는 처참한 수준이다. 매출액은 같은 기간 동안 11.7% 늘었지만 수익성이 급감한 것이다.온라인 사업 매출이 성장했지만 오프라인 할인점 부진이 결정적이다. 오프라인 할인점 영업이익은 30% 감소했다. 박신애 KB증권 연구원은 “2018년 실적 부진을 바닥으로 2019년에 실적이 개선될 것으로 기대했으나 오프라인 할인점의 매출 하락세가 가속화되면서 고정비 부담으로 인해 수익성이 크게 악화하고 있는 상황”이라고 설명했다. 연이은 어닝 쇼크에 KB증권은 23만5,000원에서 17만5,000원으로, NH투자증권은 22만원에서 18만원으로 목표주가를 낮췄다. 지금 당장보다 앞으로도 실적 개선의 돌파구 없이는 주가 회복이 쉽지 않다는 평가다.문제는 기대됐던 온라인 채널의 경쟁 심화로 새로운 성장동력을 얻기 어려워졌다는 점이다. 박 연구원은 “온라인 매출의 성장이 오프라인 매출의 하락을 상쇄해주길 기대했으나, 최근에는 신선식품의 온라인 경쟁까지 심화돼 고민이 깊어지는 상황”이라며 “전문점·트레이더스·편의점 등의 신사업을 공격적으로 펼치고 있으나 할인점 본업의 부진을 만회하기에는 아직 역부족”이라고 분석했다. 이어 “올해 총영업이익이 전년 대비 1,163억원 감소할 것으로 예상되는데 오프라인 할인점의 영업이익이 1,030억원 감소하고 신규편입 된 SSG닷컴이 영업적자 540억원을 나타낼 것으로 전망된다”고 밝혔다. 다만 창고형 할인점인 트레이더스가 20%의 매출성장세를 보이면서 시장 내 다크호스로 급부상하고 있다는 점은 긍정적으로 평가된다. 조용선 SK증권 연구원은 “향후 점포 효율화 기조가 강화될 것”이라며 “수익성 둔화 혹은 이익훼손은 신성장 동력 확보 관점에서 긍정적이며 긴 호흡이 필요하다”고 강조했다. /신한나기자 hanna@sedaily.com[서울경제 바로가기]▶ 텔레그램으로 서울경제 구독하기  | ▶ 네이버TV로 서울경제썸 구독하기▶ 네이버 메인에서 'No. 1 뉴스' 서울경제를 만나보세요저작권자 ⓒ 서울경제, 무단 전재 및 재배포 금지   ]","['이마트바이어들 갑질이장난이아님. 머리허연 중소업체사장님 애혼내듯이 혼내질않나 업체가 발굴해온상품 빼앗는건 기본이고 망해야정신차릴듯', '', '', '', '', '이마트 같은 큰기업이 이렇게 급속도로 무너지는거 보면 조직내부 리더급 직원들이 인사적으로 문제가 많다는 것이다, 윗물이 맑아야 아랫물이 맑으니', '돈많이 먹었으면 그만해라.', '', '수입품 저렴하게 공급하는 코스트 롯데가 짱', '', '쿠팡이 미리 닦아둔 수익성 제로 시장에 뛰어들었으니 당연하지 않을까 싶기도', '', '', '야채과일 비싸고 가족수에 비해  양이 넘 많아요 적은양 다양하게 살수있도록 포장단위바꾸세요 역삼이마트 바로옆 살고\n있는데 한살림 생협 가격경쟁 백전백패\n한우가격 겨울부터 정신차려서 일주일\n두번 고기사러가는데 과일야채절대 안사고 한우는 만족 수산물은신선도 만족하나가격 시장조사좀 해보세요 ㅉㅉ\n직원 아주머니들 불친절 말할필요없고\n동네단골이니까 나한테는 그나마\n돼지고기 질안좋은건 동네 주부들 익히 알고있어요 똑같은 물건 비싼가격 눈감고도 쇼핑할정도 바로옆이니까 이용', '원주 이마트 주차장 너무 위험해 보여서 안감.\n직원들도 불친절.', '', '건물이구림', '인천 이마트자리 롯데한테 뺏긴게 큰 부담일듯', '자주 상품위치가 바뀌고 해서 불편함', '', '', '비싸요..', '', '무디스 강등', '나라가 망조가 들고있다..문가쉬엣끼는 대갈통에 북한밖에 없고 경제는 조져놓고 있다..']",http://sports.chosun.com/news/ntype.htm?id=201905200100140620009589&servicedate=20190519,https://n.news.naver.com/mnews/article/011/0003555946?sid=101
2019.05.19.,싱글리스트,,"'최지우 참석' 보미라이, 18일 오후 2시 코엑스서 '뷰티 톡톡' 진행",,,http://www.slist.kr/news/articleView.html?idxno=81880,http://www.newsis.com
2019.05.20.,한국경제언론사 선정,경제,"아모레 뷰포붐, 오전 11시 선착순 5만명 3000P 지급…접속 방법은?","[     【서울=뉴시스】손정빈 기자 = ""'가정의 달'이라고 해서 꼭 가족만을 위해 돈과 시간을 써야 하는 건 아니라는 생각이 들더라고요. 생일을 빼면 날 위해서 선물을 사는 날은 없다는 생각이 들었어요. 저도 가족 구성원이니까, 5월엔 저를 위한 쇼핑을 좀 했죠.""직장인 서정훈(34)씨는 지난 주말 교외의 프리미엄 아울렛에 가서 쇼핑을 했다. 다가오는 여름에 입을 만한 옷이 없기도 했지만, 어린이날·어버이날을 맞아 조카와 부모님에게 선물을 하고 나니 내게도 뭔가를 해주고 싶다는 생각이 들었다.최근 젊은 세대를 중심으로 5월 가정의 달에 대한 생각이 변하고 있다. 얼마 전까지만 해도 가족을 위해 지출이 많은 시기라는 인식이 강했지만, '나도 가족 중 한 명'이라는 식으로 내가 나를 먼저 챙기겠다는 사람들이 빠르게 늘고 있다. 5월에 쇼핑 계획이 있는 사람 10명 중 8명은 나를 위한 소비 계획이 있다고 했다.16일 G마켓에 따르면 지난 7~12일 고객 1064명을 대상으로 설문조사 한 결과 82%(872명)가 '5월에는 내게도 특별한 선물을 하겠다'고 답했다. 5월 쇼핑 계획을 세운 이유에 관해서는 가장 많은 38%가 '가정의 달을 맞아 가족의 일원인 나 자신도 함께 챙기고 싶다'고 했다. 27%는 '1년의 절반 가량 수고한 나를 위한 선물'이라고 했고, 13%는 '여름 휴가 대비', 8%는 '쇼핑을 부추기는 날씨'라고 했다.소비 품목으로는 '패션·의류'가 26%로 가장 많았다. 취미용품(19%), 디지털·가전 제품(18%), 음식(16%), '여행'(12%)이 뒤를 이었다. '얼마까지 나를 위해 돈을 쓸 수 있나'라는 물음에는 32%가 10만~30만원을 택했다. 30만~50만원 11%, 50만~100만원 10%, 100만원 이상도 6%였다.이처럼 나를 위한 소비 패턴은 이른바 '스몰 럭셔리'(small luxury) 현상에서도 찾을 수 있다. 스몰 럭셔리란 적은 돈으로 명품 브랜드 제품을 즐기는 걸 뜻한다. 큰 비용이 들어가는 핸드백 등이 아닌 상대적으로 저렴한 화장품·향수 등을 산다는 것이다. 이 같은 쇼핑 방식 또한 철저히 '자기 만족'을 추구하는 행태라는 측면에서 흔히 나를 위해 돈을 쓰는 데 주저하지 않는 젊은 세대의 소비 트렌드로 분석된다.SSG닷컴(쓱닷컴)에 따르면 지난 3년 간 뷰티 관련 상품의 매출을 분석한 결과, 명품 화장품 비중이 2016년 25%에서 지난해 35%까지 증가했다. 판매량은 2016년부터 매년 15%씩 성장했다. 특히 지난해엔 20% 가까이 늘어난 것으로 집계됐다. 립스틱·파운데이션·아이섀도우 등 10만원 내외로 구매 가능한 대표적인 스몰 럭셔리 제품이 가장 많이 팔렸다.jb@newsis.com▶ 네이버에서 뉴시스 채널 구독하기▶ 뉴시스 빅데이터 MSI 주가시세표 바로가기 &lt;저작권자ⓒ 공감언론 뉴시스통신사. 무단전재-재배포 금지.&gt;   ]",[],https://www.hankyung.com/article/2019050394757,https://n.news.naver.com/mnews/article/003/0009232889?sid=101
2019.05.22.,비즈한국,,"11번가, G마켓, 옥션…오픈마켓이 여행을 대하는 자세",,,http://www.bizhankook.com/article/17825,http://www.viva100.com
2019.05.24.,비즈한국,,"11번가, G마켓, 옥션…오픈마켓이 여행을 대하는 자세",,,http://www.bizhankook.com/article/17825,http://www.etoday.co.kr
25면 4단,한국경제언론사 선정,,"괄도네넴띤, ㅇㅈ? ㅇㅇㅈ, 밤감샴…요즘애들 작명법에 꽂힌 기업들",,,https://www.hankyung.com/article/2019050278921,http://www.seoulfn.com/
13면 1단,싱글리스트,,나나랜더 유혹하는 리얼주스...브레빌 '파운틴 콜드'vs필립스 '아방세',,,http://www.slist.kr/news/articleView.html?idxno=81495,http://www.ekn.kr
2019.05.19.,브레이크뉴스,,롯데ON 론칭 1개월..아쉬운 ‘통합 서비스’,,,http://www.breaknews.com/653083,http://www.sedaily.com
2019.05.19.,싱글리스트,경제,"뷰티마스크부터 해외여행권까지…유통업계, 가정의달 '빅 이벤트' 봇물","[     [서울경제] 이번 주에는 정부의 3기 신도시 개발 및 GTX(수도권광역급행철도) 사업 수혜가 기대되는 건설 관련주인 HDC현대산업개발(294870)과 쌍용양회(003410)가 추천주로 제시됐다. 하나금융투자는 HDC현대산업개발을 추천하면서 자체사업에 따른 분양 물량이 올해 5,600가구, 2020년 1만 가구로 이익 모멘텀이 발생할 것이라고 전망했다. 쌍용양회 역시 대형 개발 사업 추진에 따른 시멘트 출하량 증가가 기대된다. 유안타증권(003470)은 이와 함께 시멘트 판가 인상 수혜 및 연 6% 수준의 높은 배당 수익률도 쌍용양회의 추천 이유로 제시했다. 중국발 수혜가 기대되는 종목인 호텔신라(008770)와 LG화학(051910)도 추천주 목록에 포함됐다. 하나금융투자는 호텔신라에 대해 1·4분기 영업이익이 컨센서스를 큰 폭으로 넘어선 어닝 서프라이즈를 기록했다고 평가하면서 중국 등 해외에서 국내로 유입되는 인바운드 패키지 관광객 수 회복 시 추가적인 실적 모멘텀이 가능할 것으로 예상했다. LG화학은 자동차·가전 분야의 중국 정부 경기 부양 정책 효과에 힘입은 석유화학 부문 실적 개선이 기대된다. 이와 함께 유안타증권은 실적 악화의 원인이 됐던 ESS(에너지저장시스템) 화재 리스크가 오는 6월 예정된 민간조사단 조사 결과 발표를 계기로 해소될 것으로 기대했다. KB증권은 ‘디스커버리’, ‘MLB’ 등의 브랜드로 잘 알려진 F&amp;F(007700)에 대해 중국 등 해외 사업 확장에 따른 성장이 기대되고 브랜드 포트폴리오 다각화에 주목할 필요가 있다고 평가했다. SK증권(001510)은 최근 하락세를 보인 이마트(139480), 기아차(000270)를 추천했다. 이마트에 대해서는 상반기 펀더멘털 악화가 주가에 미리 반영됐다고 진단하면서 중기 관점에서 창고형 할인점 트레이더스의 시장 지위 강화가 긍정적이라고 평가했다. SSG닷컴의 최고기술책임자·최고재무책임자 선임 및 플랫폼 방향성 구체화, 사업 목표 및 계획 발표가 모멘텀으로 작용할 것으로 예상했다. 지난 달 말 4만 6,300원을 정점으로 이달 들어 하락세를 보이고 있는 기아차에 대해서는 최근 하락에 따른 저가 메리트가 발생했고 원화 약세에 따라 수출에 우호적인 환경이 조성됐다고 평가했다. 미국에서 최근 출시한 신형 스포츠유틸리티차량(SUV) 텔룰라이드의 성공적인 판매도 추천 이유로 함께 제시했다. /박경훈기자 socool@sedaily.com[서울경제 바로가기]▶ 텔레그램으로 서울경제 구독하기  | ▶ 네이버TV로 서울경제썸 구독하기▶ 네이버 메인에서 'No. 1 뉴스' 서울경제를 만나보세요저작권자 ⓒ 서울경제, 무단 전재 및 재배포 금지   ]","['건설사  현대, 삼성은 그만 그만\n건설사도 변화가 필요함', '']",http://www.slist.kr/news/articleView.html?idxno=80282,https://n.news.naver.com/mnews/article/011/0003556322?sid=101
