Date,Press,Category,Title,Content,Comment,URL_Origin,URL_Naver
2019.01.31.,뉴시스,,"11번가, 지난해 적자 678억...독립 출범후 절반이상 줄여",,,http://www.newsis.com/view/?id=NISX20190131_0000547851&cID=13001&pID=13000,http://www.newsis.com
19면 3단,전자신문,경제,매출 유지하고 862억 적자 줄인 11번가,"[ 지난해 영업손실 56% 줄여매출 6744억원-거래액 9조는 2017년과 비슷     【서울=뉴시스】표주연 기자 = 독립법인으로 출범해 처음으로 실적을 공개한 11번가가 적자를 절반 이상 줄인 성적표를 내놨다. SK텔레콤은 11번가가 지난해 678억원 영업손실을 기록했다고 31일 공시했다.  2017년 비교해 862억원을 개선한 수치다. 이날 발표는 11번가가 SK플래닛으로부터 독립해 처음으로 내놓는 단독 실적이다. 그동안 11번가 실적은 SK플래닛에 포함돼, 정확한 수치가 공개되지 않았다. 공시에 따르면 지난해 11번가는 매출 6744억원, 거래액은 약 9조원 정도에 달했다. 모두 2017년과 비슷한 추치다. 매출과 거래액은 비슷했지만 적자는 큰 폭으로 줄었다. 11번가를 운영하는 SK플래닛은 2017년 실적에 대해 9915억원 매출, 2486억원 영업손실로 발표했는데, 이중 11번가가 차지하는 손실이 1539억원에 달했다. 지난해 11번가는 678억원의 영업손실을 기록하면서 적자를 56% 줄이는데 성공했다. 11번가 관계자는 ""수익성을 위한 체질 개선 작업을 꾸준히 추진하고 있다""며 ""상품추천 기술의 고도화를 통해 마케팅 비용을 효율적으로 줄이고 있으며, 고객 서비스 또한 개선 중""이라고 말했다. 이 관계자는 ""올해 목표는 흑자전환을 무난히 달성해 마켓 리더십을 확고히 하는 것""이라고 강조했다. 한편 11번가는 지난해 SK플래닛으로부터 독립해 6월 새 출발했다.  투자지분 18.2%를 갖고 있는 H&amp;Q코리아로부터 5000억원의 투자까지 유치했었다.pyo000@newsis.com▶ 네이버에서 뉴시스 채널 구독하기▶ 뉴시스 빅데이터 MSI 주가시세표 바로가기 &lt;저작권자ⓒ 공감언론 뉴시스통신사. 무단전재-재배포 금지.&gt; ]",[],http://www.etnews.com/20190131000150,https://n.news.naver.com/mnews/article/003/0009043781?sid=101
2019.01.31.,데일리시큐,,중원주식회사 시크릿데이 11번가 베스트 1위 달성! 정상에 우뚝 서다,,,//www.dailysecu.com/?mod=news&act=articleView&idxno=45126,http://www.etnews.com
2019.01.31.,아시아투데이,IT/과학,"[컨콜] SK텔레콤 ""11번가, 고객 중심 커머스 포털로 성장할 것""","[    11번가가 지난해 영업손실을 전년 대비 800억원 이상 줄였다. 다양한 제휴와 내부 마케팅 프로세스를 개선하며 전년과 비슷한 매출을 달성하면서 적자를 축소했다.SK텔레콤은 31일 2018년 실적 발표에서 자회사 11번가가 작년 678억원 영업손실을 기록했다고 밝혔다. 전년과 비교해 862억원을 개선했다. 연 매출은 2017년과 유사한 6744억원으로 집계됐다.    연중 최대 프로모션 '십일절(11월)' 프로모션을 진행한 작년 4분기 매출은 전 분기 대비 9% 늘어난 1763억원으로 나타났다. 전년 동기 매출(1762억원)과 비교해도 소폭 증가했다.해당 분기 영업손익은 177억원이다. 전 분기 대비 14억원, 전년 동기 대비 303억원 줄었다. 2017년 십일절 등 프로모션을 위해 대규모 자금을 투입한 결과 480억원 적자가 났던 것을 감안하면 이례적이다. 온·오프라인으로 제휴 채널을 늘리는 등 마케팅 비용을 효율적으로 집행한 것이 적중했다. 가격비교 등 부가 서비스 의존도를 줄여 비용을 절감한 것도 주효했다.이상호 11번가 대표는 최근 전 임직원에게 손익분기점(BEP) 도달을 올해 목표로 제시했다. 지난 수년간 집중했던 외형 확대 기조에서 벗어나 내실을 다지는 데 주력한다. 지난해 영업손실을 60% 가까이 개선한 흐름을 유지하는 등 체질개선에 나선다.SK텔레콤은 향후 11번가 성장전략으로 업계 최고 수준 고객 기반과 상품구색, SK ICT 패밀리 시너지를 꼽았다. 그동안 확보한 e커머스 역량과 SK텔레콤, SK플래닛, 11번가가 기술 경쟁력으로 이른바 '커머스 포털'로 진화시킬 계획이다.11번가 휴대폰 샵을 SK텔레콤 온라인 휴대폰 유통 채널로 육성하는 한편 개인화·추천, 인공지능(AI), 증강현실(AR) 등을 커머스 영역에 활용한다. 향후 비디오 커머스 도입 등 5G 시대를 활용한 차별화에도 나설 계획이다.윤희석 유통 전문기자 pioneer@etnews.com▶ 네이버 모바일에서 [전자신문] 채널 구독하기▶ 전자신문 바로가기 [Copyright ⓒ 전자신문 &amp; 전자신문인터넷, 무단전재 및 재배포 금지] ]",['11번가 티멤버십 통해 저렴하게 사고 있습니다. 자주 해주세요^^'],http://www.asiatoday.co.kr/view.php?key=20190131010020694,https://n.news.naver.com/mnews/article/030/0002780628?sid=105
2019.01.31.,아시아타임즈,,"[컨콜] SKT ""11번가에서 모든 유무형 서비스 판매하겠다""",,,http://www.asiatime.co.kr/news/articleView.html?idxno=226660,http://www.dailysecu.com
2019.01.31.,한국농업신문,,"풀무원녹즙, 11번가와 '인기녹즙 10종' 깜짝할인",,,http://www.newsfarm.co.kr/news/articleView.html?idxno=49193,http://www.asiatoday.co.kr
2019.01.31.,케이벤치,,"비트엠, 24~32인치 HDR 모니터 출시기념 11번가 특가전 실시",,,http://kbench.com/?q=node/195828,http://www.asiatime.co.kr/
2019.01.30.,뉴시스,,"11번가, 온라인 중심 '아이돌 굿즈' 시장서 선전",,,http://www.newsis.com/view/?id=NISX20190130_0000546368&cID=13001&pID=13000,http://www.newsfarm.co.kr
2019.01.31.,이데일리,,"[해설]SK텔레콤 무선수익 7.1% 감소, ‘미디어·보안·커머스’는 개선",,,http://www.edaily.co.kr/news/newspath.asp?newsid=03296406622363296,http://www.kbench.com/
2019.01.31.,뉴스1,,"[IR]SKT ""쇼핑몰 11번가, 올해 중 BEP 달성 목표""",,,http://news1.kr/articles/?3539022,http://www.newsis.com
2019-01-31 17:52:14,뉴시스,경제,"SK텔레콤, 작년 영업익 22%↓…""선택약정 할인 여파""(종합)","[     【서울=뉴시스】 【서울=뉴시스】표주연 기자 = ‘굿즈’는 아이돌, 영화, 드라마 소설, 애니메이션 등 문화 장르 전반에서 사용되는 단어로 주로 아이돌 팬덤 문화에서 가수의 얼굴이나 캐릭터가 그려진 다양한 응원도구, 물품 등을 일컫는다.연간 2000억원대 규모로 성장한 아이돌 굿즈 시장은 이제 단순히 응원용 도구에만 그치는 것이 아니라 차별화된 디자인, 기능 등을 앞세우며 상품경쟁력까지 갖춰가고 있다. 패션잡화부터 인테리어 소품까지 일상 생활 전반에 걸친 품목 다양화로 10대 팬 뿐만 아니라 20~30대 팬과 소장가치에 관심을 둔 키덜트 족 등 다양한 구매층을 중심으로 수요가 확산되고 있어 앞으로 성장 가능성도 높게 평가받고 있다.11번가는 지난 1월 초, 보이그룹 워너원(Wanna One)의 2019년 콘서트 ‘Therefore’의 공식 콘서트 굿즈 22종을 단독 판매했다. 콘서트 전 11번가에서만 사전예약 형태로 판매된 이 제품은 오픈 1시간 만에 준비한 물량의 80%가 판매되는 등 큰 인기를 얻으며 전량 완판됐다.그 동안 오프라인을 통해서만 판매됐던 워너원 굿즈의 첫 온라인 판매로 주목을 받았다. 글로벌 11번가 사이트를 통해 국내뿐만 아니라 일본, 태국, 싱가포르, 미국, 독일, 폴란드 등 22개 국에 판매됐다.11번가는 워너원을 포함해 지난 2년 간 아이돌 굿즈 시장에서 성과를 거두고 있다. 지금까지 현장판매 중심으로 진행되던 아이돌 굿즈 판매를 온라인으로 끌어들인 것이다. 팬의 입장에서는 좋아하는 아티스트의 공연에 맞춰 새로운 굿즈가 출시되면 자연스럽게 관심을 갖게 되지만 콘서트 당일 현장구매의 혼잡함으로 구매에 실패하는 경우도 있었다. 11번가가 온라인 굿즈 판매에 주목한 것 역시 온라인으로 미리 사전 구매를 하게 되면 응원상품을 미리 배송받아 여유 있게 공연 관람 준비를 할 수 있는 팬들의 수요를 예측해서다. 구매 시 상품 수령방법 선택으로 공연 당일 현장에서 받을 수도 있다. 11번가가 지금까지 진행한 공식 온라인 단독 판매만 십여 건, 2017년 이후 올해 초 워너원까지 진행한 모든 굿즈 판매에서 조기 완판 성과를 거뒀다.◇일회용 야광 봉 시대는 옛일, LED 원격 응원봉과 생활용품으로 변신최근 판매되고 있는 굿즈의 구성을 보면 과거 야광스틱으로 대표되는 응원도구들과 확연한 차이를 보인다. 올해 1월 진행한 워너원 공식 콘서트 굿즈 22종을 살펴보면 공식 응원봉과 파우치, 머플러, 와펜·배지 세트, 명찰, 엽서, 티셔츠, 키링 등 생활용품 중심의 다양한 상품이 판매됐다. 특히 아이돌 굿즈는 멤버들의 초상과 캐릭터가 담긴 한정판 상품으로 더욱 인기를 끄는데 11번가는 제조사 ㈜로운컴퍼니와 협력으로 워너원 리멤버세트(11만원, 배지 16개, 인화사진, 삽지, 패키지케이스)를 온라인 단독으로 내놓기도 했다. 이처럼 패션잡화, 인테리어소품, 액세서리, 생활잡화로 확대된 아이돌 굿즈는 소비자의 취향을 겨냥해 계속해서 차별화를 꾀하고 있다.11번가와 워너원 굿즈의 첫 공식 온라인 판매를 진행한 스윙엔터테인먼트는 “팬들의 편의를 우선으로 생각한 상품기획과 콘서트 현장의 번잡함을 줄여주는 이점으로 온라인 판매를 더욱 확대해 나갈 것”이라며 “과거와 달리 굿즈는 일회용 상품이 아니라 소장과 활용의 가치가 있는 상품으로 구성과 디자인, 품질 모든 면에서 팬들의 만족스러운 평가를 받고 있다”고 전했다.pyo000@newsis.com▶ 네이버에서 뉴시스 채널 구독하기▶ 뉴시스 빅데이터 MSI 주가시세표 바로가기 &lt;저작권자ⓒ 공감언론 뉴시스통신사. 무단전재-재배포 금지.&gt; ]",[],http://www.newsis.com/view/?id=NISX20190131_0000546980&cID=13001&pID=13000,https://n.news.naver.com/mnews/article/003/0009041090?sid=101
2019-01-31 11:06:45,아시아투데이,,"[컨콜] SK텔레콤 ""11번가, 고객 중심 커머스 포털로 성장할 것""",,,http://www.asiatoday.co.kr/view.php?key=20190131010020694,http://www.edaily.co.kr/
2019-01-30 18:11:50,아시아타임즈,IT/과학,"[컨콜] SKT ""11번가에서 모든 유무형 서비스 판매하겠다""","[ 수천억 매출 손실 예상했는데..이동전화 매출 전년대비 7.1% 감소미디어 약간 성장, 보안 인수효과, 커머스는 적자 축소[이데일리 김현아 기자] 마케팅 비용(2.87조원)을 전년 대비 8.0% 줄였지만, 2018년 SK텔레콤의 실적은 하향을 면치 못했다.연결 재무제표(K-IFRS 제1115호) 기준으로 연간 매출 16조 8740억원, 영업이익 1조 2018억원, 순이익 3조 1320억원의 실적을 기록했는데, 매출은 전년에비해 3.7%, 영업익은 21.8% 줄어든 것이다.다만, SK하이닉스의 지분법 이익 3조2382억원이 반영된 순이익만 전년대비 17.9% 증가했다.SK텔레콤은 이같은 내용을 골자로 하는 ‘2018년 연간실적’을 발표하면서 올해 5G 상용화를 계기로 미디어, 보안, 커머스에서 새로운 성장동력을 찾겠다고밝혔다.◇수천억 매출 손실 예상했는데..이동전화 매출 전년대비 7.1% 감소박정호 SK텔레콤이 수천억 매출 손실이 나도 고객 가치혁신에 나서겠다고 밝혔지만, 2018년 이동전화 매출은 전년대비 7.1% 감소한 10.0조에 그쳤다.지난해 이동전화 가입자당매출(ARPU) 역시 3만2246원으로 전년대비 7.6%줄었다.25% 요금할인(선택약정할인) 가입자 증가는 물론, 3분 무료 통화(안심로밍), 멤버십 한도 폐지, 1020세대를 위한 0플랜 등이 영향을 미친 것이다.다만, 핸드셋 가입자가 한 해동안 18만5000명 증가한 점과 연간 해지율이 역대 최저치인 1.22%를 달성한 점, 전 산업 분야를 통틀어 3대 고객 만족도 조사(KCSI, NCSI, KS-SQI) 최장 기간 연속 1위라는 결과도 낳은 점은 ‘고객가치혁신 프로그램’의 성과로 꼽힌다.       이동통신사업부문◇미디어 약간 성장, 보안 인수효과, 커머스는 적자 축소SK브로드밴드가 하는 미디어 사업은 IPTV 가입자가 한 해동안 9.7% 증가해 473만 명을 기록했고 , UHD 가입자도 증가했으며(2018년 12월 기준 53.8%), 옥수수 월평균 이용자당 시청시간(487분)도 29.5% 증가했지만, 경쟁사에 비하면 좋은 성적은 아니다. 업계 3위인 LG유플러스의 경우 IPTV 가입자가 한 해 동안 13.5% 증가해 401만9000명을 기록하는 등 SK브로드밴드를 맹추격하고 있기 때문이다. 옥수수 콘텐츠의 매출 비중역시 2017년 4분기 53.1%에서  2018년 4분기 52.5%로 소폭감소했다. 이에 SK텔레콤은 올해 지상파 방송3사의 ‘푹(POOQ)’과 통합 OTT 서비스 협력에 대한 MOU를 체결하고,  美 최대 규모 지상파 방송사 싱클레어와 차세대 방송솔루션 시장 진출을 위한 합작회사를 만든 걸 계기로 국내에서도 케이블방송사 인수합병(M&amp;A)과 자체 경쟁력 강화에 따른 IPTV 가입자 확대에 올인할 계획이다.    미디어사업부문하지만 보안 사업은 당장 ADT캡스 인수 효과가 나고 있다.ADT캡스의 재무 실적은 지난해 4분기부터 연결실적에 반영됐는데, 올해 NSOK합병과 SK인포섹과 융합 시너지 확대, 5G와 AI 등을 활용한 신규 비즈니스 모델로 보안을 넘어 안전·케어 전문기업으로 사업영역을 확장한다는 방침이다.     보안사업부문(캡스텍, ADT시큐리티 합산)눈에 띄는 실적 증대는 없지만 손익 개선에 성공한 11번가도 SK텔레콤 ICT군에는 성장동력이다.11번가는 2018년 매출은 전년과 유사한 규모의 6744억원을 달성했지만, 수익성 개선에 성공했다. 2018년 영업손익은 전년대비 862억원 개선된 678억원 손실에 그쳤다. 올해 손익분기점 달성이 목표다. 앞으로 11번가는 코리아센터와의 제휴를 통한 역직구 강화, ‘휴대폰 샵’ 등 SK ICT 패밀리와의 시너지를 통해 커머스 포털로 진화한다는 계획이다.    11번가 매출    11번가 영업이익윤풍영 SK텔레콤 코퍼레이트센터장(CFO)은 “지난해 New ICT 사업 포트폴리오를 성공적으로 재편함으로써 MNO, 미디어, 보안, 커머스 4대 사업의 기본 틀을 갖췄다”며 “올 한해 압도적인 5G 서비스 경쟁력을 바탕으로 New ICT 사업의 성장판을 여는데 최선을 다할 것”이라고 밝혔다.김현아 (chaos@edaily.co.kr)이데일리 채널 구독 이벤트 [★BTS★ 실물영접 기회를▶]꿀잼가득 [영상보기▶] , 빡침해소!청춘뉘우스~ [스냅타임▶]＜ⓒ종합 경제정보 미디어 이데일리 - 무단전재 &amp; 재배포 금지＞ ]","['', '']",http://www.asiatime.co.kr/news/articleView.html?idxno=226660,https://n.news.naver.com/mnews/article/018/0004303232?sid=105
2019-01-31 11:33:28,뉴시스,,"11번가, '자율주행캐리어' 50만원 할인판매",,,http://www.newsis.com/view/?id=NISX20190125_0000540757&cID=13001&pID=13000,http://news1.kr/
2019-01-31 16:17:01,한국농업신문,IT/과학,"풀무원녹즙, 11번가와 '인기녹즙 10종' 깜짝할인","[    (서울=뉴스1) 강은성 기자 = 윤풍영 SK텔레콤 코퍼레이트센터장은 31일 진행한 실적발표 콘퍼런스콜에서 ""11번가는 19년에 손익분기점(BEP) 달성을 목표로 수익성 기반 성장을 추진하겠다""면서 ""소모적 가격경쟁보다 인공지능(AI) 데이터 기반 고객경험 혁신과 차별화된 서비스 제공을 통해 고객혁신중심 커머스포털로 진화하겠다""고 말했다.esther@news1.kr▶ [ 크립토허브 ]  [ 터닝포인트 2019 ] ▶ 네이버 메인에서 [뉴스1] 구독하기![© 뉴스1코리아(news1.kr), 무단 전재 및 재배포 금지] ]",[],http://www.newsfarm.co.kr/news/articleView.html?idxno=49193,https://n.news.naver.com/mnews/article/421/0003815177?sid=105
2019.01.31.,케이벤치,,"비트엠, 24~32인치 HDR 모니터 출시기념 11번가 특가전 실시",,,http://kbench.com/?q=node/195828,http://www.newsis.com
2019.01.31.,서울경제,경제,토즈 스터디센터 상품권 실속 있는 설 명절 선물로 주목,"[ 작년 영업이익 1조2018억…전년比 21.8% ↓선택약정 가입자 증가로 이동통신 수익 감소 마케팅 비용 감소, 11번가 수익성 개선 성과    【서울=뉴시스】이국현 기자 =SK텔레콤이 지난해 선택약정 할인 가입자 증가로 이동통신사업 수입이 감소하며 영업이익이 22% 급감한 것으로 나타났다. SK텔레콤은 지난해 연결 기준 영업이익이 1조2018억원으로 전년 대비 21.8% 감소한 것으로 잠정 집계됐다고 31일 공시했다. 매출액 역시 16조8740억원으로 전년 대비 3.7% 감소했다. 반면 당기순이익은 SK하이닉스의 역대 최고 실적에 따른 지분법 이익이 반영되며 전년 대비 17.9% 증가한 3조1320억원으로 나타났다. 분기별로 지난해 4분기 영업이익은 2253억원으로 전년 동기 대비 27.4% 감소했고, 당기순이익은 28.2% 줄어든 4745억원으로 집계됐다. 매출액은 4조3517억원으로 전년 동기 대비 3.2% 감소했다. SK텔레콤 관계자는 ""지난해 마케팅 비용이 8% 감소하며 최근 10년 내 최소 규모로 줄었고, 11번가 수익성이 개선되는 성과를 거뒀다""며 ""다만 연간 선택약정할인 가입자 증가로 이동통신사업 수익 감소가 불가피했다""고 밝혔다. ◇""이동전화 수익 줄고, 미디어·보안은 오르고"" 지난해 이동전화 수익은 전년 대비 7.1% 감소한 10조원을 기록했다. 4분기 수익은 2조4500억원으로 전년 동기 대비 9% 급감했다. 지난 2017년 20%에서 25%로 선택약정 할인율이 확대되며 가입자가 증가한 데다 지난해 4월부터는 취약계층 및 노인층 1만1000원 요금 감면을 시행한 데 따른 결과로 풀이된다. 이로 인해 가입자당 평균매출(ARPU)은 지난해 3분기 3만2075원에서 4분기 3만3134원으로 2.3%포인트 줄었다. 지난해 4분기 3만4883원과 비교하면 10%, 3549원 감소했다. 다만 지난해 휴대폰 가입자는 연간 18만5000명 순증했다. 연간 해지율은 1.22%로 역대 최저를 기록했다. 알뜰폰(MVNO)을 제외한 해지율은 0.99%다. 미디어와 보안, 커머스 분야는 실적 개선 기대가 커지고 있다. SK브로드밴드는 연간 매출 3조2537억원, 영업이익 1756억원으로 사상 최대 실적을 기록했다. 인터넷(IP) TV 가입자가 473만명으로 전년 대비 10% 증가했고, 프리미엄 서비스인 UHD 가입 비중 역시 4분기에 처음으로 전체 가입자의 50%를 넘었다.옥수수 가입자는 지난해 말 973만명으로 전년 대비 13.4% 증가했다.     지난해 4분기 처음 반영된 ADT캡스 매출은 2008억원, 영업이익 286억원으로 집계됐다. SK텔레콤은 지난해 5월 7020억원을 투자해 국내 2위 보안업체인 ADT캡스 지분 55%와 경영권을 확보했다. 올해는 물리보안에서 정보보안까지 통합 서비스 체계를 구축하며 홈, 주차장 등에 신규 보안 서비스를 제공할 예정이다. 11번가의 지난해 매출은 전년과 유사한 6744억원을 달성했다. 특히 4분기에는 '십일절' 프로모션을 통해 전 분기 대비 9% 증가한 1763억원을 기록했다. 지난해 영업손실은 678억원으로 전년 대비 862억원이 줄어든 것으로 나타났다. 지난해 5000억원 투자를 유치한 데 이어 올해는 인공지능, 데이터 기반 서비스를 제공해 손익분기점을 달성한다는 목표다. ◇5G서비스 확대 원년…미디어, 보안, 커머스 강화 SK텔레콤은 올해 5G 서비스를 본격 전개하고 미디어, 보안, 커머스 중심의 뉴(New) ICT 사업을 강화해 실적을 끌어올릴 계획이다. 5G 서비스는 5G 스마트폰 출시에 맞춰 수도권 및 주요도시를 중심으로 확대될 예정이다. SK텔레콤은 AI 기반 네트워크 운용 기술과 세계 최고 수준의 양자암호 기술을 바탕으로 안전하고 차별화된 5G 네트워크 품질을 제공할 방침이다.미디어 사업은 옥수수와 푹(POOQ)을 통합해 경쟁력 있는 글로벌 OTT 플랫폼 육성에 나선다. 미국 최대 규모 지상파 방송사 싱클레어와 손잡고 미국 차세대 방송 솔루션 시장에 진출해 외연 확대도 꾀하기로 했다. 윤풍영 코퍼레이트(Corporate) 센터장은 ""지난해 뉴 ICT 사업 포트폴리오를 성공적으로 재편해 이동전화(MNO), 미디어, 보안, 커머스 4대 사업의 기본 틀을 갖췄다""며 ""올해 압도적인 5G 서비스 경쟁력을 바탕으로 뉴 ICT 사업의 성장판을 여는데 최선을 다하겠다""고 밝혔다.lgh@newsis.com▶ 네이버에서 뉴시스 채널 구독하기▶ 뉴시스 빅데이터 MSI 주가시세표 바로가기 &lt;저작권자ⓒ 공감언론 뉴시스통신사. 무단전재-재배포 금지.&gt; ]","['', '', '', '', '', '적당하게\n어려운사람들도 숨통 트이게\n서로 조금씩 배려하면서\n건강하게\n웃으며\n함께하는 사회를 만듭시다', '20%, 후에 25% 할인 하면 대충 맞구먼 ㅋㅋㅋ 이것이 모든 요인에 포함되지 않는거면 그렇게 할인해주고도 더 남겨 먹는거라 할 수 있지 ㅇㅇㅇ', 'sk ㅈㄴ 불친절하다. 폰팔이 뇽들. 저렴한 폰 찾으니까 상대도 하기 싫다는건가? ㅈㄴ 불친절해. 내가 폰만 sk면 바꾸는건데, 인터넷에 이것저것 잇어서 그냥 참는다. 하여튼 sk 별로 좋지도 않은데, 텔레마케팅 뇽들 ㅈㄴ 불친절해.', '']",http://www.sedaily.com/NewsView/1VE8LEYXBA,https://n.news.naver.com/mnews/article/003/0009041943?sid=101
2019.01.31.,IT조선,,"[오늘의 쇼핑가] 11번가 ""미세먼지에 온라인 쇼핑↑""…카페24, 이베이코리아 ...",,,http://it.chosun.com/site/data/html_dir/2019/01/28/2019012801845.html,http://www.asiatoday.co.kr
2019.01.25.,아이뉴스24,,"[컨콜] SKT ""통합OTT, 구독형 VOD 수익모델 고려""",,,http://www.inews24.com/view/1155242,http://www.asiatime.co.kr/
2019.01.31.,서울파이낸스,,"11번가, 미세먼지에 '방긋'",,,http://www.seoulfn.com/news/articleView.html?idxno=332213,http://www.newsis.com
2019.01.31.,파이낸셜뉴스,경제,"11번가, 언더나인틴 파이널 콘서트 티켓 오픈","[ 25일 하루, 99만원에 선착순 50대 판매    【서울=뉴시스】 【서울=뉴시스】표주연 기자 = 11번가는 이달 초 미국 CES에서 폭발적인 인기를 얻은 세계최초 자율주행 캐리어 ‘로버스피드’(RoverSpeed)를 25일 할인 판매한다. 정가 149만원짜리 제품을 이날 하루만 50만원 저렴한 99만원에 선착순 50대 판매한다. 설 명절을 앞두고 로버스피드를 개발한 코와로봇의 아시아총판인 ‘주식회사 굿인터내셔널’에서 11번가 입점 기념으로 준비한 세일 행사다.  캐리어 외관 2년, 잠금장치와 메인보드 1년, 배터리 및 충전지는 6개월의 무상 AS를 제공한다. ‘로버스피드’는 내장된 카메라로 사용자의 형태를 인식한 뒤 레이저 센서를 통해 사용자와 일정거리를 유지하며 따라가는 자율주행 캐리어다. 무게는 5.5kg, 크기는 20인치로 비행기 기내에 들고 탑승할 수 있다. 인공지능 알고리즘을 통해 사용자의 걸음걸이 등을 분석해 따라가는데, 전용 앱을 통해 분실 알림 등의 기능을 사용할 수 있다. 배터리는 완충 시 약 20km를 이동할 수 있으며 탈부착이 가능하다.11번가 박준영 제휴시너지그룹장은 “최신 기술이 모이는 CES에서 혁신적인 기능으로 화제를 모은 제품을 곧바로 11번가를 통해 소개해 고객들의 관심이 높을 것으로 기대한다”고 말했다.pyo000@newsis.com▶ 네이버에서 뉴시스 채널 구독하기▶ 뉴시스 빅데이터 MSI 주가시세표 바로가기 &lt;저작권자ⓒ 공감언론 뉴시스통신사. 무단전재-재배포 금지.&gt; ]",['그냥끄는게맘편할듯'],http://www.fnnews.com/news/201901240941311653,https://n.news.naver.com/mnews/article/003/0009031294?sid=101
2019.01.30.,매일경제,,"SKT, 파트너사와 동반성장 계획 공유…`뉴 ICT 콜라보데이` 개최",,,http://news.mk.co.kr/newsRead.php?year=2019&no=61927,http://www.newsfarm.co.kr
2019.01.28.,뉴시스,,"설, 나 혼자 논다…11번가, 독서앱 구독권 등 할인",,,http://www.newsis.com/view/?id=NISX20190123_0000538198&cID=13001&pID=13000,http://www.kbench.com/
2019.01.31.,연합뉴스,,카카오페이·KT·이베이·11번가 등 제로페이 참여(종합),,,http://yna.kr/AKR20190121058051017?did=1195m,http://www.sedaily.com
2019.01.29.,지디넷코리아,경제,"11번가, 미세먼지에 식품·생필품 거래 최대 6배↑","[     [서울경제] 프리미엄 독서실 업계 1위 토즈 스터디센터가 선보인 ‘토즈 스터디센터 상품권’이 실속 있는 설 명절 선물로 인기를 얻고 있다.설 선물 특별 구성으로 11번가에서 독점 판매되고 있는 토즈 스터디센터 상품권은 각각 50만원권, 10만원권으로 50만원권은 20%, 10만원권은 10% 할인된 금액으로 구입 가능하다. 구입한 상품권은 전국 350개 토즈 스터디 센터에서 자유롭게 사용할 수 있다.평소보다 가격이 올라가는 대부분의 설 선물세트와 달리 토즈 스터디센터 상품권은 가격을 오히려 낮췄다.이에 최근 고객 문의도 크게 늘었다는 것이 토즈 스터디센터 측의 설명이다. 새로운 한 해를 준비하며 최적의 학습 환경 조성에 관심에 많은 중고등학생과 학부모들부터 자격증 취득, 승진시험 준비, 자기계발 등 공부를 필요로 하는 성인에 이르기까지 토즈 스터디센디 센터 상품권의 가치와 필요성을 알고 찾는 세대가 점차 늘고 있다는 것이다.해당 상품권은 지난 11월 초, ‘2018 올 겨울은 토즈에서 진짜 공부’ 캠페인 일환으로 11번가에서 독점 판매 진행된 상품 구성과 동일하며, 오픈 당일 한 때 1분당 1개 꼴로 팔려 나갈 만큼 큰 호응을 받으며 11번가 상품권 카테고리에서 전체 판매 2위를 기록하기도 했다.토즈 스터디센터 마케팅 본부 김서현 본부장은 “지난 11월, 11번가에서 선보인 토즈 상품권이 예측을 뛰어넘는 판매 실적을 기록한 점은 물론, 구매고객 대상 설문조사 결과 응답자의 92%가 재구매 의사를 보였다.”며 “토즈 스터디센터는 앞으로도 다양한 이벤트를 통해 고객의 학습능력 향상에 일조해 나갈 것’이라고 밝혔다.한편, 토즈 스터디센터는 국내 최초로 2년간의 R&amp;D를 통해 개개인의 학습유형에 맞는 5가지 유형의 공간 구성을 도입하고 자기주도학습을 위한 다양한 교육 콘텐츠를 지원해 독서실 시장의 새로운 패러다임을 제시하고 있다고 밝혔다. 2010년 오픈 이래 프리미엄 독서실 시장을 주도하면서 전국적으로 350개의 스터디센터를 운영하고 있다고 회사측은 덧붙였다./김동호 기자 dongho@sedaily.com[서울경제 바로가기]Telegram으로 서울경제 뉴스를 실시간으로 받아보세요 [바로가기▶]프리미엄 미디어 Signal이 투자의 바른 길을 안내합니다 [바로가기▶]저작권자 ⓒ 서울경제, 무단 전재 및 재배포 금지   ]",[],http://www.zdnet.co.kr/ArticleView.asp?artice_id=20190128083726,https://n.news.naver.com/mnews/article/011/0003496967?sid=101
2019-01-31 10:48:35,이투데이,,쌀 소비량 30년새 절반으로 '뚝'...떡 판매는 50% '쑥',,,http://www.etoday.co.kr/news/section/newsview.php?idxno=1716595,http://it.chosun.com/
2019-01-25 11:07:25,데이터넷,,"한국레노버, '반하다 그레잇북' 프로모션 진행",,,http://www.datanet.co.kr/news/articleView.html?idxno=130813,http://www.inews24.com/
2019-01-30 11:50:01,IT조선,IT/과학,"[오늘의 쇼핑가] 11번가 ""'언더나인틴' 콘서트 티켓 단독 판매…인터파크·이...","[ 11번가에서 모든 자사 서비스 판매 등 시너지 제고[아이뉴스24 도민선 기자] SK텔레콤이 지상파와 함께 선보일 통합 온라인동영상서비스(OTT)에 넷플릭스와 같은 수익모델 적용을 검토중이다.또 자회사인 11번가를 뉴ICT 유무형 상품을 판매하는 채널 및 주요 고객 접점으로 활용하는 등 시너지 제고에도 나선다.윤풍영 SK텔레콤 코퍼레이트센터장(CFO)은 31일 실적 컨퍼런스콜에서 ""상반기 중 옥수수와 푹 통합법인을 출범시키고 연내 동남아시아를 중심으로 해외사업을 시작할 것""이라며, ""통합법인 출범 후 외부펀딩을 받고, 넷플릭스와 같은 구독형 VOD 형태 수익모델을 고려하고 있다""고 말했다.또 ""SK텔레콤이 보유한 모든 유무형의 서비스를 11번가에서 판매하는 것을 추진한다""며, ""11번가가 SK그룹 ICT 패밀리의 일원으로 얻을 시너지를 강화하겠다""고 말했다.도민선기자 domingo@inews24.com▶네이버 채널에서 '아이뉴스24'를 구독해주세요.▶아이뉴스TV에서 부동산 고수를 만나보세요.[ⓒ 아이뉴스24 무단전재 및 재배포 금지] ]",[],http://it.chosun.com/site/data/html_dir/2019/01/24/2019012401236.html,https://n.news.naver.com/mnews/article/031/0000480301?sid=105
2019-01-31 17:05:57,농수축산신문,,[기획] 2019년 유통업태별 구매전략은 3. 온라인,,,http://www.aflnews.co.kr/news/articleView.html?idxno=153081,http://www.seoulfn.com/
2019.01.24.,글로벌이코노믹,,"SKT, 새 학기 맞이 요금·데이터·제휴 혜택 푼다",,,http://www.g-enews.com/ko-kr/news/article/news_all/201901301337297435e6577efc28_1/article.html,http://www.fnnews.com/
2019.01.30.,연합뉴스,경제,"11번가, '혼설족' 겨냥 즐길거리 할인전","[               11번가가 언더나인틴 예비돌들의 마지막 콘서트 티켓을 단독 판매한다고 24일 밝혔다.  내달 9일 마지막 방송을 앞두고 있는 언더나인틴은 방송 종료 후 마지막 콘서트를 준비하고 있다. '언더나인틴 파이널 콘서트'는 2월 23일 오후 5시 올림픽공원 올림픽홀에서 열린다.  11번가는 24일 오후 8시부터 단독으로 티켓 판매를 시작한다. 현재 판매중인 언더나인틴 공식 응원봉과 함께 2월 중에는 콘서트 신규 굿즈를 온라인 단독으로 11번가에서 판매할 예정이다.  11번가 이지민 프로모션팀장은 ""언더나인틴은 재능있는 예비돌들의 눈부신 성장을 보여준 프로그램으로 파이널 콘서트가 그 동안 지켜봐 준 팬들에게 큰 선물이 될 것""이라며 ""11번가는 앞으로도 단순 오픈마켓이 아닌 신선한 프로그램과 앞선 트렌드와의 컨텐츠 협력을 통해 커머스 포털로의 진화를 이어가겠다""고 전했다. yjjoe@fnnews.com 조윤주 기자   ▶ 세상의 모든 골 때리는 이야기 'fn파스'▶ 속보이는 연예뉴스 fn스타  ※ 저작권자 ⓒ 파이낸셜뉴스. 무단 전재-재배포 금지   ]",[],http://yna.kr/AKR20190123040200030?did=1195m,https://n.news.naver.com/mnews/article/014/0004166102?sid=101
2019.01.23.,IT조선,,"[오늘의 쇼핑가] 위메프 ""월 가입비 990원 유료 멤버십 선봬""…G마켓·11번가...",,,http://it.chosun.com/site/data/html_dir/2019/01/23/2019012302143.html,http://www.mk.co.kr/
2019.01.21.,비즈니스포스트,경제,"SK텔레콤 ""미디어사업 등 포트폴리오 완성되면 지배구조 개편""","[      30일 서울 광진구 워커힐 호텔에서 열린 ‘뉴(New) ICT 콜라보데이’에서 윤풍영 SK텔레콤 코퍼레이트 센터장(맨 앞줄 왼쪽에서 8번째)과 각 사업부 임원,우수 비즈니스 파트너사 대표들이 기념사진 촬영을 하고 있다. [사진제공 = SK텔레콤]  SK텔레콤은 비즈니스 파트너와 ICT 사업 추진 방향과 동반성장 계획을 공유하는 '뉴(New) ICT 콜라보데이'를 개최했다고 30일 밝혔다.이날 서울 광진구 워커힐 호텔에서 열린 '뉴 ICT 콜라보데이'에는 ADT캡스, 11번가 등 SK ICT 패밀리사의 각 사업부문 대표 임원과 우수 비즈니스 파트너사 대표 50여명이 참석했다.SK텔레콤은 '글로벌 ICT 강자'로 성장하기 위해 한 해를 시작하며 비즈니스 파트너와 진솔하게 소통하고 눈높이를 맞추는 자리가 필요하다고 판단해 이번 행사를 기획했다.SK텔레콤은 뉴 ICT 사업 추진 방향으로 ▲고객 신뢰회복과 5G BM발굴을 통한  이동통신(MNO) 사업 목표 ▲5G 킬러 콘텐츠 중심의 미디어 사업 로드맵 ▲물리·정보보안에서 양자암호통신까지 아우르는 통합 보안 사업 계획 등을 발표했다.비즈니스 파트너와 함께 성장해 나가기 위한 지원 계획도 밝혔다. SK텔레콤은 SK동반성장센터(서울 중구 소재)를 파트너사에 오픈하고 파트너사의 경쟁력 향상을 위한 컨설팅과 교육도 강화할 계획이다.또 올해는 기존에 있던 동반성장 펀드를 5G 관련 기술을 개발하는 파트너사에 집중 지원할 예정이다. SK텔레콤 패밀리사의 파트너사에게도 자금 지원 기회가 확대된다.아울러 올해부터는 파트너사와 머리를 맞대고 사회적 가치를 창출하는 협업 아이템도 고민할 예정이다.행사에 참석한 SK텔레콤 5G 단말 검증 파트너사 ㈜와이드넷엔지니어링 이맹훈 대표는 ""SK텔레콤이 이끌어갈 뉴 ICT 로드맵을 보며 파트너사로서 자부심을 느낄 수 있었던 자리였다""며 ""SK텔레콤과 5G 기술을 통해 우리 사회를 바꾸는 기술을 구현할 것""이라고 밝혔다.윤풍영 SK텔레콤 코퍼레이트 센터장은 ""앞으로도 파트너사에 실질적인 도움을 줄 수 있는 다양한 동반성장 프로그램을 고민하며 파트너사와 함께 글로벌 ICT 강자로 진화해 나갈 것""이라고 말했다.[디지털뉴스국 김승한 기자]▶매경 뉴스레터 '매콤달콤'을 지금 구독하세요▶뉴스 이상의 무궁무진한 프리미엄 읽을거리[ⓒ 매일경제 &amp; mk.co.kr, 무단전재 및 재배포 금지]   ]",[],http://www.businesspost.co.kr/BP?command=article_view&num=112769,https://n.news.naver.com/mnews/article/009/0004297270?sid=101
2019.01.28.,지디넷코리아,,"11번가, &apos;명절 혼자 놀기 e쿠폰&apos; 기획전",,,http://www.zdnet.co.kr/ArticleView.asp?artice_id=20190123082739,http://www.newsis.com
2019.01.29.,전자신문,경제,[11번가 테마쇼핑]나도 '유튜버'...입문부터 투잡까지,"[ 놀거리.즐길거리 e쿠폰 50여종 할인 판매    (사진=11번가 제공)【서울=뉴시스】이예슬 기자 = 명절에 혼자 노는 사람들을 위해 11번가는 '완벽한 설, 즐길거리' 기획전을 연다고 23일 밝혔다.이날은 SK브로드밴드의 IPTV인 Btv이용고객들이 유료상품 결제시 사용할 수 있는 '3만원 포인트권'을 35% 할인한 2만1450원에, 28일에는 SK브로드밴드의 모바일 동영상 서비스 '옥수수(oksusu)'에서 사용할 수 있는 '1만원 금액권'을 17% 이상 할인한 8250원에 판다. 내달 2일에는 독서앱 '밀리의서재' 프리미엄 구독권, 3일일엔 '지니뮤직' 이용권 등을 차례로 선보인다.명절을 혼자 보내거나 간소하게 보내는 이들을 위한 편의점 이용권, 외식 상품권, 공연관람권, 전시 이용권, 키즈카페 입장권 등 e쿠폰 50여종도 할인해 판매한다.ashley85@newsis.com▶ 네이버에서 뉴시스 채널 구독하기▶ 뉴시스 빅데이터 MSI 주가시세표 바로가기 &lt;저작권자ⓒ 공감언론 뉴시스통신사. 무단전재-재배포 금지.&gt; ]",[],http://www.etnews.com/20190124000091,https://n.news.naver.com/mnews/article/003/0009026844?sid=101
2019.01.31.,뉴스1,,"11번가, '로드샵' 서비스 통했다…""1년 만에 상점수·거래액 2배↑""",,,http://news1.kr/articles/?3526901,https://www.yna.co.kr/
2019.01.24.,신아일보,경제,카카오페이·KT·이베이·11번가 '제로페이'에 참여,"[    (서울=연합뉴스) 홍지인 김연숙 기자 = 소상공인 간편결제 서비스 '제로페이' 본사업에 카카오페이와 KT 등 15개 결제사업자가 참여를 신청했다.     중소벤처기업부는 지난 7∼18일 제로페이에 참여할 결제사업자와 밴(VAN)사를 추가 모집한 결과 모두 15개 사업자가 신청했다고 21일 밝혔다.    우선 카카오페이, KT, 이베이코리아(스마일페이), 11번가(11페이)가 결제사업자로 등록했다.     한국전자영수증, KG이니시스, 코스콤, 한패스, 핀크, 이비카드(캐시비), 디셈버앤컴퍼니자산운용, 티모넷, 하렉스인포텍(유비페이), KIS정보통신, KSNET 등 사업자도 신청했다.    지난달 제로페이 시범사업이 시작될 당시 카카오페이는 자체 시행 중인 오프라인 결제 사업과 병행 가능 여부가 명확하지 않다는 이유로 참여하지 않았다.    카카오페이 관계자는 ""중기부가 '제로페이 4대 원칙에 합의한 사업자라면 누구나 참여할 수 있고 개별기업의 서비스 정책에 관여하지 않는다'는 기본입장을 확인해줘 본사업 참여를 결정했다""고 말했다.      제로페이 4대 원칙은 소상공인에 대해 수수료 0%대 적용, 간편결제 사업자와 은행 등 누구나 참여 가능한 개방형, 새로운 기술·수단이 적용될 수 있도록 구현, 금융권 수준의 정보기술(IT) 보안기술 확보 등이다.    밴사업자로는 페이콕, 코스콤, 금융결제원, 나이스정보통신, KIS정보통신, 페이민트, 코밴, 퍼스트데이터코리아, 한국신용카드결제, 한국스마트카드, 스마트로, KICC, KSNET, 다우데이터, 제이티넷, NHN_KCP, KIS정보통신 등 총 16개사가 신청했다.    소상공인간편결제추진사업단은 다음 달 이들 기업의 자격요건을 심사해 협약을 맺는다.    사업단은 3월부터 가맹점 결제 단말기(POS)와 연계하고, 결제 서비스와 시스템 개발을 거쳐 5월 초 서비스를 시작할 계획이다.     제로페이 결제[부산소상공인희망센터 제공]    ljungberg@yna.co.kr▶연합뉴스 채널 구독하고 스타벅스 커피 드세요▶뭐 하고 놀까? #흥  ▶쇼미더뉴스! 오늘 많이 본 뉴스영상  ]",[],http://www.shinailbo.co.kr/news/articleView.html?idxno=1136292,https://n.news.naver.com/mnews/article/001/0010591366?sid=101
2019.01.29.,이데일리,,"오픈마켓, 배달앱 사라지나..규제 강화에 백화점만 훨훨?",,,http://www.edaily.co.kr/news/newspath.asp?newsid=01157846622362312,https://zdnet.co.kr/
2019.01.30.,시사오늘,IT/과학,"[IT오늘] SKT, 'New ICT 콜라보데이' 개최…KT CS, 홍역 예방접종 안내 서비스...","[    마스크 최대 20배·공기청정기 3배 급증(지디넷코리아=백봉삼 기자)역대 최악 미세먼지의 공습으로 1월 온라인 장보기를 하는 고객이 급증했다.11번가(대표 이상호)에 따르면 미세먼지 긴급재난문자가 전송된 지난 11일부터 최근까지(1월11~24일) 가공, 신선식품, 생필품 거래액이 지난달(12월11~24일) 대비 최대 6배 이상 급증하고 마스크, 공기청정기 거래액은 5배 이상 늘었다.특히 반찬, 통조림 등 '간편식' 거래액이 지난달 대비 크게 치솟았다. 미세먼지로 소비자들이 외출을 꺼리면서 집 앞 편의점에서 구매할 수 있는 간단한 간편식도 온라인으로 주문하는 수요가 크게 늘어났기 때문이다. '통조림' 거래액은 지난달 대비 6배 이상(+554%), '반찬, 간편식'은 2배 이상(+102%) 증가했다.    대형마트 장보기, 외식도 꺼리면서 기저귀, 분유, 쌀, 과일과 같은 '생필품' 주문도 늘었다. '기저귀'는 3배 이상(+209%), '분유'는 4배 가까이(+298%) 증가했다. '쌀'은 53%, '과일'은 61%, '냉동, 간편과일'은 95%, 그 외 '생선류'와 '육류'는 각각 51%, 54% 증가했다.마스크, 공기청정기, 산소캔 등 미세먼지 차단상품도 불티나게 팔렸다. '미세먼지 마스크'는 지난달 대비 5배 이상(+424%) 판매됐고 최악의 미세먼지 농도를 보였던 지난 14일 하루 거래액은 전주 같은 날(7일) 보다 무려 20배 이상 치솟았다. 이에 11번가는 지난 11일부터 큐레이션 코너 '쇼킹딜'을 통해 미세먼지 마스크를 긴급 편성해 내놓고 있고, 매일 준비한 물량이 빠르게 소진돼 지속적으로 물량 수급을 이어가고 있다.'공기청정기' 역시 지난달 대비 3배 가까이(+188%) 팔렸다. 특히 1월 초 출시된 위닉스 2019년형 '제로2.0' 공기청정기는 신규 출시됐음에도 하루에 500대 이상 팔렸고 올해는 유모차 전용 포터블 공기청정기 '에어토리' 등의 이색상품도 주목 받고 있다. 공기청정 기능도 있으면서 인테리어 효과도 있는 '공기정화식물' 거래액 역시 35% 늘었다.휴대가 간편한 '산소캔' 거래액은 지난달 대비 61%, 지난해 대비 3000% 이상 급증했다. 최근엔 가루형태의 고체산소가 공기 중의 이산화탄소와 수분을 흡수해 산소를 만들어내는 자연 산소 발생용품인 '하루산소'가 SNS 등에서 인기다. 미세먼지, 각종 유해물질로 인한 모공 속 노폐물을 씻어내는 '모공 브러쉬', '각질제거제'와 같은 뷰티아이템은 지난달 대비 거래액이 각각 53%, 68% 늘었다.11번가는 '황사&amp;미세먼지 철벽 방어' 기획전을 상시 노출해 고객들이 황사마스크, 공기청정기, 자동차 세차용품, 공기정화식물, 미세먼지 측정기 등 미세먼지와 관련한 120여종 상품들을 한 눈에 비교검색하고 간편하게 구매할 수 있도록 했다. 봄 황사 시즌을 앞둔 2월 중에는 모바일에 '미세먼지' 전용 탭을 신설해 MD가 엄선한 오늘의 추천상품, 미세먼지 이겨내는 생활수칙 등 다양한 콘텐츠를 마련, 고객 요구에 보다 신속하게 대응할 예정이다.백봉삼 기자(paikshow@zdnet.co.kr) ▶ 지디넷코리아 '홈페이지' / ▶ 지디넷코리아 ‘이슈진단+’  ▶ 네이버 채널에서 ‘지디넷코리아’를 구독해주세요  ]",[],http://www.sisaon.co.kr/news/articleView.html?idxno=81921,https://n.news.naver.com/mnews/article/092/0002155246?sid=105
2019-01-24 09:44:21,스트레이트뉴스,,"SKT, 'New ICT 콜라보데이' 개최",,,http://www.straightnews.co.kr/news/articleView.html?idxno=42512,http://www.etoday.co.kr
2019-01-30 09:56:04,이데일리,,"부활한 '스카이' 브랜드, 무선이어폰 예약판매로 재기 시동",,,http://www.edaily.co.kr/news/newspath.asp?newsid=02853606622360016,http://www.datanet.co.kr
2019-01-23 13:46:24,뉴시스,,"11번가, 설 프로모션 돌입 '가성비로 승부'",,,http://www.newsis.com/view/?id=NISX20190114_0000528756&cID=13001&pID=13000,http://it.chosun.com/
2019-01-21 11:51:44,데일리안,,"에누리 가격비교, 홈트레이닝 제품 중복할인 프로모션",,,http://www.dailian.co.kr/news/view/768942/?sc=naver,http://www.aflnews.co.kr
2019-01-28 08:43:23,뉴시스,,"11번가, 11일에 T멤버십 11% 할인",,,http://www.newsis.com/view/?id=NISX20190111_0000527383&cID=13001&pID=13000,http://www.g-enews.com/
2019.01.23.,데이터넷,,"프리즘코리아, 사운드바 일체형 TV 출시 기념 11번가 특가 프로모션",,,http://www.datanet.co.kr/news/articleView.html?idxno=130483,https://www.yna.co.kr/
2019.01.23.,지디넷코리아,경제,"""쿠팡, 11번가 제치고 모바일 앱 방문자 수 1위""","[    (서울=연합뉴스) 이신영 기자 = 11번가는 올해 설을 혼자 보내는 사람들을 겨냥해 각종 동영상 이용권과 e 쿠폰을 모은 '완벽한 설, 즐길 거리' 기획전을 내달 6일까지 한다고 23일 밝혔다.         23일에는 SK브로드밴드의 IPTV인 Btv 이용 고객들이 사용할 수 있는 3만원 포인트권을 35% 할인 판매하고, 28일에는 SK브로드밴드의 모바일 동영상 서비스 '옥수수'에서 동영상 시청 시 사용할 수 있는 1만원 금액권을 17% 싸게 판다.     내달 1일에는 독서 애플리케이션 '밀리의 서재' 고급형 구독권을, 3일에는 지니뮤직 이용권을 각각 할인된 가격에 선보인다.     이번 행사에서는 편의점 이용권, 외식 상품권, 전시이용권 등 다양한 e 쿠폰 50여종도 할인 판매된다.     11번가 즐길거리 기획전[11번가 제공=연합뉴스]    eshiny@yna.co.kr▶연합뉴스 채널 구독하고 스타벅스 커피 드세요▶뭐 하고 놀까? #흥  ▶쇼미더뉴스! 오늘 많이 본 뉴스영상  ]",[],http://www.zdnet.co.kr/ArticleView.asp?artice_id=20190118112403,https://n.news.naver.com/mnews/article/001/0010595994?sid=101
2019.01.31.,전자신문,,"11번가, 내실경영 집중...이상호 대표 “올해 목표는 BEP 달성”",,,http://www.etnews.com/20190122000224,http://it.chosun.com/
2019.01.23.,아주경제,,"에코백스, '디봇 오즈모 900' 11번가 론칭 기념 단독 이벤트 진행",,,http://www.ajunews.com/view/20190121103644039,http://www.businesspost.co.kr/
15면 3단,디지털데일리언론사 선정,,"e커머스, '유료멤버십' 전쟁…“달콤하지만 독묻은 사과” 우려",,,http://www.ddaily.co.kr/news/article.html?no=177271,https://zdnet.co.kr/
2019.01.17.,데일리시큐,IT/과학,"유아웨건 킨즈 클래스, ‘출시 기념 11번가 특가 이벤트’ 실시","[    드라마·영화·책 등 50여종 선봬(지디넷코리아=백봉삼 기자)11번가(대표 이상호)가 23일부터 2월5일까지 '완벽한 설, 즐길거리' 기획전을 열고 간소한 명절연휴를 보내는 이들을 위한 다양한 상품을 판매한다.이번 기획전에서는 명절에 인기 높은 먹거리, 즐길거리 e쿠폰 외에도 최근 트렌드를 반영한 '영상콘텐츠 이용권'과 '독서앱 이용권' 등 이색상품을 새롭게 선보인다.'데일리 딜'을 통해 매일 한 개 대표상품을 한정수량으로 특가 판매한다. 23일에는 SK브로드밴드의 IPTV인 Btv이용고객들이 유료상품 결제 시 사용할 수 있는 '3만원 포인트권'(VAT 포함 3만3천원)을 35% 할인한 2만1천450원에, 28일에는 SK브로드밴드의 모바일 동영상 서비스 '옥수수'에서 콘텐츠 이용 시 사용할 수 있는 '1만원 금액권'을 17% 이상 할인한 8천250원에 판매한다.    2월1일에는 월정액 독서앱 '밀리의서재' 프리미엄 구독권, 2월3일에는 음악스트리밍서비스 '지니뮤직' 이용권 등을 특별한 혜택으로 차례로 선보인다.모바일로 다양한 콘텐츠를 적극 소비하는 고객들이 늘어남에 따라 11번가는 이번 기획전에서 관련 사업자 간 제휴 시너지를 통해 트렌디한 상품 수급과 폭넓은 상품 라인업 확보에 중점을 뒀다.11번가 단독특가 상품도 선보인다. 24일에는 KFC의 신메뉴 '올웨이즈 오리지널 세트'를 6천900원에, 29일에는 홈메이드 담금주를 만들 수 있는 '살룻 DIY 담금주세트'를 1만7천원부터(무료배송) 판매한다.11번가에 따르면 명절 연휴가 다가올수록 배송 걱정 없는 e쿠폰의 인기가 높아진다. 지난해 설 명절 기간(2018년 2월15~17일) e쿠폰 판매 데이터를 분석한 결과 전주(2월8~10일) 대비 거래액이 51% 증가하고, 그 중 '편의점 이용권' 거래액은 무려 566%나 급증하는 등 명절 특수와 함께 e쿠폰의 인기가 두드려졌다.특히 명절을 혼자 보내거나 집에서 가족들과 간소하게 보내는 이들이 많아지면서 이들을 위한 편의점 이용권, 외식 상품권부터 공연관람권, 전시 이용권, 키즈카페 입장권 등 e쿠폰 50여종도 할인해 판매한다. 메가박스 1인패키지, 예술의전당 '에바 알머슨전' 입장권부터 아이들이 좋아하는 '코코몽' 키즈카페 입장권, 실내동물원 '주렁주렁' 테마파크 입장권 등을 선보인다.11번가 김주희 사업운영담당은 ""점점 더 간소해지는 명절문화 트렌드에 따라 설 연휴를 휴가시즌처럼 보내는 이들이 늘어나고 있어 최근 추세를 반영한 트렌디한 상품들을 다양하게 마련하고자 했다""며 ""특히 11번가의 독보적인 상품 경쟁력을 바탕으로 이번 기획전에서 첫 선보이는 다양한 컨텐츠 이용권과 같은 색다른 상품에 대한 고객 관심이 뜨거울 것""이라고 말했다.백봉삼 기자(paikshow@zdnet.co.kr) ▶ 지디넷코리아 '홈페이지' / ▶ 지디넷코리아 ‘이슈진단+’  ▶ 네이버 채널에서 ‘지디넷코리아’를 구독해주세요  ]",[],//www.dailysecu.com/?mod=news&act=articleView&idxno=44758,https://n.news.naver.com/mnews/article/092/0002154940?sid=105
2019.01.22.,쿠키뉴스,,"[가전 단신] 대유위니아, 에코백스, 밀레, 유라",,,http://www.kukinews.com/news/article.html?no=624267,http://www.etnews.com
A12면 4단,이데일리,IT/과학,"화웨이, 한국시장에 웨어러블 밴드 첫 출시..11번가 할인판매","[    최근 한 조사에 따르면 초등학생 장래희망으로 '유튜버'가 상위권에 올랐다. 유튜브 크리에이터로 활동하는 초등학생을 일컫는 '초튜버' 콘텐츠도 큰 호응을 얻고 있다. 퇴근 후 유튜버로 활동하며 광고 수익을 올리는 직장인 유튜버도 속속 등장하는 추세다.동영상 크리에이터가 새로운 유망 직종으로 각광받는 가운데 영상 콘텐츠 제작을 돕는 제품도 인기다. 오픈마켓 11번가에 따르면 최근 1년간 촬영용 장비 거래액은 전년 대비 2배가량 늘었다. 11번가가 유튜브 입문자를 위한 크리에이터 아이템을 소개한다.    캐논 파워샷 SX70 HS    고프로 히어로7    칼론 KMC-1500◇유튜버 입문자를 위한 필수 방송 장비동영상 콘텐츠 기본은 깔끔하고 선명한 영상과 음성이다.'캐논 파워샷 SX70 HS(51만2330원)'는 가벼운 무게로 휴대성이 좋다. 브이로거나 유튜버 등 1인 크리에이터에게 사랑받는 제품이다. 약 2030만 화소로 언제 어디서나 선명한 화질로 촬영할 수 있다. 흔들림과 손 떨림을 효과적으로 보정한다.한층 활동적으로 움직이며 촬영을 하고 싶다면 '고프로 히어로7(46만8000원)'을 추천한다. 움직임을 미리 예측하고 카메라 흔들림을 보정해 매끄러운 영상을 완성시킨다. 보이스 컨트롤 기능을 사용하면 음성 명령으로 사진 기능을 선택할 수 있다. 10m 깊이 방수를 지원하기 때문에 수중 촬영도 문제없다.'칼론 KMC-1500(7400원)'은 고영역대부터 중저음까지 안정적으로 소리를 송출하는 마이크다. 마이크 관절을 자유롭게 조절할 수 있고, 마이크 전용 필터를 사용해 깔끔한 음성을 전달한다.    오토케링 FS-480II 2m 스탠드 세트    비상 수직 360 촬영 거치대    스마트그립 SK-PSC1◇영상미를 더하는 촬영 보조 장치촬영 보조 장치를 구비하면 영상에 전문성을 더할 수 있다.'오토케링 FS-480II 2m 스탠드 세트(22만원)'는 광량을 자유롭게 조절할 수 있는 조명이다. 메이크업이나 제품 클로즈업 촬영 시 유용하다. 최다 4개 조명을 켠 것 같은 효과를 줄 수 있다.'비상 수직 360 촬영 거치대(1만9900원)'가 있다면 카메라 없이 스마트폰으로도 간편하게 촬영할 수 있다. 스마트폰을 거치한 후 거치대 길이나 높이를 조절하면 셀프 촬영부터 요리 방송, 정물 사진 등 다양한 구도로 촬영할 수 있다.'스마트그립 SK-PSC1(3만7000원)'은 유·무선 마이크나 조명을 연결하면 스마트폰을 전문 촬영장비로 변신시켜준다. 기기 상단 부분인 콜드슈 마운트 부분에 마이크를 연결하면 고품질 오디오를 녹음할 수 있다. 전면 나사홈에 액션캠을 장착하면 스마트폰을 디스플레이로 활용해 더욱 박진감 넘치는 영상을 촬영할 수 있다.    원터치 크로마키 모슬린 양면 배경 TM-1521BG    3DIO-Free Space 바이노럴 마이크    글라이드 기어 삼각대 텔레 프롬프터◇톡톡 튀는 콘텐츠 제작을 위한 아이템유튜버 채널 수가 증가하며 콘텐츠 자체 경쟁력이 중요해지고 있다. 콘텐츠 형태에 따라 맞춤화된 아이템으로 차별화된 영상을 제작하자.'원터치 크로마키 모슬린 양면 배경 TM-1521BG(7만9000원)'은 1인 유튜버가 촬영하기에 가장 최적화된 크기 배경천이다. 전용케이스에 넣어 휴대할 수 있다. 블루와 그린 양면으로 제작돼 제품은 물론 컴퓨터 그래픽(CG)까지 다양한 영상을 제작할 수 있다.뇌를 자극해 심리적 안정을 유도하는 ASMR 영상을 찍고 싶다면 '3DIO - Free Space 바이노럴 마이크(74만9000원)'를 추천한다. 작은 소리에도 민감하게 반응한다. 소음이 적어 실제로 옆에서 말하는 것과 같은 자연스러운 소리 전달이 가능하다.제품 소개나 책, 영화 리뷰 등 말을 많이 해야 하는 콘텐츠 제작에는 프롬프터가 유용하다. '글라이드 기어 삼각대 텔레 프롬프터(38만6790원)'는 카메라를 설치한 후 대사가 적힌 태블릿PC를 반사판 아래 거치하면 카메라에 시선을 고정한 채 대사를 읽을 수 있다.윤희석 유통 전문기자 pioneer@etnews.com▶ 내 USB가 산업제어시스템 보안을 흔들고 있다?▶ 네이버 모바일에서 [전자신문] 채널 구독하기▶ 전자신문 바로가기 [Copyright ⓒ 전자신문 &amp; 전자신문인터넷, 무단전재 및 재배포 금지] ]",['SX70보단 M50에 11-22 물리면 브이로그 찍는데 괜찮다 액티비티 유튜버 아니면 액션캠은 비추고 마이크는 보야나 로데껄로 추천'],http://www.edaily.co.kr/news/newspath.asp?newsid=02837206622357720,https://n.news.naver.com/mnews/article/030/0002778308?sid=105
2019.01.30.,서울경제,,"깨끗한 나라, 보솜이 디즈니 기저귀 상품평 이벤트",,,http://www.sedaily.com/NewsView/1VE7O6BKMQ,http://news1.kr/
2019.01.31.,뉴스1,생활/문화,"11번가, 플라스틱 빨대 안쓰기 캠페인","[     11번가 로드샵 © News1(서울=뉴스1) 신건웅 기자 = 11번가는 지난해 선보인 모바일 '로드#(샵)' 서비스의 입점 상점 수와 거래액이 론칭 1년 만에 2배가량 늘어났다고 17일 밝혔다. 로드샵은 전국 유행하는 옷가게 패션을 모바일에서 한눈에 볼 수 있는 서비스다. 오프라인 주요 상권인 Δ가로수길/강남 Δ홍대/한남 Δ경기/분당 Δ부산/울산 Δ대구/기타지역 등의 옷가게 상품을 오프라인과 동일하게 둘러보고 살 수 있다. 오프라인 매장을 운영하는 패션·잡화 판매자라면 누구나 입점할 수 있다. 11번가는 젊은 감각을 지닌 우수 판매자들이 시·공간 제약 없이 더 많은 고객들에게 상품을 알리고 손쉽게 판매할 수 있도록 각자 취향대로 매장을 열고 홍보할 수 있는 미니몰인 '스토어' 기능을 제공한다. 또 로드샵 판매자 전용 블로그를 통해 테마별 기획전 상시 제안하고, 상품등록부터 반품·환불 현황 등을 모바일로 확인할 수 있는 셀러 오피스 시스템을 구축해 모바일 친화적인 사용 환경을 마련했다. 이 결과 오픈 당시 400여개였던 상점 수는 1년 만에 2배 늘어난 800여개가 됐고, 취급 상품 수도 전체 9만여개에 달했다. 전체 거래액은 지난해 1월 대비 12월 기준으로 2배 가까이 상승했다. 판매자 증가에 더해 각 지역별 유명 판매자까지 입점하는 등 양적·질적 성장 모두 거뒀다는 평이다.특히 패션거리를 중심으로 대형 로드샵이 많은 '부산권' 지역의 상점들이 가장 인기가 높았다. 주 고객은 '30대 여성'(46.1%)이 1위이며 '40대 여성'(19.9%)과 '20대 여성'(17.7%)이 뒤를 이었다. 이현주 11번가 트렌드 팀장은 ""로드샵 서비스는 남성 패션상점 등 다양한 영역에서의 판매자 영입을 확대해 갈 계획""이라며 ""소규모 로드샵 판매자들도 11번가에서 자리매김할 수 있도록 성장기회를 고루 제공하는 것이 목표""라고 말했다.keon@news1.kr▶ [ 크립토허브 ]  [ 터닝포인트 2019 ] ▶ 에어팟&amp;스타벅스 커피 경품(~1/25)[© 뉴스1코리아(news1.kr), 무단 전재 및 재배포 금지] ]",[],http://news1.kr/articles/?3518999,https://n.news.naver.com/mnews/article/421/0003790363?sid=103
2019-01-23 10:41:35,IT조선,,"위메프·11번가·인터파크, 유료 멤버십제 '저울질'…""충성고객 잡아라""",,,http://it.chosun.com/site/data/html_dir/2019/01/21/2019012100404.html,http://www.shinailbo.co.kr/
2019-01-23 08:29:48,부산일보,,"필립스, '2019 새해맞이 11번가 단독 기획전' 개최",,,http://www.busan.com/view/busan/view.php?code=2019011518553201677,http://www.edaily.co.kr/
2019-01-24 10:50:18,디지털타임스,IT/과학,"데싱디바, 2018 올리브영, 11번가 십일절 우수셀러로2관왕 등극","[ - 오픈마켓과 배달앱 위축시킬 가능성..11번가, 배달의민족, 네이버스토어 영향- 중소 오픈마켓은 플랫폼 관리 비용 과다로 더 어려워져- 스타트업 진입 사실상 불가, 중소상공인도 피해- 비판 잇따르자 국회, 전문가 협의회 만들어 재논의하기로[이데일리 김현아 기자]국내 커머스 시장이 강자들 중심으로 재편되는 과점체제로 고착화될 수 있다는 우려가 커지고 있다.지난해 말 공정거래위원회가 전재수 의원(더불어민주당)과 함께 만들어 입법예고한 ‘전자상거래 등에서의 소비자보호에 관한 법률 전부개정법률안’때문이다.법안에서는 오픈마켓이나 온·오프라인 연결(O2O)서비스(통신판매중개업자)에도 물건을 사서 파는 온라인쇼핑몰(통신판매업자)과 같은 수준의 소비자 보호책임을 부과했다. 소비자 보호를 강화한다는 좋은 취지이지만, 소규모 중개 플랫폼 업체는 관리 비용 증가로 도산할 수 있고 스타트업의 신규 진입은 어려워질 전망이다.대형 온라인 쇼핑몰에 비해 저렴한 중개 수수료를 내면 상품을 등록·판매할 수 있는 오픈마켓이나 배달앱 시장을 위축시켜, 중소상공인의 피해도 불가피하다는 지적이다.각계의 비판이 잇따르자, 전재수 의원실은 지난 23일 국회 공청회 이후 2월 중 각계 전문가들로 구성된 협의체의 운영을 통해 법안을 재검토하기로 했다.    국내 대표적인 오픈마켓들◇오픈마켓과 배달앱 죽이는 법..11번가, 배달의민족, 네이버스토어 영향IT기술을 활용해 커머스를 제공하는 곳은 크게 SSG닷컴·롯데닷컴 같은 대형 백화점들이 하는 온라인쇼핑몰과 11번가·배달의민족·네이버스토어 같은 오픈마켓, O2O같은 중개서비스 모델, 쿠팡·티몬 등의 소셜 커머스 등이 있다. 온라인쇼핑몰은 직접 물건을 매입하고 물류를 갖춰 서비스하는데 반해, 대부분의 오픈마켓이나 배달앱은 판매자와 고객을 중간에서 연결하는 중개 역할만 한다.그런데 법안에선 통신판매중개업자인 오픈마켓과 배달앱에도 거래 당사자인 통신판매업자(인터넷쇼핑몰)에 준하는 법적 지위를 부여했다. 극단적으로 배달의민족을 통해 족발을 시켜 먹은 후 배탈이 나면 판매자(족발집)뿐 아니라 배달의민족도 소비자 피해 보상 책임을 지는 것이다.업계 관계자는 “거래 당사자가 아닌 통신판매중개업자에게 통신판매업자에 준하는 법적지위를 부여한 것은 헌법상 평등의 원칙이나 과잉금지 원칙을 위배했을 뿐 아니라, 오픈마켓이나 배달앱의 입점 기준을 까다롭게 만들어 중소상공인보다는 대기업을 선호하게 돼 국내 전자상거래 시장을 왜곡시킬 것”이라고 우려했다.또 다른 관계자는 “오픈마켓의 장점이 사라지기 때문에 쇼핑몰로 전환하는 일까지 고려하고 있다”며 “더 큰 문제는 법안의 영향을 전혀 안 받는 대형 유통업체 쇼핑몰이나 그나마 견딜 수 있는 G마켓·11번가나 네이버스토어 외에 신생 스타트업들은 커머스 시장에 진입하기 어려워진다는 것”이라고 말했다.    국내 대표적인 배달앱들◇국회 입법예고에 반대만 161건…소비자 단체들도 “재논의 하자”이 법에는 한국인터넷기업협회, 한국온라인쇼핑협회, 코리아스타트업포럼 등만 반대하는 게 아니다. 국회 홈페이지 입법예고 기간(2018년 11월 14~18일) 동안 제시된 총 161건의 의견은 모두 반대였다. ‘제품 하자시 청약철회 기간을 공급받은 날부터 3개월 이내로 하는 것은 너무 길다’, ‘전자상거래소비자단체 등을 세금으로 지원할 필요가 있는지 의문’이라는 의견이 있었다.소비자단체들도 재논의가 필요하다는 입장이다. 한국소비자연맹 정지연 사무총장은 국회 토론회에서 “전부개정 과정에서 소비자 등 이해관계자 의견수렴이 충분히 이뤄지지 않았다”고 지적했고, 한국소비자원 정신동 박사는 “플랫폼 책임 강화를 골자로 한 것은 긍정적”이라면서도 “거래 유형과 사업자 유형에 대한 구분, 사업자와 소비자 간 책임 범위 규율 등은 법리적 측면의 재검토가 필요하다”고 밝혔다.인천대 법학과 문상일 교수는 “법적으로 판매행위와 중개행위는 명확히 구분되는데 이를 간과하고 전면 폐지하는 것은 적절치 않다”며 “통신판매중개업자에 대한 책임 강화가 소비자 선택권 감소로 이어질 수 있다”고 우려했다. 김현아 (chaos@edaily.co.kr)＜ⓒ종합 경제정보 미디어 이데일리 - 무단전재 &amp; 재배포 금지＞ ]","['수수료는 받아먹고 사고나면 나몰라라 하는게 맞는거냐 법안이 이제야 제대로 되는거지', '', '문제앙 ㅈㅈ치고갑니다..', '', '한떄 문빠였던 내가 봐도 문재인은 시대의 흐름을 역행하는 완전 문선대원군이다ㄷㄷ 이런 인간을 내 손으로 뽑았다는게 정말 슬프구나.. 다시는 좌파 정치인 안 뽑아ㅠㅠ', '와 깬다.. 진짜 문재앙... 탁상행정', '', '부동산 중개업을 하면 이제 건물의 하자도 책임 져야 겠군', '', '경제는 그래도 능글능글 한나라당이 잘하는거같다', '마치 광고회사가 제품 검수까지 할 기세 ㅋㅋㅋ 생각이 있나?', '완전 돌아이 집단이구만 ㅋㅋㅋ 게임 문제있다고 피씨방 욕하는꼴 ㅋㅋㅋ', '', '', '틀딱들 수준 ㅋㅋ 전화 상담 할때 중계업자라 책임 없다고 하면서 본사로 전화 돌리면 가장 발광하는게 틀딱인데, 그 책임을 만드는 법은 싫다고 하네 ㅋㅋ', '방향이 알게모르고 개선 되는것 같지만 사실 더 불편해지고 비용이 오른다는걸 모르는걸까?  그냥 우리나라는 배아파법 밖에 안남을듯', '웃긴다 ㅋㅋ 이건 해야지ㅋㅋ 수수료 글케받으면서 판매자관리안하고 ㅋㅋ 소비자 민원에도 지들 책임아니라고 뒷짐지는데 ㅋㅋ 니들도 살고싶으면 판매자 검증 및 관리 확실히좀해라 ㅋㅋ 규제때문이아니라 그게 상도다 ㅋㅋ', '와 이게 뭘뜻하는지 모르고\n그저 공감하고 환영하는 사람들 많구나\n결과적으로는 소비자만 손해인데\n이러니 개돼지소리듣지', '로비 받은게 있을테니 당분간은 밀어줘야겠지.  글로벌시대에 경쟁할 수 있는 힘을 법적제도라는 이름 아래에 몇년이나 뒤처지게 할려고 하네.', '', '서민킬러 문재앙 ㅋㅋ', '문재앙식 사고발상력에 탄복합니다.\n\n서민을 서민답게~', '생각좀 하고 현실적으로 접근해라', '창업자들 죽이는 정부. 규제에 규제에 경제가 돌아가겄냐 도대체', '기레기야 소비자권익이 우선적으로 보장되어야 하는게 당연한게 아니냐? 그런 토양에서 공정하게 경쟁하는게 맞지? 무슨 헛소리 하냐? 특정 기업 기획 굉고 기사도 아니고?', '', '약간의 문제는 있지만 중계업도 어느정도 책임을 줘야지 쓰레기업체들 걸러낼수있음 오픈마켓보면 짝퉁파는애들 아직도팔고있음 ㅋㅋㅋㅋㅋㅋㅋ배달업쪽은 위생문제 되는업체는 확실히 걸러야지 ㅋㅋㅋ', '', '기업을 죽이는 재앙이 닥', '배달앱 망해라 ㅋㅋㅋㅋㅅㅂ 소비자,이용사장들 수수료나 ㅈㄴ 뜯어가고 지들만 배불리는 구조', '결국 또 대기업 위주로~', '', '주문 대행업체가 당연히 책임을 일부가져야 한다 그럼 이익은 어마하게 누리는데 책임은 없다. 이건 완성차업체인 현대차도 책임이 없다 라는 논리다 현대는 조립해 완성제품을 파는 완성차업체다 그럼 조립해서 파는 업체이니까 부품회사 마다 책임을 물어야 한다는 소리랑 같다', '', '씔데없이소상공인들에게가야할돈이이런데로새어나가니깐치킨값이2만원되고정작 음식을생산하느사람과소비하는사람들만손해보는구조인이런불필요한앱들은사라지는게맞는거같다.', '전재수..  휴..', '', '문과충들 규제 못해서 안달남 막상 지들은 인류발전에 하나 도움이 안되는건 모르나봄', '', '자기 권리를 찾자는 목소리 없고 그냥 업체 살려야 한다는 소리만 하는 웃긴 인간들이 넘 처 나는구나', '', '책임 안질거면 진즉에 수수료 덜 쳐먹지. 중간 연결만하면서 무슨 광고비에 수수료에 베딜비에 등골 짜내더니 잘됐다', '배달앱 등 이런 책임은 없고 수수료만 받아 먹는 업체는 페미들의 뷔페니즘하고 다를게 머냐? 얄팍한 책임에 이익만을 원하는 노조와 다를게 없지않나? 이런 수수료만 먹는 무책임한 업체들을 스타트업이니 IT 기업이니 이딴걸로 포장하지마라 역겨우니까. 저렴한 수수료? 입점하는 업체들 경쟁시켜서 돈마니 내는 업체 순으로 리스트 업 하는데? 이건 법이 제대로 가는게 맞다', '별 그지같은 법 만들려고 발악을 하네', '문재앙 뽑은놈들 책임져라 도망가지말고 아가리털지말고 참고로 난 안뽑았다 ^_^ㅗ', '역시 개.또.라.이 이데일리 기래기 맞네. 물건팔은 수수료 쳐묵고 모르쇠하는게 정상인가? 당연이 배달앱이나 온라인몰도 책임을 지는게 당연하지. 뭔 구신 신나락 까먹는 헛소히고', '원래 국회의원들이 모르고, 알 생각도 안해서 자기들한테 이득가는거 없으면 입법 이런거 없음. 뜬다 싶으면 각종 명목으로 세금받아야 한다고 언론 물타기 후 바로 입법해서 세금만 뜯어가고. 그 세금으로 연말에 선진국 및 해외 문화 탐당 이렇게 서류 만들어서 해외여행 가고, 그 돈이 또 남으면 지방의회 의원들이 또 갔다 오는거고. 물론 지방의원들도 벌써 예산에 올해 해외여행 갈 돈을 빼놨을듯.', '옥션,지마켓,11번가는 뭐가 수수료가 저렴한지? 이것저것 빼면 종합몰과 거의비슷한 수준에 문제생기면 플랫폼만 제공한다며 모른다로 일관\n수수료 비교분석내용으로 파악하시기바람', '숙박예약어플들도 폭리가심함', '기자는 그러니까 소규모회사는 소비자 보호 안해줘도 된다는 주장을 하고 있는거지?', '', '배달앱 없애는거 좋은뎅ㅋㅋㅋ배달수수료 안 나가서', '야놀*랑 여기어* 광고료 규제좀 해주지...', '', '하여간 민주당새끼들 수준하곤', '문재인은 진짜 국민들 세금 열나게 뜯어가고 불편하게 만드는 규제에만 환장을 했구나....', '', '늙으신분들 다 해먹고 사세요 아주진짜 더러워서참', '역시 전통의 대기업들을 위해 이정부는 일을한다!!  캬~~~대단해!!! 족벌정부', '', '', '', '', '', '도랏', '서버 한대 두고 앱 프로그램 하나 짜서 아무 책임도 없이 마르고 닳도록 피를 빨아대는 앱중계 규제하는게 맞다.', '중간에서 수수료 장사하면서 배달이나 사고관련에는 나몰라라하는걸 바로 잡으려는데 이제 제대로 돌아가는거지', '소비자를 위한 법인데 댓글들은 반응이 안좋네^^;; 솔직히 단지 중개만한다고 난 책임없어~ 이건 좀 아니지않나싶다..', '불량물건 소비자한테 팔아먹고 나몰라하는것들에게 책임지게하는게 당연한거지! 소비자권리를 무시하고 법대로 하라는 판매업자들 을 보고 방관하라는거니?  미칭 이데일리 아닌가?  기자놈아 넌 물건사서 하자 생기면 판매자가 나몰라라해도 감사하게 생각하겠네?  기레기가 미친건가?', '규제 좀 풀라니까. 더 걸고 앉아 있네. 또 ‘소비자 보호’ 라는 거창한 명분을 들고 있으니. 반대하면 또 적폐?라고 몰아 붙칠건가보다.', '', '대체 세금이 얼마나 더 필요하길래 배민까지 건들지 ㅋ 기사에 있는 예시처럼 먹다가 배탈나면 업체랑 배민이 나한테 얼마나 보상해주는지를 좀 알려주면 안되려나; 짜장면 뿔거나 음식 제대로 안익혀서 오는것도 보상을 받을 수 있는건가..? 기준이 뭔지 정확히 좀 알려줬으면...', '중간업자 폭리 제재는 당연한거임..근데 우리나라 쇼핑몰은 왜 알리같이 무료배송 활성화를 못하나 택배배송말고 싼 우편을로 말이다 ..그러니 경쟁력이 떨어지지', '책임은 하나도 안지고 중간에서 수수료만 빨아먹는 것들에 대한 제재는 당연한겁니다.', '저런 저런', '이 도덕주의에 미친 정부 또 씹선비 질이네!! 진짜 나찌식 전체주의 국가 만들셈이냐 이 씹선비 유교탈레반 섹희들아!!!!', '좋은 일 같은데']",http://www.dt.co.kr/contents.html?article_no=2019012402109923813013&ref=naver,https://n.news.naver.com/mnews/article/018/0004300103?sid=105
2019-01-17 11:48:14,서울경제,,"11번가 이벤트, CJ제일제당 유산균 신제품 'BYO 20억 생유산균' 선보여",,,http://www.sedaily.com/NewsView/1VE32M2A35,http://www.sisaon.co.kr/
2019-01-28 05:02:28,문화일보,,‘부평11번가’ 인천 도시재생 ‘1호’로,,,http://www.munhwa.com/news/view.html?no=2019011701071527318001,http://www.straightnews.co.kr
2019.01.21.,아주경제,,"11번가, CJ제일제당 유산균 신제품 'BYO 20억 생유산균' 이벤트",,,http://www.ajunews.com/view/20190118103304552,http://www.edaily.co.kr/
2019.01.14.,IT조선,IT/과학,"[오늘의 쇼핑가] 11번가 데이, T멤버십 11% 할인…인터파크·G마켓·위메프","[ 착한텔레콤, 11번가 통해 최대 18% 할인가에""가성비 갖추는데 주력""..AI 비서 호출 기능도[이데일리 이재운 기자] 팬택의 ‘스카이’(SKY) 브랜드가 우선 무선 이어폰으로 돌아온다.21일 팬택 브랜드를 인수해 운영하는 착한텔레콤은 오픈마켓 11번가에서 완전무선 이어폰 ‘스카이 핏 프로’(SKY Fit pro) 사전예약판매를 진행한다고 밝혔다.이 제품은 블루투스 5.0 기반에 8mm 다이내믹 드라이버를 채택해 스튜디오 원본 음질을 제공하는 하이파이 오디오를 지원한다. 이어폰 양쪽에 노이즈(잡음) 제거 기능을 갖춘 듀얼마이크를 장착해 전화 통화도 깔끔하게 할 수 있다는 점도 강조했다.이어폰 무게는 4.9g으로 줄이면서 동시에 6시간 연속 재생이 가능한 배터리 성능을 제공하고, 충전 크래들 이용시 최대 이용시간은 24시간으로 늘어난다.다른 무선이어폰과의 가장 큰 차이점은 ‘멀티 버튼’이다. 기존 무선이어폰은 버튼 하나로 전화 연결이나 음악 재생만을 조작할 수 있지만, 스카이 핏 프로는 버튼 3개를 통해 볼륨 조절과 다음곡·이전곡 전환이 가능하다. 스마트폰의 음성인식 서비스인 애플의 시리(Siri), 구글의 어시스턴트(Assistant)를 호출할 수도 있다.공식 판매 가격은 5만9900원이다. 11번가 사전 예약을 통해 싱글팩은 10% 할인한 5만3900원, 커플팩은 18% 할인한 9만9000원에 판매한다. 공식 판매는 28일부터이며, 이때부터는 11번가는 물론 주요 온라인 쇼핑몰과 스카이 브랜드 사이트, 전국 스카이서비스센터에서도 구매할 수 있다.착한텔레콤 관계자는 “기존 20만원 안팎의 대기업 제품과는 가격 차별화를, 2~3만원대의 중국 브랜드와는 성능 차별화를 추구했다”고 설명했다.박종일 착한텔레콤 대표는 “선이 없는 무선이어폰 시장은 전년 대비 2배 이상으로 급성장 하고 있으며 삼성전자와 애플을 비롯해 샤오미, 모토로라와 같은 스마트폰 제조사들도 경쟁적으로 뛰어들고 있다”며 “스카이의 첫 복귀작인 스카이 핏 프로는 타사 제품에 비해 품질은 높이고 가격은 낮추는 전략으로 더 많은 고객들에게 스카이의 부활을 알리고 싶다”고 말했다.    이재운 (jwlee@edaily.co.kr)네이버에서 이데일리 [구독하기▶], 꿀잼가득 [영상보기▶]빡침해소! 청춘뉘우스~ [스냅타임▶]＜ⓒ종합 경제정보 미디어 이데일리 - 무단전재 &amp; 재배포 금지＞ ]",[''],http://it.chosun.com/site/data/html_dir/2019/01/11/2019011101263.html,https://n.news.naver.com/mnews/article/018/0004295962?sid=105
2019.01.29.,연합뉴스,,"11번가, 워너원 공식 콘서트 굿즈 단독 예약판매",,,http://yna.kr/AKR20190102065400030?did=1195m,http://www.newsis.com
2019.01.11.,지디넷코리아,경제,"11번가, ‘플라스틱 빨대 NO’ 캠페인 시작","[ 가성비 선물세트 3000여개 판매 등    【서울=뉴시스】 【서울=뉴시스】표주연 기자 = 11번가는 가성비 좋은 설 선물세트 3000여 개를 앞세워 오는 30일까지 설 프로모션 ‘완벽한 설날’을 실시한다고 14일 밝혔다.이 행사를 통해 11번가는 총 3번의 중복할인을 받을 수 있는 ‘세배 딜’부터 지역생산자∙브랜드사와 협업한 실속형 선물세트 마련, 고객들이 원하는 상품을 가장 빠르고 편리하게 구매할 수 있도록 돕는 상품 추천∙큐레이션 영역에 집중했다. 하루 3개씩 내놓는 ‘세배 딜’은 설 맞이 10% 할인쿠폰에 상품별 중복 보너스쿠폰(최대 22%)을 더하고 T멤버십 할인(최대 22%)까지 총 3번의 트리플 할인을 받으면 보다 합리적인 설 선물 구매가 가능하다. 14일에는 ‘정관장 홍삼원세트 50㎖ 20포(2세트)’를 최종혜택가 3만6810원에 구매할 수 있고 그 외 11번가 단독 실속구성 ‘LG생활건강 촉촉 그린 가드닝 세트’ 등도 만나볼 수 있다.    특히 이번 설 행사는 지역생산자나 브랜드사와의 협업을 통해 가성비 좋은 상품 수급에 집중했다. pyo000@newsis.com▶ 뉴시스 빅데이터 MSI 주가시세표 바로가기 ▶ 네이버에서 뉴시스 채널 구독하기&lt;저작권자ⓒ 공감언론 뉴시스통신사. 무단전재-재배포 금지.&gt; ]",[],http://www.zdnet.co.kr/ArticleView.asp?artice_id=20190108081522,https://n.news.naver.com/mnews/article/003/0009008913?sid=101
2019.01.22.,지디넷코리아,,"11번가, 3천개 설 선물세트 최대 52%↓",,,http://www.zdnet.co.kr/ArticleView.asp?artice_id=20190114082429,http://www.dailian.co.kr/
2019.01.18.,머니투데이방송,경제,"11번가 ""스테인리스·종이 빨대 쓰세요""","[     써머스플랫폼이 운영하는 가격비교 사이트 '에누리 가격비교'가 11번가와 함께 홈트레이닝 중복할인 프로모션을 진행한다고 29일 밝혔다.에누리 가격비교에 따르면 새해 목표로 운동 및 건강관리를 다짐하는 사람들이 늘어나면서 1월(27일까지 누적매출) 동안 홈트레이닝 상품의 매출이 전년 동기 대비 65%가 증가했다.특히 스쿼트머신과 웨이트기구가 780%이상 큰 폭으로 성장했으며, 런닝·워킹머신 249%, 실내사이클 28%가 증가하며 홈트레이닝 제품들의 매출이 전체적으로 상승했다.에누리는 이러한 수요에 발맞춰 스쿼트머신, 런닝머신, 헬스사이클 등 인기 상품에 최대 5만 원 중복할인이 가능한 4% 쿠폰을 오는 2월 20일까지 선착순 100명에게 제공한다.에누리 가격비교 담당자는 ""미세먼지의 영향과 집에서도 쉽게 따라 할 수 있는 운동 영상이 빠르게 확산되면서 홈트레이닝 제품에 대한 수요가 증가한 것으로 분석된다”며 “앞으로도 에누리 회원들이 좀 더 부담 없는 가격에 상품을 구매할 수 있도록 트렌드에 맞는 다양한 프로모션을 진행할 계획”이라고 말했다.데일리안 최승근 기자 (csk3480@dailian.co.kr)ⓒ (주)데일리안 - 무단전재, 변형, 무단배포 금지   ]",[],http://news.mtn.co.kr/newscenter/news_viewer.mtn?gidx=2019010811073475788,https://n.news.naver.com/mnews/article/119/0002308640?sid=101
18면 TOP,뉴시스,,"착한텔레콤, 무선이어폰 '스카이 핏 프로' 사전예약",,,http://www.newsis.com/view/?id=NISX20190121_0000535794&cID=13001&pID=13000,http://www.newsis.com
2019.01.21.,전자신문,경제,[11번가 테마쇼핑]새해 슬기로운 직장생활을,"[     (사진=11번가 제공)【서울=뉴시스】이예슬 기자 = 11번가는 올해 첫 '11번가 데이'를 진행한다고 11일 밝혔다.매월 11일은 11번가의 날로 주방용품, 인테리어소품, 가공식품, 브랜드 의류 등 총 122개 카테고리의 모든 상품에 T멤버십 11% 할인이 적용된다.T멤버십 고객은 누구나 이날 하루 1회 혜택(최대 5000원 할인)을 받을 수 있다. 주문 결제시 다른 할인혜택과 중복 가능하다. 일부 상품은 최대 22% T멤버십 할인이 가능하다.'핵인싸템'으로 뜨고 있는 '만능 믹서 텀블러'(정가 3만9800원)를 25% 할인된 2만9800원에 판매할 예정이다. 충전식으로 휴대가 가능하며 간편하게 텀블러에 재료를 담고 어디서든 믹서 기능으로 갈아마실 수 있다.매일 다른 브랜드의 할인 상품을 만날 수 있는 '워너비' 행사에서는 해피콜20%, 빈폴 20%, 나이키 10% 할인쿠폰을 제공한다.ashley85@newsis.com▶ 뉴시스 빅데이터 MSI 주가시세표 바로가기 ▶ 네이버에서 뉴시스 채널 구독하기&lt;저작권자ⓒ 공감언론 뉴시스통신사. 무단전재-재배포 금지.&gt; ]",[],http://www.etnews.com/20190117000047,https://n.news.naver.com/mnews/article/003/0009006011?sid=101
2019.01.25.,에너지경제,,"11번가, ‘로드샵’ 서비스 오픈 1년 ""상점 수·거래액 2배 늘었다""",,,http://www.ekn.kr/news/article.html?no=409962,http://www.datanet.co.kr
2019.01.24.,문화저널21,,"11번가, 새해 첫 ‘11번가 데이’ 진행",,,http://www.mhj21.com/118735,https://zdnet.co.kr/
2019-01-21 11:47:00,조선비즈,IT/과학,"11번가 긴급공수 이벤트, CJ제일제당 유산균 신제품 'BYO 20억 생유산균'","[    작년 11월까지 부동의 1위 11번가 제쳐(지디넷코리아=김민선 기자)쿠팡이 지난해 12월 이커머스 업체 중 모바일 앱 순 방문자 수 1위에 올랐다. 그동안 줄곧 1위였던 11번가를 제친 것이다.디지털 광고 전문 기업 인크로스는 18일 국내 이커머스 앱 및 웹사이트 이용 현황, 디바이스별 이용 행태, 트래픽 현황 등을 조사한 내용을 담은 '미디어 데이터 클리핑' 보고서를 발표했다.보고서에 따르면 작년 12월 기준 순방문자 앱 부문 1위는 쿠팡(809만명)으로 조사됐다. 쿠팡은 작년 1월부터 11월까지 1위를 차지해왔던 11번가(758만명)를 제치고 지난달 1위를 차지했다.    인크로스 관계자는 ""순 방문자 수를 기준으로 하면, 작년 1월부터 11월까지는 11번가가 계속 1위였으나, 12월 처음으로 쿠팡이 1위를 기록했다""고 설명했다.웹 부문에서는 지마켓(약 952만 명), 11번가(약 912만 명), 옥션(약 870만 명) 순으로 나타났으며 오픈 마켓이 주를 이뤘다.월 평균 실행 횟수 및 페이지뷰가 가장 많은 앱은 당근마켓(85.2회), 위메프(56.1회), 티몬(37.0회), 지마켓(31.4회) 등으로 나타났다.웹 부문에서는 뽐뿌(144.0회)가 월 평균 실행 횟수 1위로 집계됐다. 이어 예스24(40.7회, 3위), 다나와(29.8회, 5위)처럼 도서, 가전 등 특정 카테고리에 특화된 전문몰이 순위권으로 올라왔다. 2위는 옥션(60.8회), 4위는 지마켓(31.3회)다.이커머스 평균 체류시간의 경우 앱 부문에서는 당근마켓(264.1분), 웹에서는 뽐뿌(75.5분)가 1위를 차지했다.    이와 관련 당근마켓과 뽐뿌는 커뮤니티형 이커머스 플랫폼 특성상 타 플랫폼 대비 제품의 스토리가 전달되고, 소비자들이 이를 흡인력 있게 살펴보는 경향이 있기 때문인 것으로 보인다고 인크로스는 설명했다.작년 4분기 쿠팡(20.2%)과 위메프(15.5%)는 전 분기 대비 높은 트래픽 성장률을 보였다. 쿠팡은 지난해 12월 소프트뱅크로부터 약 2조 2천500억 원을 투자 받은 직후 물류센터 인프라 확충에 착수하면서 트래픽이 유의미하게 증가한 것으로 보인다고 인크로스는 설명했다.김민선 기자(yoyoma@zdnet.co.kr) ▶ 지디넷코리아 '홈페이지' / ▶ 지디넷코리아 ‘이슈진단+’  ▶ 네이버 채널에서 ‘지디넷코리아’를 구독해주세요  ]","['상생의 결과라고 생각합니다. 쿠팡 화이팅!', '', '쿠팡맨 파이팅']",http://biz.chosun.com/site/data/html_dir/2019/01/18/2019011801065.html,https://n.news.naver.com/mnews/article/092/0002154721?sid=105
2019-01-14 09:17:33,서울경제,,블루투스 이어폰으로 돌아온 '스카이',,,http://www.sedaily.com/NewsView/1VE4G7KJYA,http://www.etnews.com
2019-01-29 16:17:14,한국경제,IT/과학,스카이(SKY) 이름표 단 무선이어폰 나왔다…5만 9900원,"[    11번가가 '손익분기점(BEP) 달성'을 올해 경영 목표로 내걸었다. 지난 수년간 집중했던 외형 확대 기조에서 벗어나 내실을 다지는 데 주력한다. SK텔레콤, SK플래닛 등 이른바 정보통신기술(ICT) 패밀리 시너지를 기반으로 미래 먹거리를 찾는데 힘을 쏟을 계획이다.22일 유통업계에 따르면 이상호 11번가 대표는 전 임직원에게 BEP 달성을 한 해 목표로 제시했다. 지난해 9월 SK플래닛에서 독립하기 전까지 확보한 매출·거래액 규모를 유지하는 한편 수익 구조를 개선해 탄탄한 경영 기반을 마련하는데 집중한다.11번가는 지난해 1~3분기 604억원 누적 손실을 기록했다. 분기 평균 200억원 안팎이다. 전년 동기(1068억원) 대비 43% 가량 줄었다. 가격비교 등 부가 서비스 의존도를 줄여 비용을 절감하는 등 수익성을 개선한 덕이다.    이상호 11번가 대표11번가 작년 총 영업손실은 800억~900억원대로 추산된다. 4분기 연중 최대 프로모션 '십일절' 등에 대규모 마케팅 비용을 투입한 것을 감안했다. 2017년 총 영업손실은 1500억원이다. 매출 규모를 유지하면서 손실을 대폭 줄인 것이 고무적이다. 연 거래액은 9조원대, 연 매출은 7000억원 안팎으로 각각 예상된다.11번가는 지난해까지 마케팅에 대규모 비용을 쏟아부었다. 가격 변동에 민감한 e커머스 소비자를 끌어들이고, 시장 점유율을 확보하기 위한 고육지책이다. 그러나 수천억원 적자가 발생하면서 향후 재무 건전성이 흔들릴 수 있다는 우려가 제기됐다.11번가는 올해 BEP 달성을 위해 SK그룹 ICT 관계사 간 시너지를 극대화할 계획이다. 기술 및 사업 경쟁력을 융합해 차별화된 고객 경험을 제공한다. SK텔레콤, SK플래닛, 11번가가 보유한 개인화·추천, 인공지능(AI), 증강현실(AR), 가상현실(VR) 등을 커머스 영역에 적극 활용한다.SK텔레콤 커머스사업부장을 겸직하는 이상호 대표는 최근 미국 라스베이거스에서 열린 'CES 2019'를 방문했다. 주요 e커머스 업체 수장 가운데 유일하게 CES를 참관했다. ICT 및 커머스 관련 최신 시장 상황을 살피고 귀국한 것으로 알려졌다.11번가 관계자는 “새해 커머스 관련 정보와 콘텐츠를 모아 제공하는 '커머스 포털'로 진화를 추진할 계획”이라면서 “AI와 빅데이터 등 최신 ICT를 기반으로 사용 편의를 극대화하는 한편 고객 신뢰를 확보하기 위해 사용자환경(UI)과 사용자경험(UX)을 적극 개선하겠다”고 말했다.    2018년 1~3분기 11번가 매출·영업손실 현황(단위 십억원)자료:SK텔레콤    윤희석 유통 전문기자 pioneer@etnews.com▶ 내 USB가 산업제어시스템 보안을 흔들고 있다?▶ 네이버 모바일에서 [전자신문] 채널 구독하기▶ 전자신문 바로가기 [Copyright ⓒ 전자신문 &amp; 전자신문인터넷, 무단전재 및 재배포 금지] ]",[],http://news.hankyung.com/article/201901213534g,https://n.news.naver.com/mnews/article/030/0002777828?sid=105
2019-01-11 11:28:10,디지털타임스,,"“플라스틱 빨대 대신 이건 어때”…11번가, 대안빨대 캠페인",,,http://www.dt.co.kr/contents.html?article_no=2019010802109932060006&ref=naver,http://www.ajunews.com
2019-01-18 14:07:21,머니S,,"구글, 신규 크롬캐스트 국내 출시… 속도 15%↑",,,http://moneys.mt.co.kr/news/mwView.php?no=2019012209478086538,http://ddaily.co.kr
2019-01-22 17:02:25,스포츠서울,IT/과학,"11번가, 설 선물 사전판매 돌입…'더블할인' 등 혜택 강화","[     [디지털데일리 이형두기자] 이커머스 업계 마케팅 전쟁이 기존 ‘할인쿠폰’에서 최근 ‘유료멤버십’으로 전환되는 모양새다. 25일 유통업계에 따르면 현재 이베이코리아, 쿠팡, 티몬, 위메프가 유료 멤버십 제도를 운영 중이다. 11번가와 인터파크도 도입을 준비하고 있는 것으로 알려졌다. 이베이코리아 ‘스마일클럽’은 이미 지난해 말 회원 100만명을 돌파했다. 쿠팡도 ‘와우클럽’ 출범 3개월 만에 100만명을 넘어섰다.   통상 유료멤버십 제도는 고객이 멤버십 회비를 내고 가입하면 그 이상 혜택을 돌려주는 방식으로 운영된다. 고객을 특정 플랫폼에 잡아두는 ‘락인’ 효과를 내 진성고객을 늘릴 수 있다. 이용자가 해당 서비스에 이미 매몰비용이 발생했기 때문에 사용률이 높아지는 효과를 낸다. 실제로 유료 멤버십 고객은 일반 고객 대비 구매액 및 구매 횟수 면에서 각각 2배 이상 높은 것으로 나타났다.    업체에 따라 연단위, 월단위 등 가입 조건과 상품이 다양하지만 전반적인 부담금은 월 3000원 수준이다. 회원에게 회비 이상의 추가 할인 쿠폰이나 적립금 혜택을 준다. 유료 회원 전용 딜도 운영하고 있거나 도입할 예정이지만, 고객을 끌어올 정도로 핵심 혜택은 아니라는 평가다.    예컨대 이베이코리아 스마일클럽은 연회비 3만원이지만 가입 시 주는 웰컴기프트만 3만7000원 상당이다. 매년 비슷한 수준의 적립금을 주고 10%대 할인쿠폰, 무료배송 쿠폰, 배달음식 할인 쿠폰도 준다. 이베이코리아는 “스마일클럽 회원은 연회비 3만원으로 연평균 28만6520원 혜택을 보고 있다”고 밝히고 있다.    티몬의 ‘슈퍼세이브’도 6개월 기준 2만4000원 회비를 내면 총 3만6000원 적립금을 웰컴기프트로 돌려줘 가입자가 1만2000원 이득이다. 결제금액의 2%는 포인트로 적립해 준다. 10만명 이상 회원을 모았다.  이같은 적립금, 쿠폰 형태의 혜택은 회원 입장에서 이득이지만 회원수가 늘어날수록 지출이 계속 커지는 구조다. 따라서 이커머스 업계 고질적인 문제로 꼽혔던 ‘쿠폰남발’ 출혈 경쟁의 2막이라는 지적도 나온다. 처음에는 고객 유치와 매출 증대 효과를 기대할 수 있어 달콤한 유혹일 수 있겠지만 결국은 독묻은 사과가 될 가능성이 크다는 지적이다. 실제로 최근 이베이코리아는 포인트 적립율을 낮췄고, 티몬은 결국 180일 단위 멤버십을 폐지했다. 한 이커머스 관계자는 “현행 이커머스 업체들이 운영 중인 유료멤버십 모델은 지속가능한 형태는 아니라고 본다”며 “단기적인 회원 유치와 매출 증가 효과는 있었겠지만, 모든 면에서 긍정적인 결과를 받지는 못했을 것, 최근 혜택이 줄어들고 있는 것도 같은 맥락”이라고 말했다. 지난 23일부터 위메프가 도입한 ‘특가클럽’의 월회비가 990원으로 경쟁사 1/3수준에 불과하고, 혜택도 비교적 낮은 수준인 것도 마찬가지다. 특가클럽은 구매액의 2~4%를 적립금으로 돌려준다. 공세가 아니라 고객 이탈 방지에 초점을 두고 있다고 풀이된다.  11번가의 유료멤버십 제도 도입이 비교적 늦어지는 이유도 이와 관련된 고민인 것으로 알려졌다. 11번가 관계자는 “11번가 유료 멤버십은 연내 출시를 목표로 준비 중”이라며 “단순히 11번가 안에서의 커머스 혜택뿐만 아니라, SK텔레콤으로 묶인 관계사들이 함께 제공할 수 있는 혜택을 고려해 조율하고 있다”고 말했다. 빠른 배송 서비스와 영상, 음원, 전자책 구독 서비스를 함께 제공하는 ‘아마존 프라임’ 모델을 고려한다는 의미다.  다만 진짜유통연구소 박성의 소장은 ""검색광고 등 기존 고객 유치 방식 역시 마케팅 비용이 들어갔던 만큼 따져보면 현행 멤버십 제도도 손해만 있는 것은 아니다""고 분석했다. 그는 ""단순 계산으로는 물론 마이너스지만, 매출 상승으로 인한 수수료 수입 등을 고려해 손해가 크지 않도록 설계됐을 것. 회원 1명당 손해는 몇백원 수준일 것으로 추정된다""고 말했다. 박 소장은 “대부분 업체가 유료 멤버십 제도를 도입하면서, 향후 경쟁 심화보다는 오히려 전반적인 할인 혜택이 줄어드는 쪽으로 갈 것”이라며 “쿠팡이 ‘새벽배송’을 혜택에 넣은 것처럼, 얼마나 디테일하고 ‘엣지’있는 혜택을 주느냐 경쟁으로 갈 가능성이 높다”고 내다봤다.    &lt;이형두 기자&gt;dudu@ddaily.co.krIT언론의 새로운 대안[디지털데일리]IT정보의 즐거운 업그레이드[딜라이트닷넷]뉴스채널 설정 - 네이버 메인에서 디지털데일리 뉴스를 볼 수 있어요.이형두(dudu@ddaily.co.kr)&lt;저작권자 © 디지털데일리 무단전재-재배포금지&gt;   ]","['', '스마일클럽 개꿀ㅋㅋ']",http://www.sportsseoul.com/news/read/717608,https://n.news.naver.com/mnews/article/138/0002069590?sid=105
2019-01-25 11:05:16,디지털투데이,,"11번가, '플라스틱 빨대 안쓰기' 캠페인",,,http://www.digitaltoday.co.kr/news/articleView.html?idxno=206136,http://www.dailysecu.com
2019.01.21.,스포츠경향,,"부활한 ‘스카이’, 무선 이어폰으로 먼저 만난다",,,http://sports.khan.co.kr/news/sk_index.html?art_id=201901211416003&sec_id=561101&pt=nv,http://www.kukinews.com
2019.01.14.,파이낸셜뉴스,,11번가 '플라스틱 빨대 안쓰기' 진행,,,http://www.fnnews.com/news/201901081723402301,http://www.edaily.co.kr/
2019.01.28.,아주경제,IT/과학,"11번가, 기해년 환경보호 앞장…플라스틱 빨대 줄이기 운동","[ '밴드3 프로' 12만원대에..심박수 측정 지원태블릿 신제품 '미디어패드 M5 10'도 선보여    화웨이코리아 제공[이데일리 이재운 기자] 중국 IT기기 제조사 화웨이컨슈머비즈니스그룹은 10.8인치 플래그십 태블릿 ‘화웨이 미디어패드 M5 10’와 웨어러블 밴드 ‘화웨이 밴드3 프로’를 11번가에서 출시한다고 14일 밝혔다.미디어패드 M5 10은 새 학기를 맞아 출시한 고해상도 프리미엄 태블릿으로, 학업과 멀티미디어 용도에 주목한 제품이다. 2560×1600 해상도 넓은 화면, 작은 부분도 선명하게 표현하는 클래리뷰(ClariVu) 5.0 디스플레이 등이 특징이다.지능형 알고리즘을 기반으로 최적화된 사진과 동영상 구현, 장시간 사용에 따른 눈의 피로를 줄여주는 시력 보호 모드, 하만카돈 스피커, 고음질(Hi Resolution) 오디오 등도 제공한다. 배터리 용량은 7500mAh로 12시간 연속 풀HD(1080p) 영상 재생이 가능하다.화웨이 밴드3 프로는 화웨이가 한국 시장에 처음 선보이는 웨어러블 제품이다. 0.95인치 HD AMOLED(240×120) 컬러 터치스크린을 탑재했으며, 스트랩에는 안전성 인증을 획득한 실리콘 소재와 자외선 경화(UV curing) 기술을 적용했다. 수심 50m까지 작동하는 방수 기능과 심박수 확인, 수면 패턴 관리 등 헬스케어 기능도 특징이다.미디어패드 M5 10는 스페이스 그레이 색상, 화웨이 밴드 3 프로는 블랙, 블루 2가지 색상으로 출시한다. 출고가는 각각 49만9000원과 12만9000원이며, 11번가 쿠폰 적용 시 각각 2만원, 1만원 할인을 제공한다.이재운 (jwlee@edaily.co.kr)네이버에서 이데일리 [구독하기▶]빡침해소! 청춘뉘우스~ [스냅타임▶]＜ⓒ종합 경제정보 미디어 이데일리 - 무단전재 &amp; 재배포 금지＞ ]","['', '돈줘도 짱개는 안써 꺼져', '꺼져라. 짱개 스파이기업아. 어디서 정보 빼가려고 나대냐?', '화웨이 밴드 찬 사람의 모든 정보는 중국의 빅데이타로 잘 활용될 것이다. 구글, 바이두, 네이버 같은 정보 회사들의 진짜 목적은 메일, 검색등의 편리함을 던져주는 댓가로 우리에 관한 데이터를 모아서 장악하는 거지. 그것들은 결국 독재자와 권력자들의 무기가 되는 것이고. 1984가 빅브라더의 시대가 아니고 1984 이후가 그런갑다.', '안사요~!!! 공짜로 줘도 필요없어요!', '저거 100% 백도어 숨어있다...', '응 안사요 안사', '그 가격이면 미밴드 쓰는게 낫겠다', '', '저거 사면 매국노 인정 !!!', '', 'ㅋㅋㅋㅋㅋㅋㅋㅋ웃긴다....저거 쓰면 내신상 모두 중국으로 빠져나가겠지.....중빠들은 열나써라...나는 안쓸란다....한가팁을 말하면 중국은 우리나라와 다르게 군대가 회사를 운영한다...그래서 화웨이는 기업이 아니라 군대라는 사실을 알기 바란다...그렇게 좋은 중국 열라 빠는 넘들만 써라...신상 탈탈털리게.....좁쌀만한 서버 해킹칩으로 전세계 기업 국가 전산망을 해킹했다는 사실을 알기 바란다...그래서 중국에서 기술굵기를 한다고 호언장담한것이다...한마디로 기술 훔쳐서 싼가격에 만들어 팔겠다는것이다...', '니 신체정보부터 모조리 중공에 헌납하는 기기', '응 개인정보 수집 ㅅㄱ', '응 안사 짱깨들이 내 체중아는거 싫어', '하나 사야쥐~', '', '어서들사라\n중국 공장돌려서\n미세먼지 늘려보자', '패드 저거 중국에선 30만원대인데...\n바다 건너왔다고 20만원 더 받는것 보소 ㅋㅋ', '', '정보유출. 스파이 기기 사는 붕 ㅅ ㅣ ㄴ 들 대부분 문꿀꿀이더라.', '', '패드 20이하, 밴드 5이하!!! 그럼 산다!', '그냥 꽁자로줘도  갔다  버린다  진심이다', '이데일리 얘들은 또 왜이러지? 여기도 공산당원이 경영진인가?', '']",http://www.ajunews.com/view/20190108092633967,https://n.news.naver.com/mnews/article/018/0004291225?sid=105
2019.01.08.,로이슈,,"11번가, 설 프로모션 ‘완벽한 설날’ 실시",,,http://www.lawissue.co.kr/view.php?ud=201901140918313668204ead0791_12,http://www.sedaily.com
2019.01.21.,이뉴스투데이,경제,"11번가, 설 선물 최대 50% 할인 사전판매 행사","[     [서울경제] 깨끗한나라는 디즈니와 함께 만든 기저귀 ‘베이비케어 밴드&amp;팬티’ 출시를 기념해 ‘베이비케어 포토상품평 이벤트’를 진행한다고 28일 밝혔다.이 이벤트는 오는 3월 10일까지다. 보솜이몰이나 11번가·G마켓·옥션·위메프·티몬 등 온라인 쇼핑몰에서 해당 제품을 구매한 뒤 제품 사진과 함께 상품평을 등록하면 자동 응모된다. 상품평 중 베스트 후기를 선정, 디즈니 여행용 캐리어 8종 세트, 디즈니 물티슈 또는 기저귀 등 경품을 증정한다.인스타그램 이벤트도 함께 열린다. 개인 인스타그램에 6개 해시태그를 남기는 방식이다. ‘보솜이’, ‘베이비케어’, ‘아기기저귀’, ‘미키기저귀’, ‘미키마우스기저귀’, ‘디즈니기저귀’ 등 6개 해시태그와 함께 보솜이 베이비케어 밴드&amp;팬티를 사용하는 인증 사진을 게시하면 된다. 추첨을 통해 미아 방지용 스트랩이 달린 미키마우스 배낭을 20명에게 증정한다.깨끗한나라 관계자는 “베이비케어는 ‘미키 마우스 기저귀’라고 불리며 소비자에게 많은 사랑을 받고 있다”면서 “이번 이벤트를 통해 보솜이 소비자들과 더욱 폭넓게 소통하겠다”고 밝혔다. /맹준호기자 next@sedaily.com[서울경제 바로가기]Telegram으로 서울경제 뉴스를 실시간으로 받아보세요 [바로가기▶]프리미엄 미디어 Signal이 투자의 바른 길을 안내합니다 [바로가기▶]저작권자 ⓒ 서울경제, 무단 전재 및 재배포 금지   ]",[],http://www.enewstoday.co.kr/news/articleView.html?idxno=1260660,https://n.news.naver.com/mnews/article/011/0003495070?sid=101
2019.01.15.,IT조선,,"11번가, '2019 인싸템'으로 쇼핑 콘텐츠 강화",,,http://it.chosun.com/site/data/html_dir/2018/12/31/2018123101784.html,http://news1.kr/
2019.01.24.,글로벌경제,경제,"11번가, ‘플라스틱 빨대 안쓰기’ 캠페인","[ 실리콘·스테인리스·종이빨대 무료배송, 총 3천개 판매    © News1(서울=뉴스1) 김민석 기자 = 11번가는 새해 친환경 캠페인 '세이브 디 어스(Save the Earth)'의 일환으로 '플라스틱 빨대 안쓰기'를 진행한다고 8일 밝혔다.11번가 관계자는 ""해양 생물에게 치명적이고 인체에 유해한 미세 플라스틱을 만드는 것으로 알려진 플라스틱 빨대 대체하는 실리콘, 스테인리스, 종이로 만든 '대안 빨대'를 판매한다""고 말했다.제품별 1000개씩 총 3000개를 판매한다. 11번가가 배송비를 지원해 무료로 배송하며 11번가 ID당 1제품씩 구매할 수 있다. 가격은 개당 2500원이다. 쉽게 구부러져 보관이 쉬운 '실리콘 100% 빨대'는 내부가 팔각형으로 제작돼 열고 닫을 수 있는 형태다. 세척 시 열어서 세제로 닦아주면 돼 세척솔이 필요 없다. 끓는 물로 소독도 가능하다.  '스테인리스 빨대'는 가볍고 튼튼해 반영구적으로 사용할 수 있다. 커브형과 일자형 두 가지 형태다. 세척을 위한 세척솔도 따로 판매한다.'종이빨대(100개 세트)'는 흰색과 검은색 2가지 색상으로 검은색 빨대의 경우 콩기름 식용잉크를 사용했다.11번가는 작은 실천으로 환경을 위할 수 있는 '친환경 제품'도 모아 소개한다. 일회용컵 대신 사용하는 텀블러의 경우 스테인리스 소재로 만든 모던한 디자인의 '트래블 텀블러'와 '콕시클 텀블러'를 판매한다. 11번가는 자연소재인 코르크로 만든 '비핏 코르크 TPE 요가매트'와 자연분해가 가능한 산화생분해 원료로 만든 코멕스의 위생백, 지퍼백, 다용도 플라스틱 정리용기와 산화생분해제가 첨가된 '착한리필 휴지통 리필봉투' 등도 준비했다. 김주희 11번가 사업운영담당은 ""우리나라 소비자의 절반 이상이 플라스틱 빨대를 습관적으로 사용하고 있어 11번가 고객들이 플라스틱 소비를 줄일 수 있는 '대안 빨대'를 부담 없이 경험할 수 있도록 했다""고 말했다.ideaed@news1.kr▶ [ 크립토허브 ]  [ 터닝포인트 2019 ] ▶ 에어팟&amp;스타벅스 커피 경품(~1/25)[© 뉴스1코리아(news1.kr), 무단 전재 및 재배포 금지] ]",[],http://www.getnews.co.kr/view.php?ud=20190108093514864141d0c69529_16,https://n.news.naver.com/mnews/article/421/0003774271?sid=101
2019.01.18.,IT조선,,"[오늘의 쇼핑가] 인터파크 ""홈트레이닝 제품 인기↑""…이베이코리아·위메프·...",,,http://it.chosun.com/site/data/html_dir/2019/01/17/2019011701314.html,http://it.chosun.com/
15면 TOP,머니S,,"11번가, '워너원' 공식 콘서트 굿즈 22종 단독 판매",,,http://moneys.mt.co.kr/news/mwView.php?no=2019010210318089841,http://www.busan.com/
2019.01.18.,아시아경제,경제,"11번가, 설 선물 사전판매 이벤트 개최…연휴 여행상품 15% 할인","[     ㈜필립스코리아가 오는 1월 31일까지 온라인 쇼핑몰 11번가를 통해 '2019 새해맞이 11번가 단독 기획전'(사진)을 진행한다고 15일 밝혔다.필립스코리아는 2019년 새해를 맞아 이번 기획전을 마련하고, 자사 대표 무선 청소기 '스피드프로 맥스(FC6813)'와 로봇 청소기 '스마트프로 컴팩트 XL'(FC8766)를 구매하는 소비자 대상 최대 43% 할인 혜택을 제공한다. 이와 함께 2월 10일까지 '100% 당첨 후기 이벤트'를 실시하고 다양한 사은품을 증정한다.'스피드프로 맥스 100% 당첨 후기 이벤트'는 11번가 기획전 페이지 내 '포토상품평 작성하기' 버튼을 클릭한 후, 제품 구매 인증사진과 후기 및 간단한 개인정보를 기입함으로써 참여 가능하다. 참여자 전원에게는 3만 원 상당의 스타벅스 상품권을 제공한다.'스마트프로 컴팩트 XL 100% 당첨 후기 이벤트'도 11번가 기획전 페이지를 통해 참여 가능하다. 해당 제품 구매 후 상품평을 작성한 전원에게 2019 카카오 프렌즈 다이어리를 증정한다. 경품은 2월 25일부터 순차 배송된다.필립스코리아 생활가전 청소기 마케팅 관계자는 ""'삼한사미'라는 신조어가 나올 정도로 추위와 미세먼지가 반복되는 올겨울, 소비자들의 호흡기 건강을 지키기 위해 이번 청소기 기획전을 마련했다""며 ""소비자들이 필립스 청소기로 빠르고 깨끗하게 집안 미세먼지를 청소해 건강한 새해맞이를 하기를 바란다""고 말했다.필립스 스피드프로 맥스는 지난해 6월에 출시된 제품으로, 360도 서라운드 흡입 기술을 탑재해 기존 청소기와 달리, 후진 방향으로 당길 때도 먼지를 흡입해 빠르고 깨끗한 청소가 가능하다. 또 청소기 헤드에 적용된 전방향 지그재그 노즐은 여타 제품에 비해 흡입구를 좁혀, 청소 시 흡입 가속도를 높임으로써 더욱 빠른 청소를 가능하게 해 준다.이번 기획전 및 이벤트에 대한 보다 자세한 내용은 필립스 홈 리빙 페이스북과 11번가 필립스 기획전 페이지에서 확인할 수 있다.황상욱 기자 eyes@busan.com ]",[],http://view.asiae.co.kr/news/view.htm?idxno=2019010708204959394,https://n.news.naver.com/mnews/article/082/0000870996?sid=101
2019-01-14 12:36:05,전자신문,,"11번가, '워너원' 공식 콘서트 굿즈 22종 단독 판매",,,http://www.etnews.com/20190102000012,http://www.dt.co.kr/
2019-01-28 09:59:15,IT조선,경제,"젠하이저, 11번가에서 ‘모멘텀 트루 와이어리스’ 이벤트 진행","[         네일트렌드를 리드하는 브랜드 데싱디바가 2018년 한 해 드럭스토어와오픈 마켓에서 모두 우수한 성적을 냈다. 국내 최대 헬스앤뷰티 스토어올리브영의'2018 올리브영H&amp;B어워즈'와 오픈마켓 최대 행사 11번가의 '2018 십일절어워즈'에서 베스트 아이템으로 선정되었다.1초 젤네일로셀프 네일 트렌드를 이끈데싱디바의 '매직프레스'가 2018 올리브영H&amp;B 어워즈에서 네일/페디 부문 1위와 3위에랭크되었다. 국내 대표 헬스&amp;뷰티 스토어 올리브영의 '올리브영 헬스&amp;뷰티어워즈'는 카테고리 별로 한 해 동안 매출을 기준으로 올리브영에서 소비자들에게 많은 사랑을 받았던 베스트 아이템에게 선정되는 시상이다. 여름 시즌 필수 아이템이라고도 불리는 매직프레스 페디가 부문 1위를 하고, 작은 손톱을 위한 매직프레스 숏사이즈가3위로 선정되었다.또한 2018년은 데싱디바가오픈 마켓에서도 큰 두각을 나타낸 한 해였다. 지난 2018년 11월 1일부터 열흘간 진행된 '십일절'은 국내 오픈 마켓 행사 중 가장 크고, 소비자들의 많은 관심을 받는 행사이다. 십일절 동안 거래액이 카테고리 1위에 랭크되고,행사 기간 동안 소비자와 기업간 적극적인 커뮤니케이션을 진행한 브랜드에게 수상되는 '십일절어워드'에서 데싱디바가 네일 카테고리 1위에 선정되었다.데싱디바 관계자는 ""국내 헬스&amp;뷰티의트렌드를 주도하는 올리브영과, 큰 행사인 십일절 행사에서 이렇게 좋은 성과를 내게 되어 기쁘다""며""2018년 한 해 데싱디바에 대한 소비자들의 사랑을 확인할 수 있었고, 앞으로도 더 건강하고 아름다운 네일을 위해 지속적으로 노력할 것""이라고 전했다. 2018년 한 해 사랑을 받았던 데싱디바의 제품들은 데싱디바 공식 온라인 쇼핑몰과 올리브영, 11번가에서 만나볼 수 있다.imkt@dt.co.kr 디지털타임스 홈페이지 바로가기 / 디지털타임스 뉴스 더보기네이버 채널에서 '디지털타임스'를 구독해주세요. ]",[],http://it.chosun.com/site/data/html_dir/2019/01/10/2019011002318.html,https://n.news.naver.com/mnews/article/029/0002505133?sid=101
2019-01-08 10:19:54,프라임경제,,11번가 '플라스틱 안쓰기 캠페인' 진행…'대안 빨대' 판매,,,http://www.newsprime.co.kr/news/article.html?no=442558,http://www.sedaily.com
2019-01-15 19:17:25,로이슈,경제,"11번가, 올해 첫 ‘11번가 데이(Day)’ 진행","[ 1월 18일 단 하루 동안 11번가에서 구매 시 30% 다운로드 쿠폰 제공    [서울경제] 최근 유산균 시장의 화두로 보장균수가 떠오르고 있다. 보장균수는 1회 분량으로 섭취할 수 있는 유산균 수로, CJ제일제당이 최근 출시한 'BYO 20억 생유산균'은 보장균수 증가에 중점을 둔 제품이다. 유산균 생명력이 강화된 'BYO 20억 생유산균'을 오픈마켓 11번가에서 구매하면 다양한 혜택이 제공된다. 구매자 전원에게 11번가 30% 다운로드 쿠폰을 지급하는 한편 암앤해머 베이킹소다(400g, 5천개 한정)도 증정한다. 또한 신제품 출시를 기념해 'BYO 20억 생유산균' 제품 2개를 구매하면 제품 1개를 추가로 받을 수 있기 때문에 더 알뜰한 쇼핑을 할 수 있다. 이벤트는 1월 18일 단 하루 동안 11번가 긴급공수를 통해 진행된다.'BYO 20억 생유산균'은 CJ제일제당이 자체 개발한 4중 코팅 기술을 적용해 특허받은 장(腸)유산균 CJLP243이 장까지 최대한 살아서 도달하도록 한 것이 특징. 보장균수는 약 20억 마리로 기존 BYO 장유산균 제품(스틱형)에 비해 2배 이상 늘어난 점이 눈에 띈다. 4중 코팅 기술 외에도 다양한 첨단 기술이 적용됐다. 유산균(프로바이오틱스)의 장 내 증식을 돕는 프리바이오틱스(부원료) 성분을 함께 넣는 신바이오틱스(SYN Biotics) 공법에 BYO 유산균만의 배합기술을 적용, 유산균이 장에 잘 정착할 수 있도록 했다. 분말이 굳는 것을 방지하기 위해 유산균 제품에 일반적으로 사용되는 고결방지제 이산화규소를 첨가하지 않는 점도 특징 중 하나. 이를 통해 유산균을 보다 온전히 섭취할 수 있도록 했다. 맛도 놓치지 않았다. CJ제일제당은 제품 출시 전 자체 소비자조사를 통해 소비자가 가장 선호하는 맛을 찾았다. 조사 결과 선호도가 가장 높았던 요거트맛이 적용되었고, 덕분에 남녀노소 누구나 폭넓게 즐길 수 있는 제품으로 인정받고 있다. CJ제일제당은 유산균의 강한 생명력을 강조하는 ‘생(生) 유산균’ 키워드를 앞세워 지난해 기준 5천억 원 이상 규모로 추정되는 국내 유산균 시장 공략을 강화한다는 계획이다. 특히 최근 유산균 소비 트렌드로 떠오르고 있는 ‘보장균수’와 ‘가성비’를 모두 충족할 수 있는 제품으로 기대하고 있다. CJ제일제당 관계자는 'BYO 20억 생유산균' 제품에 대해 “위(胃)에서는 강한 생명력으로, 장(腸)에서는 높은 부착력으로 장 건강에 도움을 줄 수 있다”며, “이번 11번가 긴급공수 이벤트를 통해 소비자들이 다양한 혜택을 누릴 수 있길 기대한다”고 말했다. /김동호 기자 dongho@sedaily.com[서울경제 바로가기]Telegram으로 서울경제 뉴스를 실시간으로 받아보세요 [바로가기▶]프리미엄 미디어 Signal이 투자의 바른 길을 안내합니다 [바로가기▶]저작권자 ⓒ 서울경제, 무단 전재 및 재배포 금지   ]",[],http://www.lawissue.co.kr/view.php?ud=201901110809536911204ead0791_12,https://n.news.naver.com/mnews/article/011/0003488837?sid=101
2019-01-24 17:19:36,아시아경제,,"11번가 ""워너원 콘서트 굿즈 미리 구매하세요""…단독 예약판매 시작",,,http://view.asiae.co.kr/news/view.htm?idxno=2019010208295773233,http://www.munhwa.com/
2019-01-18 10:28:32,전자신문,사회,"11번가, 1월 한 달 '11번가와 함께, 새해엔 다 돼지!' 실시","[     올해부터 3년간 1665억 투입 오수정화조 부지에 ‘혁신센터’ 굴포천 구간을 생태하천으로 부평공원, 사운드파크 탈바꿈 문화·역사 연계한 상권 조성‘부평 11번가’로 통하는 경인전철 부평역 주변에서 인천 제 1호 도시재생 뉴딜사업이 추진된다.17일 인천시와 부평구 등에 따르면 부평구 부평1동 캠프마켓(미군기지) 오수 정화조에서 갈산동 먹거리 타운까지 1.5㎞ 구간 22만6795㎡에 대한 ‘부평 11번가’ 조성사업이 2022년 준공을 목표로 올해 착수된다. 부평 11번가는 유엔지속가능발전 의제가 채택한 11번째 과제인 ‘포용적이고 안전하며 회복력 있는 정주지 조성’을 목표로 한다는 의미에서 이름 붙여졌다. 인천의 중심 시가지형 도시재생사업으로 추진되는 이번 사업에는 360억 원의 정부예산을 포함해 400억 원의 공공기관 투자 등 총 1665억 원의 사업비가 들어간다. 시는 부평 11번가 사업이 단순히 노후 주거환경 개선에 그치지 않고, 주변 문화와 역사 자산을 연계한 상권을 조성, 원도심을 활성화하는 마중물 사업이 될 것으로 기대하고 있다.    부평 11번가는 1960년대 고밀도 개발이 이뤄지면서 인천에서 가장 높은 지가가 형성된 곳이다. 하지만 캠프마켓 이전과 함께 부평역 주변 상권이 급속히 쇠퇴하면서 이곳은 최근 30년간 인구가 가장 많았던 시기와 비교해 20% 이상 인구가 줄었다. 또 사업부지 내 20년 이상 된 노후 건축물만 73.2%에 달하는 것으로 조사됐다.구는 이곳에 일자리 창출과 지역상권 활성화, 지역상권 확산, 보행환경개선 등 4개 분야 핵심개발전략을 수립하고, 혁신센터건립과 보행 인프라 구축, 굴포둥지마을 조성 등 11개 단위 사업을 확정했다. 이 중 오수정화조 부지에 지어지는 혁신센터(연면적 4만7000㎡·조감도)에는 지상에 350가구 규모의 공공임대주택과 60여 곳의 공공임대상가가 들어서고 지하 공간에 276대의 차량을 주차할 수 있는 공영주차장이 만들어진다. 구는 이곳 혁신센터 건립과 함께 현재 주차장으로 쓰이는 굴포천 복개구간(500m)을 뜯어내 생태하천으로 복원할 계획이다. 이렇게 조성된 생태하천을 따라 먹거리 타운이 조성되고 기존의 부평공원은 음악이 흐르는 사운드 파크로 탈바꿈한다. 이들 사업은 모두 지역 주민이 지방자치단체와 협력적 거버넌스를 구축, 계획 수립 단계부터 참여했다.정성균 시 재생역량팀장은 “부평 11번가는 인천시가 추구하는 ‘더불어 잘 사는 균형발전’이란 원도심 도시재생의 대표 모델로 ‘11번가의 기적’이 이곳에서도 실현될 수 있기를 기대한다”고 말했다. 인천에는 부평 11번가 외에도 중구 개항창조도시와 서구 사람의 길 등 13개 도시재생 뉴딜사업이 진행 중이다. 인천=지건태 기자 jus216@munhwa.com[ 문화닷컴 바로가기 | 문화일보가 직접 편집한 뉴스 채널 | 모바일 웹 ][Copyrightⓒmunhwa.com '대한민국 오후를 여는 유일석간 문화일보' 무단 전재 및 재배포 금지(구독신청:02)3701-5555)]   ]",[],http://www.etnews.com/20190101000006,https://n.news.naver.com/mnews/article/021/0002378987?sid=102
2019-01-17 14:50:34,아시아투데이,,"11번가, '2019 인싸템'으로 쇼핑콘텐츠 강화",,,http://www.asiatoday.co.kr/view.php?key=20190101010000172,http://www.ajunews.com
2019.01.11.,지디넷코리아,,"11번가, &apos;인싸템&apos; 할인…LED마스크 4만9천900원",,,http://www.zdnet.co.kr/ArticleView.asp?artice_id=20190101010138,http://it.chosun.com/
2019.01.02.,헤럴드경제,,"11번가, 13일까지 설 선물 사전판매 돌입",,,http://news.heraldcorp.com/view.php?ud=20190107000148,https://www.yna.co.kr/
2019.01.08.,이데일리,경제,"SK텔레콤 “5G투자 합리적으로..매출 목표 18조로 상향""(컨콜종합)","[    (서울=연합뉴스) 이신영 기자 = 11번가는 오는 24일부터 27일까지 나흘간 고척 스카이돔에서 열리는 워너원 공식 콘서트의 굿즈를 단독 예약판매한다고 2일 밝혔다.     공식 콘서트 굿즈는 응원봉과 파우치, 머플러, 와펜, 명찰 등 22종이다.     11번가에서는 이날 오후 2시부터 예약판매를 시작하고 이외에는 콘서트 현장에서만 구매할 수 있다.     워너원 리멤버세트(배지 16개·인화사진·삽지·패키지케이스)는 11번가 온라인에서만 단독으로 판매된다.     상품 배송은 21일부터 일괄 진행되고, 현장 수령을 선택하면 콘서트 당일 현장에서 받을 수도 있다.     워너원 콘서트 공식 굿즈 11번가서 판매[11번가 제공=연합뉴스]    eshiny@yna.co.kr▶연합뉴스 채널 구독하고 스타벅스 커피 드세요▶뭐 하고 놀까? #흥  ▶쇼미더뉴스! 오늘 많이 본 뉴스영상  ]",[],http://www.edaily.co.kr/news/newspath.asp?newsid=05231606622363296,https://n.news.naver.com/mnews/article/001/0010557683?sid=101
2019.01.14.,KPI뉴스,,"필립스, 11번가 단독 기획전…무선&로봇 청소기 최대 43% 할인",,,https://www.kpinews.kr/newsView/1065581202388952,https://zdnet.co.kr/
2019.01.08.,에너지경제,IT/과학,11번가 ‘완벽한 설날’ 프로모션…선물세트 최대 52% 할인,"[    실리콘·스테인리스·종이 빨대 판매(지디넷코리아=백봉삼 기자)11번가(대표 이상호)가 새해 친환경 캠페인 ‘세이브 디 어스’(Save the Earth)를 시작, 첫 행사로 '플라스틱 빨대 안쓰기'를 진행한다.해양 생물에게 치명적이고 인체에 유해한 미세 플라스틱을 만드는 것으로 알려진 플라스틱 빨대를 대체해 쓸 수 있도록 실리콘과 스테인리스, 종이로 만든 '대안 빨대'를 판매한다.가격은 개당 2천500원으로, 제품별 1천개씩 총 3천개 판매하며 11번가 ID당 1제품씩 구매가 가능하다. 더욱 많은 고객들이 대안빨대를 경험할 수 있도록 11번가가 배송비를 지원, 무료 배송 혜택을 제공한다.쉽게 구부러져 보관이 쉬운 '실리콘 100% 빨대'는 내부가 팔각형으로 제작돼 열고 닫을 수 있는 형태다. 세척 시 열어서 세제로 닦아주면 돼 세척솔이 필요 없는 것이 장점이다. 끓는 물에 열탕 소독도 가능하다.    '스테인리스 빨대'는 가볍고 튼튼해 반영구적으로 사용이 가능한 제품으로, 커브형과 일자형 두 가지 형태다. 세척을 위한 세척솔도 따로 판매한다. '종이빨대'(100개 세트)는 흰색과 검은색 두 가지 색상으로 검은색 빨대의 경우 콩기름 식용잉크를 사용했다.11번가는 작은 실천으로 환경을 위할 수 있는 '친환경 제품'도 모아 소개한다. 일회용컵 대신 사용하는 텀블러의 경우 스테인리스 소재로 만든 모던한 디자인의 '트래블 텀블러'와 '콕시클 텀블러'를 판매한다.자연소재인 코르크로 만든 '비핏 코르크 TPE 요가매트'와 자연분해가 가능한 산화생분해 원료로 만든 코멕스의 위생백, 지퍼백, 다용도 플라스틱 정리용기와 산화생분해제가 첨가된 '착한리필 휴지통 리필봉투' 등 이색제품도 준비했다.11번가 김주희 사업운영담당은 ""11번가 고객들이 플라스틱 소비를 줄일 수 있는 '대안 빨대'를 부담 없이 경험할 수 있도록 했다""면서 ""환경과 건강을 생각하는 더 나은 소비를 위한 '친환경 캠페인'을 꾸준히 진행하겠다""고 말했다.백봉삼 기자(paikshow@zdnet.co.kr)  ▶ 네이버 채널에서 ‘지디넷코리아’를 구독해주세요  ]",[],http://www.ekn.kr/news/article.html?no=409209,https://n.news.naver.com/mnews/article/092/0002153966?sid=105
2019.01.21.,CNB뉴스,,"11번가, 사전특가 ‘설 마중’ 기획할인전 진행",,,http://www.cnbnews.com/news/article.html?no=396289,https://zdnet.co.kr/
15면 3단,스포츠동아,IT/과학,카카오페이 등 15개 사업자 ‘제로페이’ 참여,"[    하루 3개씩 ‘세배 딜’로 3번 할인(지디넷코리아=백봉삼 기자)11번가(대표 이상호)가 가성비 좋은 설 선물세트 3천여 개(최대 52% 할인)를 앞세워 14일부터 30일까지 설 이벤트 '완벽한 설날'을 실시한다.총 세 번의 중복할인을 받을 수 있는 '세배 딜'부터 지역생산자, 브랜드사와 협업한 실속형 선물세트를 마련했다. 11번가는 고객들이 원하는 상품을 가장 빠르고 편리하게 구매할 수 있도록 돕는 상품 추천, 큐레이션 영역에 집중했다.하루 3개씩 내놓는 '세배 딜'은 설 맞이 10% 할인쿠폰에 상품별 중복 보너스쿠폰(최대 22%)을 더하고 T멤버십 할인(최대 22%)까지 총 3번의 트리플 할인을 받으면 보다 합리적인 설 선물 구매가 가능하다. 14일에는 '정관장 홍삼원세트 50ml 20포(2세트)'를 최종혜택가 3만6천810원에 구매할 수 있고 그 외 11번가 단독 실속구성 'LG생활건강 촉촉 그린 가드닝 세트' 등도 만나볼 수 있다.    이번 설 행사는 지역생산자나 브랜드사와의 협업을 통해 가성비 좋은 상품 수급에 집중한 것이 특징이다.11번가 임현동 마트 담당은 ""고객들이 매년 명절 때마다 수많은 설 행사와 선물세트 사이에서 어떤 상품을 사야 할지 고민하고 여러 상품의 품질과 가격을 비교하는 과정에서 겪는 선택 스트레스를 줄이기 위해, 품질 좋은 상품 수급에 힘썼다""며 ""큰 고민 없이도 믿고 구매할 수 있도록 지역생산자들의 이름을 내건 신선 선물세트나 제조사와의 협업을 통해 가성비를 앞세운 11번가 단독구성 상품 마련에 집중했다""고 설명했다.▲지역생산자와 협업한 신선 선물세트 대표 상품으로 지리산이 키워낸 명품 '산청 고종시 곶감(1kg)'은 2만9천900원 ▲전남 장성의 문영철 농부가 건강하게 재배해 잎과 줄기와 뿌리를 동시에 먹는 인삼인 '장성 새싹삼(30뿌리)'은 9천800원 ▲제주 탐라왕농장에서 재배한 신선한 '제주 한라봉(4kg)'은 2만4천900원이다. 또 정관장, LG생활건강, CJ, 오설록, 종근당, 샘표, 세노비스 등 고객들이 명절 때마다 많이 찾은 믿을만한 브랜드 상품들도 선보인다.11번가에서만 만날 수 있는 단독기획 선물세트는 꼭 필요한 상품으로만 구성해 가성비를 극대화하거나 젊은 고객들이 선호할만한 트렌디한 패키지로 차별화를 둔 것이 특징이다. 수입과일 대표 브랜드 Dole과 함께 열대과일, 슈퍼푸드 등 단독구성으로 준비한 '19년 설 수입과일 실속선물세트'는 2만1천900원, 오드리헵번 모델 디자인을 입힌 고급스러운 패키지의 '애경 선물세트 모던 C호'는 8천500원이다.최근 트렌드를 반영해 퓨전, 신품종을 테마로 한 이색상품도 마련했다. ▲블랙앵거스 스테이크에 레시피와 시즈닝까지 구성한 '스테이크 세트'는 4만6천900원 ▲한우세트에 굴비까지 혼합 구성한 '한우+굴비 선물세트'는 9만7천900원 ▲한 알 한 알 개별 박스 포장이 돼 있어 주변인들과 나눌 수 있는 뉴질랜드 신품종 사과 '엔비사과 선물세트'는 4만9천900원 ▲목살, 갈빗살, 항정살 등으로 구성된 '이베리코 명절 선물세트 5구'는 4만7천900원이다.11번가는 고객들이 직접 비교검색 하지 않아도 추천, 큐레이션을 통해 선물 대상이나 목적에 맞는 상품을 제안해 고객편의를 극대화한 선물 검색추천서비스도 금주 중 선보일 예정이다.쇼핑 목적에 맞는 다양한 상품 큐레이션도 선보인다. ▲테마별 명절 준비(준비식품, 주방용품, 가전용품, 차례용품, 안전귀향, 가족놀거리)를 위한 '준비용품' ▲해외직구로 건강식품을 주로 구매하는 고객들을 위한 '해외직구' ▲대량구매 고객들에게 OK캐쉬백 적립혜택을 제공하는 '다다익선' 등 여러 고객들의 니즈를 모두 만족시키기 위한 세분화된 상품 큐레이션을 제공한다.백봉삼 기자(paikshow@zdnet.co.kr)  ▶ 네이버 채널에서 ‘지디넷코리아’를 구독해주세요  ]","['이게뉴스냐?', '11번가 아직 살아있냐;']",http://sports.donga.com/3/all/20190121/93795910/1,https://n.news.naver.com/mnews/article/092/0002154336?sid=105
2019.01.17.,데이터넷,,"한국레노버, '반하다 그레잇북' 프로모션 진행",,,http://www.datanet.co.kr/news/articleView.html?idxno=130813,https://news.mtn.co.kr/
2019.01.11.,프라임경제,,11번가 '언더나인틴' 마지막 콘서트 티켓 단독 판매,,,http://www.newsprime.co.kr/news/article.html?no=444507,http://www.newsis.com
2019.01.18.,스마트경제,경제,"11번가, 세계 최초 자율주행 캐리어 50만원 할인","[ 공식 판매가 5만9900원...사전 예약 시 최대 18% 할인 ""스카이 핏 프로, 가성비 강점...품질↑, 가격↓""    【서울=뉴시스】최선윤 기자 = 착한텔레콤은 11번가와 함께 완전무선 이어폰 '스카이 핏 프로 (SKY Fit pro)'의 사전예약을 실시한다고 21일 밝혔다.스카이 핏 프로는 블루투스 5.0 기반에 8㎜ 다이내믹 드라이버를 채택해 하이파이 사운드의 음질을 느낄 수 있다. 이어폰 양쪽에 노이즈(잡음)를 제거한 듀얼마이크를 장착해 깨끗한 통화 품질을 제공한다. 이어폰의 무게를 4.9g으로 경량화했음에도 6시간 연속 재생에 충전크래들 이용시 최대 24시간을 사용할 수 있다.다른 무선이어폰과의 가장 큰 차이점은 '멀티 버튼'이다. 기존 무선이어폰은 버튼 하나로 전화 연결 및 음악 재생만을 컨트롤 할 수 있지만, 스카이 핏 프로는 3개의 버튼을 탑재해 볼륨 조절 및 다음곡·전곡으로 전환이 가능하다. 멀티 버튼을 통해 스마트폰의 음성인식 서비스인 애플의 시리(Siri), 구글의 어시스턴트(Assistant)를 호출할 수 있다.스카이 핏 프로의 공식 판매 가격은 5만9900원이며 11번가의 사전 예약을 통해 최대 18%의 할인이 제공된다. 싱글팩(1개 제품)은 10% 할인된 5만3900원, 커플팩(2개 제품)은 18% 할인된 9만9000원으로 구매가 가능하다. 기존 20만원 안팎의 대기업 제품과는 가격 차별화를, 2~3만원대의 중국 브랜드와는 성능 차별화를 추구했다. 공식 판매는 1월28일이며 사전예약 할인 혜택은 종료된다. 박종일 착한텔레콤 대표는 ""선이 없는 무선이어폰 시장은 전년 대비 2배 이상으로 급성장 하고 있으며 삼성전자와 애플을 비롯해 샤오미, 모토로라와 같은 스마트폰 제조사들도 경쟁적으로 뛰어들고 있다""며 ""스카이의 첫 복귀작인 스카이 핏 프로는 타사 제품에 비해 품질은 높이고 가격은 낮추는 전략으로 더 많은 고객들에게 스카이의 부활을 알리고 싶다""고 말했다.csy625@newsis.com▶ 뉴시스 빅데이터 MSI 주가시세표 바로가기 ▶ 네이버에서 뉴시스 채널 구독하기&lt;저작권자ⓒ 공감언론 뉴시스통신사. 무단전재-재배포 금지.&gt; ]",[],http://www.dailysmart.co.kr/news/articleView.html?idxno=5535,https://n.news.naver.com/mnews/article/003/0009021804?sid=101
2019-01-02 11:20:10,머니투데이,,"카카오페이· KT·11번가 등 대형사업자, 제로페이 참여 신청",,,http://news.mt.co.kr/mtview.php?no=2019012110391429098,http://www.etnews.com
2019-01-08 08:17:18,아이뉴스24,IT/과학,"""설날 혼놀족 모여라""…11번가, '명절 혼자 놀기' 기획전 실시","[    새로운 한 해가 시작됐다. 황금 돼지 해를 맞아 건강 관리와 자기 계발 등 새해 목표를 다짐하는 직장인이 많다. 신년을 맞아 새로운 마음으로 회사생활을 시작하려는 직장인을 위한 다양한 사무 아이템이 눈길을 끈다. 오픈마켓 11번가가 2019년 슬기로운 직장생활에 도움을 주는 아이템을 소개한다.    3M 정보보안필름    로지텍 MX VERTICAL    동글이 모니터 후사경◇'입사 준비물에 주목'...신입사원을 위한 꿀템첫 입사를 앞둔 신입사원 마음은 긴장과 설렘이 교차한다. 모든 것이 새로울 신입사원을 위한 유용한 사무 아이템을 소개한다.'3M 정보보안필름(5만6400원)'은 모니터 화면에 부착하는 아이템이다. 정면에서만 선명한 화면을 볼 수 있다. 블루라이트 차단 기능 덕에 장시간 사용해도 눈이 쉽게 피로해 지지 않는다.마우스 사용에 따른 손목 통증이 우려된다면 '로지텍 MX VERTICAL(11만9000원)'을 추천한다. 57도 수직 각도로 손목 아래 통증을 최소화한다. 특별 설계된 받침대가 엄지 손가락을 지지해 편안하다'동글이 모니터 후사경(1000원)'은 업무 중 뒤에서 일어나는 상황을 바로 확인할 수 있는 제품이다. 5개 색상 중 고를 수 있다. 후면 스티커를 떼어 모니터에 부착하면 된다.    애플 에어팟    애플 워치 시리즈4    몽블랑 머니클립 5525◇'꼰대 탈출!'...시니어 직장인을 위한 아이템90년대생 신입 사원과 세대 차이가 걱정인 시니어 직장인을 위한 아이템을 소개한다. 최신 인기 제품으로 세대 차이를 줄여보자.애플 무선 이어폰 '에어팟(21만9000원)'은 케이스에서 꺼내면 바로 켜지고, 귀에 꽂으면 자동으로 연결된다. 케이스에 15분 넣어두면 3시간 동안 재생할 수 있다.애플 워치 시리즈4(49만9000원)'는 64비트 듀얼코어 프로세서를 탑재, 기존 버전보다 향상된 성능을 구현했다. 심전도 측정, 걸음 수 등 건강까지 측정할 수 있다.'몽블랑 머니클립 5525(12만8000원)'은 클립에 현금을 끼어 깔끔하게 정리할 수 있다. 이름이나 메시지를 지갑에 각인해 세련된 디자인을 연출할 수 있다.    바디프랜드 팬텀 브레인 안마의자    필립스 이지 카푸치노 에스프레소 커피머신 HD865205    보니타빈백 대형파우치 p202◇'직원을 위해서라면'...복지를 위한 힐링 아이템최근 기업들은 사무 공간에 휴식 공간을 마련하거나 커피 머신을 비치하는 등 직원 복지를 위한 다양한 노력을 기울인다.'바디프랜드 팬텀 브레인 안마의자(421만원)'는 업무에 지친 직원에게 편안한 휴식공간을 제공한다. 수면, 스트레칭, 브레인 집중력 등 15개 자동 안마 모드를 선택할 수 있다. 등과 엉덩이 부분 온열 기능으로 한층 포근한 안마 기능을 느낄 수 있다.필립스 이지 카푸치노 에스프레소 커피머신 HD8652/05(41만9000원)'는 최상의 커피를 만들어준다. 세라믹 그라인더로 곱고 균일하게 원두를 분쇄한다. 간편하게 분리해 세척할 수 있다.'보니타빈백 대형파우치 p202(9만6370원)'는 편안한 자세로 쉴 수 있도록 고안된 빈백이다. 방수 기능이 있는 시트를 탈부착해 세척할 수 있다.윤희석 유통 전문기자 pioneer@etnews.com▶ 내 USB가 산업제어시스템 보안을 흔들고 있다?▶ 네이버 모바일에서 [전자신문] 채널 구독하기▶ 전자신문 바로가기 [Copyright ⓒ 전자신문 &amp; 전자신문인터넷, 무단전재 및 재배포 금지] ]",[''],http://www.inews24.com/view/1153134,https://n.news.naver.com/mnews/article/030/0002776501?sid=105
2019-01-14 08:25:42,IT조선,,"[오늘의 쇼핑가] 11번가 ""'언더나인틴' 콘서트 티켓 단독 판매…인터파크·이...",,,http://it.chosun.com/site/data/html_dir/2019/01/24/2019012401236.html,http://www.ekn.kr
2019-01-21 11:12:22,스마트경제,,미세먼지 공습 '비상'에 온라인 쇼핑 급증세,,,http://www.dailysmart.co.kr/news/articleView.html?idxno=5579,http://www.mhj21.com
2019-01-17 11:00:44,미디어펜,,"SKT ""5G시대도 동반성장""...New ICT 콜라보데이 개최",,,http://www.mediapen.com/news/view/411039,http://biz.chosun.com/
2019-01-18 10:31:59,농수축산신문,,[기획] 2019년 유통업태별 구매전략은 3. 온라인,"[    최근 유산균 시장의 화두로 보장균수가 떠오르고 있다. 보장균수는 1회 분량으로 섭취할 수 있는 유산균 수로, CJ제일제당이 최근 출시한 ‘BYO 20억 생유산균’은 보장균수 증가에 중점을 둔 제품이다.    사진:CJ바이오 유산균유산균 생명력이 강화된 ‘BYO 20억 생유산균’을 오픈마켓 11번가에서 구매하면 다양한 혜택이 제공된다. 구매자 전원에게 11번가 30% 다운로드 쿠폰을 지급하는 한편 암앤해머 베이킹소다(400g, 5천개 한정)도 증정한다. 또한 신제품 출시를 기념해 ‘BYO 20억 생유산균’ 제품 2개를 구매하면 제품 1개를 추가로 받을 수 있기 때문에 더 알뜰한 쇼핑을 할 수 있다. 이벤트는 1월 18일 단 하루 동안 11번가 긴급공수를 통해 진행된다.‘BYO 20억 생유산균’은 CJ제일제당이 자체 개발한 4중 코팅 기술을 적용해 특허받은 장(腸)유산균 CJLP243이 장까지 최대한 살아서 도달하도록 한 것이 특징. 보장균수는 약 20억 마리로 기존 BYO 장유산균 제품(스틱형)에 비해 2배 이상 늘어난 점이 눈에 띈다.4중 코팅 기술 외에도 다양한 첨단 기술이 적용됐다. 유산균(프로바이오틱스)의 장 내 증식을 돕는 프리바이오틱스(부원료) 성분을 함께 넣는 신바이오틱스(SYN Biotics) 공법에 BYO 유산균만의 배합기술을 적용, 유산균이 장에 잘 정착할 수 있도록 했다. 분말이 굳는 것을 방지하기 위해 유산균 제품에 일반적으로 사용되는 고결방지제 이산화규소를 첨가하지 않는 점도 특징 중 하나. 이를 통해 유산균을 보다 온전히 섭취할 수 있도록 했다.맛도 놓치지 않았다. CJ제일제당은 제품 출시 전 자체 소비자조사를 통해 소비자가 가장 선호하는 맛을 찾았다. 조사 결과 선호도가 가장 높았던 요거트맛이 적용되었고, 덕분에 남녀노소 누구나 폭넓게 즐길 수 있는 제품으로 인정받고 있다.CJ제일제당은 유산균의 강한 생명력을 강조하는 ‘생(生) 유산균’ 키워드를 앞세워 지난해 기준 5천억 원 이상 규모로 추정되는 국내 유산균 시장 공략을 강화한다는 계획이다. 특히 최근 유산균 소비 트렌드로 떠오르고 있는 ‘보장균수’와 ‘가성비’를 모두 충족할 수 있는 제품으로 기대하고 있다.CJ제일제당 관계자는 ‘BYO 20억 생유산균’ 제품에 대해 ""위(胃)에서는 강한 생명력으로,장(腸)에서는 높은 부착력으로 장 건강에 도움을 줄 수 있다""며, ""이번 11번가 긴급공수 이벤트를 통해 소비자들이 다양한 혜택을 누릴 수 있길 기대한다""고 말했다.[콘텐츠부]chosunbiz.com   ]",[],http://www.aflnews.co.kr/news/articleView.html?idxno=153081,https://n.news.naver.com/mnews/article/366/0000424858?sid=004
16면 2단,글로벌이코노믹,,"SKT, 새 학기 맞이 요금·데이터·제휴 혜택 푼다",,,http://www.g-enews.com/ko-kr/news/article/news_all/201901301337297435e6577efc28_1/article.html,http://www.sedaily.com
2019.01.21.,미디어펜,IT/과학,"SKT ""5G시대도 동반성장""...New ICT 콜라보데이 개최","[ 착한텔레콤, 11번가 사전예약    [서울경제] 착한텔레콤은 11번가와 함께 무선이어폰 ‘스카이 핏 프로(SKT Fit pro)’의 사전예약을 실시한다고 21일 밝혔다. 스카이 핏 프로는 블루투스 5.0 기반에 8mm 다이내믹 드라이버를 채택해 하이파이 사운드의 음질을 느낄 수 있다. 이어폰 양쪽에 노이즈(잡음)를 제거한 듀얼마이크를 장착해 깨끗한 통화 품질을 제공한다. 무게는 4.9g이며 6시간 연속 재생이 가능하다. 특히 ‘멀티 버튼’을 탑재해 볼륨 조절과 곡 전환이 가능하며 스마트폰 음성인식 서비스인 애플 시리·구글 어시스턴트도 호출할 수 있다. 스카이 핏 프로의 공식 판매 가격은 5만 9,900원이며 11번가에서 사전예약을 하면 싱글팩(1개 제품)은 10% 할인된 5만 3,900원에, 커플팩(2개 제품)은 18% 할인된 9만 9,000원에 구매할 수 있다. 착한텔레콤은 “기존 20만원 안팎의 대기업 제품과는 가격 차별화를, 2만~3만원대 중국 브랜드와는 성능 차별화를 추구했다”고 설명했다.공식 판매는 오는 28일이며 주요 온라인쇼핑몰 및 스카이 브랜드 사이트, 전국 스카이서비스센터를 통해 구매할 수 있다. 박종일 착한텔레콤 대표는 “스카이의 첫 복귀작인 스카이 핏 프로는 타사 제품에 비해 품질은 높이고 가격은 낮추는 전략으로 더 많은 고객들에게 스카이의 부활을 알리고 싶다”고 밝혔다./권경원기자 nahere@sedaily.com[서울경제 바로가기]Telegram으로 서울경제 뉴스를 실시간으로 받아보세요 [바로가기▶]프리미엄 미디어 Signal이 투자의 바른 길을 안내합니다 [바로가기▶]저작권자 ⓒ 서울경제, 무단 전재 및 재배포 금지   ]",[''],http://www.mediapen.com/news/view/411039,https://n.news.naver.com/mnews/article/011/0003490004?sid=105
2019.01.08.,전자신문언론사 선정,,"흥행부진 제로페이, 카카오페이·KT 우군 확보",,,http://www.etnews.com/20190121000269,http://www.hankyung.com/
2019.01.22.,농수축산신문,IT/과학,[기획] 2019년 유통업태별 구매전략은 3. 온라인,"[    [ 이진욱 기자  ]     스카이 핏 프로(SKY Fit pro).부활을 꿈꾸는 '스카이(SKY)'의 이름표를 단 무선이어폰이 나왔다. 착한텔레콤은 21일 11번가와 함께 완전무선 이어폰 ‘스카이 핏 프로(SKY Fit pro)’의 사전예약을 실시한다고 밝혔다. 공식 판매 가격은 5만9900원이다.착한텔레콤은 최근 팬택과 협약을 맺고 5년간 스카이 브랜드 독점 사용권을 따냈다. 회사 측은 무선 이어폰 스카이 핏 프로를 시장에 선보인 후 폴더폰 1종과 스마트폰 1종을 순차대로 내놓을 계획이다.스카이 핏 프로는 블루투스 5.0 기반에 8mm 다이내믹 드라이버를 채택해 하이파이 사운드의 음질을 느낄 수 있다. 이어폰 양쪽에 노이즈(잡음)를 제거한 듀얼마이크를 장착해 깨끗한 통화 품질을 제공한다. 이어폰의 무게를 4.9g으로 경량화했음에도 6시간 연속 재생에 충전크래들 이용시 최대 24시간을 사용할 수 있다는 게 회사 측 설명. 다른 무선이어폰과 차별화된 부분은 ‘멀티 버튼’이다. 기존 무선이어폰은 버튼 하나로 전화 연결 및 음악 재생만을 컨트롤 할 수 있지만, 스카이 핏 프로는 3개의 버튼을 탑재해 볼륨 조절 및 다음곡·전곡으로 전환이 가능하다. 멀티 버튼을 통해 스마트폰의 음성인식 서비스인 애플의 시리(Siri), 구글의 어시스턴트(Assistant)를 호출할 수 있다.스카이 핏 프로는 11번가의 사전 예약을 통해 구매하면 최대 18%를 할인받을 수 있다. 싱글팩(1개 제품)은 10% 할인된 5만3900원, 커플팩(2개 제품)은 18% 할인된 9만9000원에 구매 가능하다. 공식 판매는 이달 28일이며 사전예약 할인 혜택은 종료된다. 공식 판매 이후에는 주요 온라인쇼핑몰 및 스카이 브랜드 사이트, 전국 스카이서비스센터를 통해서 구매가 가능하다.이진욱 한경닷컴 기자 showgun@hankyung.com[한경닷컴 바로가기] [모바일한경 구독신청] 네이버에서 한국경제 채널 구독하기 &lt;자세히 보기&gt; ⓒ 한국경제 &amp; hankyung.com, 무단전재 및 재배포 금지   ]","['그래봤자 중국산 브랜드만 이름 바궈서 파는거 어닌가?', '버튼이 3개라니 신박하네. 블투 5.0에 드라이버 8mm면 확실히 가격대비 스펙은 높은듯.\n지금 쓰는 저가형 블투 들 사람 좀만 많으면 끊기고 난린데. SKY 브랜드 달고 나왔으니 차별점이 있을거라 기대하고 한번 지른다', 'QCY는 4시간짜리고.. 이건 6시간짜리고...\nQCY는 버튼 1개.. 이건 3개...\nQCY는 크래들에 뚜껑이 없어서 이어폰 분실도 발생...\n\n가격만 보는 분들 많네요..', '', '', 'Qcy 2세대 3만원주고 산다 ㅅㅂㅋㅋㅋ', '이어폰 양쪽에 노이즈를 제거한 듀얼마이크를 장착해 6시간 연속 재생에 충전크래들 이용시 최대 24시간을 사용할 수 있다\n멀티 버튼. 기존 무선이어폰은 버튼 하나로 전화 연결 및 음악 재생만을 컨트롤 할 수 있지만, 스카이 핏 프로는 3개의 버튼을 탑재해 볼륨 조절 및 다음곡·전곡으로 전환이 가능하다.\n완전 신박한 이어폰 아닌가? 이정도면 대박일듯 스카이 믿고 질르러 간다', '', '누가 사.', 'QCY T1 TWS  이것하고 뭐가 다른지.. 중국산 국산인가  QCY T1 TWS이거 22000원에 구입했음.. 경쟁력이 없는듯..', '무선 이어폰이 널리고  널렸는데 2만원이면 사는걸', '중궈보단 낫겠지', '', '저걸 왜 사냐? [25,500원, 정가 32,500원][QCY] QCY T1 TWS [YL인터내셔널/국내정품] ←심지어, 이걸가지고 샤오미라고 이름붙여 팔더라. 블루투스 5.0, IPX4 방수등급, 에러가 있다면, 리얼텍칩인데, 실제로 들어보면, 별차이 없어. 컴퓨터 메인보드에 기본으로 들어가는 칩, PC에서 듣는거랑 똑같다. 무선이어폰치고 비싼거 써도, 저모양인데, 나같으면, QCYT1 TWS 사겠다. 비싼데는 상표권이던지, 지적재산권때문에 비싼이유가 있다. 이딴거 안 속아!!! 누굴 호갱으로 아냐!!!']",http://www.aflnews.co.kr/news/articleView.html?idxno=153081,https://n.news.naver.com/mnews/article/015/0004081665?sid=105
2019.01.07.,비즈트리뷴,,"11번가, 언더나인틴 파이널 콘서트 티켓 오픈",,,http://biztribune.co.kr/news/view.php?no=94254,http://www.dt.co.kr/
2019.01.08.,글로벌이코노믹,경제,"SKT, 새 학기 맞이 요금·데이터·제휴 혜택 푼다","[    [디지털타임스 김아름 기자] 11번가가 친환경 캠페인 '세이브 디 어스(Save the Earth)'의 첫 행사로 '플라스틱 빨대 안쓰기'를 진행한다고 8일 밝혔다. 11번가는 해양 생물에게 치명적이고 인체에 유해한 미세 플라스틱을 만드는 것으로 알려진 플라스틱 빨대를 대체해 쓸 수 있도록 실리콘과 스테인리스, 종이로 만든 '대안 빨대'를 판매한다. 가격은 개당 2500원으로 제품별 1000개씩 총 3000개를 판매하며 ID당 1제품씩 구매가 가능하다. 특히 더욱 많은 고객들이 대안빨대를 경험할 수 있도록 11번가가 배송비를 지원, 무료 배송 혜택을 제공한다.  쉽게 구부러져 보관이 쉬운 '실리콘 100% 빨대'는 내부가 팔각형으로 제작돼 열고 닫을 수 있는 형태다. 세척 시 열어서 세제로 닦아주면 돼 세척솔이 필요 없는 것이 장점이다. 끓는 물에 열탕 소독도 가능하다.  '스테인리스 빨대'는 가볍고 튼튼해 반영구적으로 사용이 가능한 제품으로, 커브형과 일자형 두 가지 형태다. 세척을 위한 세척솔도 따로 판매한다. '종이빨대'는 흰색과 검은색 두 가지 색상으로 검은색 빨대의 경우 콩기름 식용잉크를 사용했다.빨대 외 다른 친환경 제품도 모아 소개한다. 일회용컵 대신 사용하는 텀블러의 경우 스테인리스 소재로 만든 모던한 디자인의 트래블 텀블러와 콕시클 텀블러를 판매한다. 또한 코르크로 만든 '비핏 코르크 TPE 요가매트'와 자연분해가 가능한 산화생분해 원료로 만든 코멕스의 위생백, 지퍼백, 다용도 플라스틱 정리용기와 산화생분해제가 첨가된 '착한리필 휴지통 리필봉투' 등도 준비했다.김주희 11번가 사업운영담당은 ""11번가 고객들이 플라스틱 소비를 줄일 수 있는 '대안 빨대'를 부담 없이 경험할 수 있도록 행사를 준비했다""면서 ""환경과 건강을 생각하는 더 나은 소비를 위한 '친환경 캠페인'을 꾸준히 진행하겠다""고 말했다. 김아름기자 armijjang@dt.co.kr    &lt;11번가 제공&gt;     디지털타임스 홈페이지 바로가기 / 디지털타임스 뉴스 더보기네이버 채널에서 '디지털타임스'를 구독해주세요. ]",[],http://www.g-enews.com/ko-kr/news/article/news_all/201901301337297435e6577efc28_1/article.html,https://n.news.naver.com/mnews/article/029/0002502098?sid=101
2019.01.21.,디지털투데이,,"구정 명절 혼놀족 위해 11번가, 기획전 선봬",,,http://www.digitaltoday.co.kr/news/articleView.html?idxno=206566,https://www.moneys.co.kr/
21면 1단,에너지경제,IT/과학,"미세먼지 여파…11번가, 식품·생필품 거래 최대 6배↑","[     /사진=구글코리아구글코리아가 새로운 버전의 크롬캐스트를 한국에 공식 출시한다고 22일 밝혔다. 이번 제품은 화이트·차콜 두 가지 색상으로 출시됐다. 구글 스토어를 비롯해 하이마트, 옥션, 지마켓, 티몬, 11번가, 위메프, 쿠팡, GS샵, 인터파크, SSG.COM 등 다양한 채널에서 이날부터 구매할 수 있다. TV HDMI 포트에 연결되며 안드로이드 스마트폰·태블릿, 아이폰, 아이패드, 윈도 및 맥 노트북, 크롬북과 호환 가능하다.새 크롬캐스트는 기존 버전에 비해 15% 향상된 하드웨어 속도를 구현한다. 1080p 해상도를 최대 60fps(초당 프레임 수)로 구동해 풀HD급의 영상을 끊김 없이 재생한다고 구글 측은 설명했다. 크롬캐스트는 구글 홈과 연동할 경우 음성으로 조작할 수 있다. 애플리케이션에서 직접 콘텐츠를 전송하는 대신 구글 홈을 통해 “오케이 구글, 넷플릭스에서 옥자 틀어줘”와 같이 음성 명령이 가능하다. 유튜브 동영상, 넷플릭스 등 다양한 콘텐츠를 TV에서 볼 수 있다.스트리밍 하지 않을 때 원하는 화면으로 전환하거나 스피커와 연결해 활용 가능하다. 안드로이드 스마트폰이나 크롬 브라우저를 통해 미러링부터 구글포토 라이브 앨범을 활용한 사진감상까지 다양한 기능을 즐길 수 있다.한편 크롬캐스트는 미디어 스트리밍 기기로 2013년 출시 후 내장기기 포함 5500만대 이상 판매됐다.채성오 기자 cso86@mt.co.kr&lt;저작권자 ⓒ '성공을 꿈꾸는 사람들의 경제 뉴스' 머니S, 무단전재 및 재배포 금지&gt;▶ 고수들의 재테크 비법 ▶ 박학다식 '이건희칼럼'  ]",[],http://www.ekn.kr/news/article.html?no=411899,https://n.news.naver.com/mnews/article/417/0000373314?sid=105
2019.01.08.,연합뉴스,,"11번가, '혼설족' 겨냥 즐길거리 할인전",,,http://yna.kr/AKR20190123040200030?did=1195m,http://www.sportsseoul.com/
2019.01.14.,에너지경제,경제,"11번가, 세계최초 자율주행캐리어 할인 판매","[     [스포츠서울 김자영기자] 11번가는 설 연휴를 앞두고 오는 13일까지 사전특가 행사인 ‘설 마중’ 기획전을 연다고 7일 밝혔다. 14일부터 대대적으로 진행될 본 판매 시작에 앞서 이번 사전판매에서는 얼리버드 고객들을 위한 설 선물 사전특가와 연휴를 위한 여행상품, 각종 놀거리 상품들을 저렴하게 판매한다.  먼저 본 판매(14일)보다 저렴한 가격에 선보이는 한정특가 상품을 단 일주일 동안 매일 5개씩 선보인다. 전통한과, 건강식품, 커피, 견과 등 가공선물세트부터 한우, 굴비, 갈치, 옥돔, 과일 등 신선선물세트와 생활선물세트가 해당된다. 한정특가 상품 전용 ‘더블할인’(상품별 11%~20% 할인쿠폰+T멤버십할인) 혜택까지 받으면 더욱 저렴한 가격에 구매 가능하다.대표 상품으로는 본 판매보다 30% 저렴하게 판매하는 제주 전통한과 ‘신효 귤향과즐’(2만30원), 20% 할인해 판매하는 인기 건강식품 ‘순수식품 배도라지즙’(1만6910원), 20% 할인해 판매하는 ‘사조해표 안심특선 S31호 선물세트’(1만960원) 등이 있다.  7일에는 ‘이디야 비니스트 스페셜 프리미엄 선물세트’를 2만2170원, ‘고려은단 골드플러스 360정’을 4만2900원, ‘블랙앵거스 스테이크 1.2kg 선물세트’는 4만6900원, ‘돌 풍성 과일 선물세트’는 4만6900원, ‘메디플라워 퍼퓸 스토리즈 핸드크림 3종세트’는 2620원에 구매할 수 있다. 또 매년 설 시즌마다 고객들이 많이 검색하고 찾은 상품 데이터를 기반으로 ‘HOT 키워드’ 8개를 선정해 각 키워드별 대표상품을 최대 50% 저렴한 가격에 선보인다. ▲한우 ▲건강식품 ▲한복 ▲과일 ▲스팸/햄 ▲샴푸/바디/치약 ▲화장품 ▲주방가전/용품이 해당된다. 명절선물 사전구매 고객 중에는 법인이나 대량구매 고객들의 수요 또한 높은 편이다. 대량구매 고객들을 위한 ‘설 선물세트 대량구매 OK캐쉬백 최대 15% 적립’ 기획전도 마련해 ‘동원선물세트’ 10종, ‘사조선물세트’ 15종, ‘순수식품 선물세트’ 14종 구매 시 OK캐쉬백 15% 적립 혜택을 제공한다. 이번 설 명절은 이틀 휴가를 붙여 쓰면 최대 9일까지 쉴 수 있다. 올해의 최대 황금연휴인 설을 맞아 휴가 계획을 세우는 직장인들을 위한 ‘완벽한 설연휴 준비’ 기획전도 마련했다. 국내숙박, 해외여행, 각종 놀거리 티켓 등을 최대 15% 할인가에 판매한다.   soul@sportsseoul.com▶스포츠서울 공식 페이스북▶팟캐스트 '스포츠서울 야구 X파일'▶스포츠서울 공식 유튜브 채널[기사제보 news@sportsseoul.com]  Copyright ⓒ 스포츠서울&amp;sportsseoul.com ]",[],http://www.ekn.kr/news/article.html?no=411511,https://n.news.naver.com/mnews/article/468/0000463264?sid=101
2019-01-21 09:41:41,IT조선,,"[오늘의 쇼핑가] 위메프 ""월 가입비 990원 유료 멤버십 선봬""…G마켓·11번가...",,,http://it.chosun.com/site/data/html_dir/2019/01/23/2019012302143.html,http://www.digitaltoday.co.kr/
2019-01-21 09:40:41,연합뉴스,,"11번가, '혼설족' 겨냥 즐길거리 할인전",,,http://yna.kr/AKR20190123040200030?did=1195m,https://sports.khan.co.kr/
2019-01-08 11:55:51,서울파이낸스,IT/과학,"SKT, 파트너사와 함께하는 '뉴 ICT 컬래버데이' 개최","[    부활을 선언한 ‘스카이’가 먼저 무선 이어폰으로 돌아온다. ‘팬택’ 브랜드를 인수한 착한텔레콤은 오픈마켓 11번가에서 완전무선 이어폰 ‘스카이 핏 프로’ 사전예약판매를 진행한다고 21일 밝혔다.    스카이 핏 프로‘스카이 핏 프로’는 블루투스 5.0 기반에 8㎜ 다이내믹 드라이버를 채택해 스튜디오 원본 음질을 제공하는 하이파이 오디오를 지원한다. 이어폰 양쪽에 노이즈(잡음) 제거 기능을 갖춘 듀얼마이크를 장착해 깨끗한 통화 품질도 제공한다. 무게는 4.9g이며 6시간 연속 재생이 가능하다. 특히 ‘멀티 버튼’을 탑재해 볼륨 조절과 곡 전환이 가능하며 스마트폰 음성인식 서비스인 애플 시리·구글 어시스턴트도 호출할 수 있다. 공식 판매 가격은 5만 9900원. 사전예약을 하면 싱글팩(1개 제품)은 10% 할인된 5만 3900원에, 커플팩(2개 제품)은 18% 할인된 9만 9000원에 구매할 수 있다. 착한텔레콤은 “기존 20만원 안팎의 대기업 제품과는 가격 차별화를, 2만~3만원대 중국 브랜드와는 성능 차별화를 추구했다”고 설명했다.박종일 착한텔레콤 대표는 “스카이의 첫 복귀작인 스카이 핏 프로는 타사 제품에 비해 품질은 높이고 가격은 낮추는 전략으로 더 많은 고객들에게 스카이의 부활을 알리고 싶다”고 밝혔다. 한편, 착한텔레콤은 스카이 폴더폰 1종과 스마트폰 1종을 올 상반기에 출시할 예정이다. .폴더폰은 4G LTE 모델과 3G 모델 두가지 버전으로 오는 4월 출시 예정이며 출고가는 10만원대 중반이 될 것으로 보인다.스마트폰은 ‘스카이원’이라는 프로젝트명으로 개발되고 있으며 15.24㎝(6인치) 디스플레이와 퀄컴 스냅드래곤6 시리즈가 장착될 것으로 보인다. 가격은 20만~30만원대가 유력하며, 출시시점은 5~6월이다.조진호 기자 ftw@kyunghyang.com▶ [스포츠경향 인기 무료만화 보기]▶ [지금 옆사람이 보고있는 뉴스]©스포츠경향(sports.khan.co.kr), 무단전재 및 재배포 금지   ]",[],http://www.seoulfn.com/news/articleView.html?idxno=332436,https://n.news.naver.com/mnews/article/144/0000592366?sid=105
2019-01-22 10:01:16,한국경제TV,,"11번가, 설맞아 '명절 혼자 놀기' 기획전…영상콘텐츠·독서앱 이용권 풍성",,,https://n.news.naver.com/mnews/article/215/0000730166?sid=101,http://www.fnnews.com/
2019-01-07 14:49:28,지디넷코리아,경제,&apos;제로페이&apos;에 카카오페이·11번가·이베이도 참여,"[   11번가는 새해부터 시작하는 친환경 캠페인 '세이브 디 어스(Save the Earth)'의 첫 행사로 '플라스틱 빨대 안쓰기'를 진행한다고 8일 밝혔다. 해양 생물에게 치명적이고 인체에 유해한 미세 플라스틱을 만드는 것으로 알려진 플라스틱 빨대를 대체해 쓸 수 있도록 실리콘과 스테인리스, 종이로 만든 '대안 빨대'를 판매한다.쉽게 구부러져 보관이 쉬운 '실리콘 100% 빨대'는 끓는 물에 열탕 소독도 가능하다. '스테인리스 빨대'는 영구적으로 사용이 가능한 제품으로, 커브형과 일자형 두 가지 형태다. '종이빨대'(100개 세트)는 흰색과 검은색 두 가지 색상으로 검은색 빨대의 경우 콩기름 식용잉크를 사용했다.fnkhy@fnnews.com 김호연 기자     ▶ 세상의 모든 골 때리는 이야기 'fn파스'▶ 속보이는 연예뉴스 fn스타  ※ 저작권자 ⓒ 파이낸셜뉴스. 무단 전재-재배포 금지   ]",[],http://www.zdnet.co.kr/ArticleView.asp?artice_id=20190121140544,https://n.news.naver.com/mnews/article/014/0004156933?sid=101
2019-01-21 14:17:56,에너지경제,,"11번가, 세계최초 자율주행캐리어 할인 판매",,,http://www.ekn.kr/news/article.html?no=411511,http://www.ajunews.com
2019-01-08 17:25:25,IT조선,,"[오늘의 쇼핑가] 위메프 ""월 가입비 990원 유료 멤버십 선봬""…G마켓·11번가...",,,http://it.chosun.com/site/data/html_dir/2019/01/23/2019012302143.html,http://www.lawissue.co.kr
2019.01.07.,뉴스투데이,,"[뉴스투데이 E] ‘언더나인틴 파이널 콘서트’, 11번가 단독 판매",,,http://www.news2day.co.kr/119370,http://www.enewstoday.co.kr/
2019.01.01.,비즈니스포스트,,"SK텔레콤 ""미디어사업 등 포트폴리오 완성되면 지배구조 개편""",,,http://www.businesspost.co.kr/BP?command=article_view&num=112769,http://it.chosun.com/
2019.01.08.,게임포커스,,한국레노버 '반하다 그레잇북' 프로모션 이벤트 진행,,,http://gamefocus.co.kr/detail.php?number=90753,http://www.getnews.co.kr
2019.01.17.,지디넷코리아,,"11번가, &apos;명절 혼자 놀기 e쿠폰&apos; 기획전",,,http://www.zdnet.co.kr/ArticleView.asp?artice_id=20190123082739,http://it.chosun.com/
2019.01.02.,IT조선,,"[오늘의 쇼핑가] 위메프 ""월 가입비 990원 유료 멤버십 선봬""…G마켓·11번가...",,,http://it.chosun.com/site/data/html_dir/2019/01/23/2019012302143.html,https://www.moneys.co.kr/
2019.01.07.,뉴스투데이,,"[뉴스투데이 E] ‘언더나인틴 파이널 콘서트’, 11번가 단독 판매","[     워너원 공식 콘서트 굿즈 22종 단독 판매_모바일 기획전 화면/사진=11번가 @머니S MNB, 식품 외식 유통 · 프랜차이즈 가맹 &amp; 유망 창업 아이템의 모든 것11번가는 보이그룹 워너원(Wanna One)의 2019년 콘서트 ‘Therefore’의 공식 콘서트 굿즈를 단독 예약판매한다고 2일 밝혔다. 워너원의 2019년 콘서트 ‘Therefore’는 오는 24일부터 27일까지 4일간 고척 스카이돔에서 열린다.11번가는 2일 오후 2시부터 워너원 공식 콘서트 굿즈 22종을 단독으로 예약판매한다. 공식 응원봉과 파우치, 머플러, 와펜·배지 세트, 명찰, 엽서, 티셔츠, 키링 등 다양한 종류의 상품을 오직 11번가에서만 구입할 수 있다. 제작과 판매는 종합디자인회사 로운컴퍼니가 맡았으며 상품 배송은 21일부터 일괄 진행된다. 결제 시 현장수령을 선택하면 원하는 콘서트 날짜에 맞춰 현장에서 상품을 받을 수도 있다.이번 워너원 공식 콘서트 굿즈의 판매는 11번가 외에 콘서트 현장판매를 통해서만 구입할 수 있고  워너원 리멤버세트(11만원, 배지 16개, 인화사진, 삽지, 패키지케이스)는 오직 11번가에서만 판매되는 온라인 단독 상품이다.11번가는 한류 열풍에 힘입어 한국 아이돌 굿즈를 구매하려는 해외 팬들을 위해 11번가와 글로벌11번가를 통해 동시 판매를 진행하고 있다. 워너원 역시 국내뿐 아니라 세계적인 팬덤을 보유해 글로벌11번가를 통한 판매도 영문과 중문으로 동시에 진행된다.지난해 다양한 한류 아이돌 굿즈를 판매해 전 상품 완판 등 뜨거운 반응을 모았던 11번가는 2019년에도 워너원을 시작으로 계속해서 아이돌 굿즈시장을 공략해 간다는 계획이다.김설아 기자 sasa7088@mt.co.kr&lt;저작권자 ⓒ '성공을 꿈꾸는 사람들의 경제 뉴스' 머니S, 무단전재 및 재배포 금지&gt;▶ 고수들의 재테크 비법 ▶ 박학다식 '이건희칼럼'  ]",[],http://www.news2day.co.kr/119370,https://n.news.naver.com/mnews/article/417/0000367836?sid=004
2019.01.02.,비즈니스포스트,,"SK텔레콤 ""미디어사업 등 포트폴리오 완성되면 지배구조 개편""",,,http://www.businesspost.co.kr/BP?command=article_view&num=112769,https://www.asiae.co.kr/
2019.01.10.,글로벌경제,경제,"""5G 시대에도 함께 성장합시다""… SKT, 'New ICT 콜라보데이’ 개최","[     [아시아경제 이지은 기자] 11번가가 최장 9일까지 쉴 수 있는 설 연휴를 앞두고 이달 13일까지 사전특가 행사인 '설 마중' 기획전을 연다. 14일부터 시작될 본 판매를 앞두고 진행되는 이번 행사에서는 한정특가 상품을 단 일주일 동안 매일 5개씩 선보인다. 전통한과, 건강식품, 커피, 견과 등 가공선물세트부터 한우, 굴비, 갈치, 옥돔, 과일 등 신선선물세트와 생활선물세트가 해당된다. 한정특가 상품 전용 더블할인 혜택까지 받으면 더욱 저렴한 가격에 구매 가능하다.대표 상품으로는 본 판매보다 30% 저렴하게 판매하는 제주 전통한과 신효 귤향과즐(2만30원)과 20% 할인해 판매하는 인기 건강식품 순수식품 배도라지즙(1만6910원), 20% 할인해 판매하는 사조해표 안심특선 S31호 선물세트(1만960원) 등이 있다.7일에는 이디야 비니스트 스페셜 프리미엄 선물세트를 2만2170원에, 고려은단 골드플러스 360정을 4만2900원에, 블랙앵거스 스테이크 1.2㎏ 선물세트를 4만6900원에, 돌 풍성 과일 선물세트를 4만6900원에, 메디플라워 퍼퓸 스토리즈 핸드크림 3종세트를 2620원에 구매 가능하다. 매년 설 시즌마다 고객들이 많이 검색하고 찾은 상품 데이터를 기반으로 ▲한우 ▲건강식품 ▲한복 ▲과일 ▲스팸/햄 ▲샴푸/바디/치약 ▲화장품 ▲주방가전/용품 등 핫 키워드 8개를 선정, 각 키워드별 대표상품을 최대 50% 저렴한 가격에 선보인다. 올해 최대 황금연휴인 설을 맞아 휴가 계획을 세우는 직장인들을 위한 '완벽한 설연휴 준비' 기획전도 마련했다. 국내숙박, 해외여행, 각종 놀거리 티켓 등을 최대 15% 할인가에 판매해 고객들이 미리부터 연휴 계획을 알차게 세울 수 있도록 했다.이지은 기자 leezn@asiae.co.kr▶ 네이버 홈에서 '아시아경제' 뉴스 확인하기▶ 재미와 신기 '과학을읽다' ▶ 꿀잼 '인기만화'&lt;ⓒ경제를 보는 눈, 세계를 보는 창 아시아경제 무단전재 배포금지&gt;   ]",[],http://www.getnews.co.kr/view.php?ud=2019013011153071497f7a2feaf6_16,https://n.news.naver.com/mnews/article/277/0004389040?sid=101
2019.01.08.,게임포커스,,한국레노버 '반하다 그레잇북' 프로모션 이벤트 진행,,,http://gamefocus.co.kr/detail.php?number=90753,http://www.etnews.com
2019.01.11.,CNB뉴스,IT/과학,"11번가, 명절 ‘혼놀족’ 위해 즐길거리 기획전 선봬","[    11번가(대표 이상호)는 '워너원(Wanna One)' 2019년 콘서트 'Therefore'의 공식 콘서트 굿즈(캐릭터 상품) 22종을 단독 예약판매 한다고 2일 밝혔다. 콘서트는 오는 24~27일 서울 고척 스카이돔에서 열린다.11번가는 공식 응원봉, 파우치, 머플러, 와펜·배지 세트, 명찰, 엽서, 티셔츠, 키링 등을 선보인다. 제작과 판매는 종합디자인 업체 '로운컴퍼니'가 맡았다. 상품 배송은 21일부터 일괄 진행된다. 결제 후 현장수령을 선택하면 원하는 콘서트 날짜에 맞춰 상품을 받을 수 있다. 11번가는 해외 팬을 위해 11번가와 글로벌11번가에서 동시 판매를 진행한다.    윤희석 유통 전문기자 pioneer@etnews.com▶ 네이버 모바일에서 [전자신문] 채널 구독하기▶ 전자신문 바로가기 [Copyright ⓒ 전자신문 &amp; 전자신문인터넷, 무단전재 및 재배포 금지] ]",[],http://www.cnbnews.com/news/article.html?no=398063,https://n.news.naver.com/mnews/article/030/0002772015?sid=105
2019-01-02 11:02:56,EBN,,"카카오페이·KT·이베이·11번가 ""제로페이 참여""",,,http://www.ebn.co.kr/news/view/969586,http://it.chosun.com/
2019-01-07 08:20:58,지디넷코리아,,"11번가, &apos;명절 혼자 놀기 e쿠폰&apos; 기획전",,,http://www.zdnet.co.kr/ArticleView.asp?artice_id=20190123082739,http://www.newsprime.co.kr
2019-01-02 09:00:06,시사저널이코노미,,"미세먼지 닥친 1월, 온라인 쇼핑 웃었다",,,http://www.sisajournal-e.com/news/articleView.html?idxno=194957,http://www.lawissue.co.kr
2019.01.02.,전자신문,,[11번가 테마쇼핑]나도 '유튜버'...입문부터 투잡까지,,,http://www.etnews.com/20190124000091,https://www.asiae.co.kr/
2019.01.01.,에너지경제,경제,"SK텔레콤, 파트너사와 동반성장 ‘드라이브’","[     [아시아경제 성기호 기자] 11번가가 보이그룹 워너원의 2019년 콘서트 'Therefore'의 공식 콘서트 굿즈를 단독 예약판매한다고 2일 밝혔다.워너원의 2019년 콘서트는 오는 24일부터 27일까지 4일간 고척 스카이돔에서 열린다. 이에 맞춰 11번가는 2일 오후 2시부터 워너원 공식 콘서트 굿즈 22종을 예약판매한다. 공식 응원봉과 파우치, 머플러, 와펜·배지 세트, 명찰, 엽서, 티셔츠, 키링 등 다양한 종류의 상품을 오직 11번가에서만 구입할 수 있다. 제작과 판매는 종합디자인 회사 로운컴퍼니가 맡았으며 상품 배송은 21일부터 일괄 진행된다. 결제 시 현장수령을 선택하면 원하는 콘서트 날짜에 맞춰 현장에서 상품을 받을 수도 있다.이번 워너원 공식 콘서트 굿즈의 판매는 11번가 외에 콘서트 현장판매를 통해서만 구입할 수 있고, 워너원 리멤버세트(11만원, 배지 16개, 인화사진, 삽지, 패키지케이스)는 오직 11번가에서만 판매되는 온라인 단독 상품이다.한편 11번가는 한국 아이돌 굿즈를 구매하려는 해외 팬들을 위해 11번가와 글로벌11번가를 통해 동시 판매를 진행하고 있다. 이번 워너원 굿스 판매도 글로벌11번가를 통해 영문과 중문으로 동시에 진행된다.성기호 기자 kihoyeyo@asiae.co.kr▶ 네이버 홈에서 '아시아경제' 뉴스 확인하기▶ 재미와 신기 '과학을읽다' ▶ 꿀잼 '인기만화'&lt;ⓒ경제를 보는 눈, 세계를 보는 창 아시아경제 무단전재 배포금지&gt;   ]",[],http://www.ekn.kr/news/article.html?no=412462,https://n.news.naver.com/mnews/article/277/0004386161?sid=101
2019.01.01.,지디넷코리아,,"11번가, &apos;명절 혼자 놀기 e쿠폰&apos; 기획전",,,http://www.zdnet.co.kr/ArticleView.asp?artice_id=20190123082739,http://www.etnews.com
2019.01.01.,로이슈,IT/과학,11번가 ‘명절 혼자 놀기’ 기획전 실시,"[    11번가(대표 이상호)는 1월 한 달 '11번가와 함께, 새해엔 다 돼지!'를 실시한다고 1일 밝혔다. 올해 유행이 예상되는 아이템을 모아 11일까지 매일 오전 11시에 소개한다.1일 뉴트로지나 'LED 마스크+액티베이터'를 4만9900원에 판매한다. LG전자 스타일러(2일), '쇠고기 미역국 라면'(3일)을 비롯해 히말라야 핑크 소금, LG전자 의류건조기, 필터교체형 황사마스크, 탈모치료기, 믹서기 텀블러 등을 준비했다.1~11일 카테고리 별 할인혜택을 제공하는 '골든 세일'도 선보인다. 1일 패션, 2일 뷰티, 3일 푸드, 4일 해외 직접구매 데이 행사를 실시한다. 5일에는 '어린이데이', 11일에는 '11번가 데이'를 각각 마련했다.김주희 11번가 사업운영담당은 “새해에는 다양한 유행 아이템 쇼핑정보를 제공해 콘텐츠를 확대할 것”이라면서 “황금돼지해를 맞아 풍성한 할인 혜택으로 고객에게 다가가겠다”고 말했다.    윤희석 유통 전문기자 pioneer@etnews.com▶ 네이버 모바일에서 [전자신문] 채널 구독하기▶ 전자신문 바로가기 [Copyright ⓒ 전자신문 &amp; 전자신문인터넷, 무단전재 및 재배포 금지] ]",[],http://www.lawissue.co.kr/view.php?ud=201901230840467992204ead0791_12,https://n.news.naver.com/mnews/article/030/0002771913?sid=105
2019.01.07.,시사저널이코노미,,"미세먼지 닥친 1월, 온라인 쇼핑 웃었다",,,http://www.sisajournal-e.com/news/articleView.html?idxno=194957,http://www.asiatoday.co.kr
2019.01.31.,폴리뉴스,,‘제로페이’ 불참 선언한 카카오페이 입장 선회…KT·11번가도 합류,,,http://www.polinews.co.kr/news/article.html?no=380380,https://zdnet.co.kr/
2019.01.15.,뉴스워커,IT/과학,[뉴스워커_11번가] 언더나인틴 파이널 콘서트 티켓 오픈,"[    SNS 인기 상품 할인해 쇼핑콘텐츠 강화(지디넷코리아=안희정 기자)11번가(대표 이상호)가 황금돼지해를 맞아 첫 기획전으로 ‘11번가와 함께, 새해엔 다 돼지!’ 행사를 실시하며 SNS 인기 상품을 할인 판매한다고 1일 밝혔다.행사 첫날인 1일 ‘인싸템’으로는 가성비 좋은 LED 마스크로 인기가 높은 뉴트로지나의 'LED 마스크+액티베이터'를 4만9천900원에 내놓는다. 이어 ‘워너비 가전’인 LG전자 스타일러(2일), 라면업계 히트상품으로 떠오른 오뚜기 ‘쇠고기 미역국 라면’(3일)을 비롯해 연예 방송프로그램 등에서 소개돼 인기를 모으고 있는 히말라야 핑크 소금, LG전자 의류건조기, 필터교체형 황사마스크, 탈모치료기, 믹서기 텀블러 등 매일 다른 ‘인싸템’들을 판매한다.또한 색채 컨설팅기업 팬톤이 선정한 올해의 색인 ‘리빙 코랄’의 생동감 넘치는 색감을 담은 메이크업 제품들을 비롯해, 워너원 보조배터리, 청년떡집의 신상떡, 바디럽의 마약베개, 빙그레의 ‘귤맛 우유’ 등 SNS핫템들을 할인한다. 새롭게(New) 복고(Retro)를 즐기는 이들이 늘면서 최근 유행어가 된 ‘뉴트로’ 아이템도 선보인다. 펩시의 ‘레트로 에디션’, 브리츠의 ‘앤틱 블루투스 스피커’, 수제 달고나 만들기 세트 등을 판매한다.    ‘11번가와 함께, 새해엔 다 돼지!’ 프로모션의 일환으로 1~11일까지 매일 카테고리별로 할인혜택을 주는 '골든 세일'도 실시한다. 1일엔 패션, 2일엔 뷰티, 3일엔 푸드, 4일엔 해외직구 데이 행사가 마련된다. 이어 5일에는 '어린이데이', 11일에는 '11번가 데이' 행사를 마련한다. 1일 진행되는 ‘패션데이’ 행사에선 15% 할인쿠폰(1만원 이상 구매 시 5천원 할인)과 20% 할인쿠폰(1천원 이상 구매시 최대 5천원 할인)을 중복 적용해 할인혜택을 높였다.김주희 11번가 사업운영담당은 “새해에도 11번가가 쇼핑의 주도권을 이끌고 나갈 수 있도록 고객들이 궁금해하고 사고 싶어하는 유행 아이템들의 쇼핑정보를 11번가에서 제공함으로써 쇼핑 콘텐츠를 확장해나가겠다”라며 “복과 건강 등을 뜻하는 황금돼지해를 맞아 새해에도 풍성한 할인 혜택으로 고객들에게 다가가겠다”고 말했다.안희정 기자(hjan@zdnet.co.kr)  ▶ 네이버 채널에서 ‘지디넷코리아’를 구독해주세요  ]",[],http://www.newsworker.co.kr/news/articleView.html?idxno=25457,https://n.news.naver.com/mnews/article/092/0002153521?sid=105
2019.01.14.,전자신문,,[11번가 테마쇼핑]나도 '유튜버'...입문부터 투잡까지,,,http://www.etnews.com/20190124000091,http://www.heraldbiz.com/
2019.01.07.,뉴스1,경제,"11번가, '로드샵' 서비스 통했다…""1년 만에 상점수·거래액 2배↑""","[ -얼리버드 고객 위한 설 선물 사전특가     [헤럴드경제=박로명 기자] 11번가는 최장 9일까지 쉴 수 있는 설 연휴를 앞두고 이달 13일까지 사전특가 행사인 ‘설 마중’ 기획전을 연다고 7일 밝혔다. 14일부터 대대적으로 진행될 본 판매 시작에 앞선 사전판매다. 얼리버드 고객들을 위한 설 선물 사전특가와 연휴를 위한 여행상품, 각종 놀거리 상품들을 저렴하게 판매한다. 우선 한정특가 상품을 단 일주일 동안 매일 5개씩 선보인다. 전통한과, 건강식품, 커피, 견과 등 가공선물세트부터 한우, 굴비, 갈치, 옥돔, 과일 등 신선선물세트와 생활선물세트가 해당된다. 한정특가 상품 전용 ‘더블할인’(상품별 11%~20% 할인쿠폰+T멤버십할인) 혜택까지 받으면 더욱 저렴한 가격에 구매 가능하다.대표 상품은 본 판매보다 30% 저렴하게 제공하는 제주 전통한과 ‘신효 귤향과즐’(2만30원), 20% 할인해 판매하는 인기 건강식품 ‘순수식품 배도라지즙’(1만6910원), 20% 할인해 판매하는 ‘사조해표 안심특선 S31호 선물세트’(1만960원) 등이다. 7일에는 ‘이디야 비니스트 스페셜 프리미엄 선물세트’를 2만2170원, ‘고려은단 골드플러스 360정’을 4만2900원, ‘블랙앵거스 스테이크 1.2㎏ 선물세트’는 4만6900원, ‘돌 풍성 과일 선물세트’는 4만6900원, ‘메디플라워 퍼퓸 스토리즈 핸드크림 3종세트’는 2620원에 구매할 수 있다. 임현동 11번가 마트 담당은 “본격적인 설 시즌에 앞서 미리 준비하는 고객들에게 더 많은 혜택을 드리기 위해 사전판매 행사를 마련했다”고 말했다dodo@heraldcorp.com▶네이버에서 헤럴드경제 채널 구독하기▶생활밀착형 최저가쇼핑 헤럴드 리얼라이프 ▶헤럴드경제 사이트 바로가기 - Copyrights ⓒ 헤럴드경제 &amp; heraldbiz.com, 무단 전재 및 재배포 금지 -   ]",[],http://news1.kr/articles/?3526901,https://n.news.naver.com/mnews/article/016/0001484073?sid=101
2019.01.21.,파이낸셜뉴스,,"풀무원녹즙, 30일 하루 동안 베스트셀러 제품 20% 할인",,,http://www.fnnews.com/news/201901301424398878,http://www.edaily.co.kr/
2019-01-02 08:29:58,디스이즈게임,IT/과학,"한국레노버, ‘반하다 그레잇북’ 프로모션 이벤트 진행","[ 하반기 통신분야도 매출 턴어라운드 기대리베이트 차별금지법도 기대넷플릭스 모델, 보안 본격 시너지, 커머스 손익분기점 목표[이데일리 김현아 기자]     지난해 매출과 영업이익 모두 하락했던 SK텔레콤이 올해 매출목표를 18조원으로 올려잡고 통신사업(MVNO) 혁신과 함께 미디어, 보안, 커머스 사업을 성장동력으로 키우기로 했다. SK텔레콤은 지난해 16조 8740억원의 매출을 올려 2016년(17조5200억원)보다 3.7% 줄었는데 이를 다시 끌어올린다는 계획이다.윤풍영 SK텔레콤 코퍼레이트센터장(CFO)은 “올해도 요금인하 영향이 지속적으로 작용할 전망이나 금년 중 이동전화 매출도 상승추세로 전환될 수 있게 하겠다”며 “지난해 미디어와 보안, 커머스를 중심으로 뉴ICT 기업으로 성장하는 기반을 마련했다. SK브로드밴드(IPTV+T커머스)의 두자리수 성장, ADT캡스·NSOK·SK인포섹 시너지와 함께, 소모적인 가격경쟁보다 고객 편의 중심으로 전환해 11번가의 손익분기점 달성을 이루겠다”라고 말했다.◇5G 투자는 합리적으로올해 3월 말이면 스마트폰 기반의 5G가 상용화된다. 하지만 SK텔레콤은 5G 설비투자(CAPEX)에 신중한 입장을 보였다. 윤 CFO는 “2019년 설비투자는 5G 서비스 및 요금 스킴, 장비 라인업 등이 명확해져야 발표할 수 있을 것”이라며 “5G 상용화로 총 설비투자가 다소 증가하겠지만, 추가 매출 수준과 연계한다는 기존 방침을 유지할 것”이라고 말했다.그는 “5G 투자는 상용화 및 시장 선도에 부담없도록 고객 수요를 면밀히 따져 투자하겠다”면서 “LTE 등 기존 투자를 탄력적으로 조정해서 비용조정을 합리화하고 최적의 수준을 정하겠다”고 부연했다.    ▲SK브로드밴드 미디어사업 매출과 OTT 옥수수 가입자◇하반기 통신 매출도 턴어라운드 목표…리베이트 차별금지법도 기대2018년 SK텔레콤의 이동전화 매출은 전년대비 7.1% 감소한 10.0조에 그쳤다.지난해 이동전화 가입자당매출(ARPU) 역시 3만2246원으로 전년대비 7.6%줄었다. 25% 요금할인(선택약정할인) 가입자 증가는 물론, 3분 무료 통화(안심로밍), 멤버십 한도 폐지, 1020세대를 위한 0플랜 등이 영향을 미친 것이다.윤풍영 CFO는 “본체의 이동통신 매출은 요금인하 효과가 지속되나 합리적 요금제 제시와 순증 가입자 확대를 통해 하반기 턴 어라운드를 기대한다. 5G 투자 등이 있지만 마케팅 비용 절감을 강화해 영향을 최소화하겠다”고 말했다.윤성은 SK텔레콤 CR혁신실장(상무)는 “변재일 의원이 리베이트 차별금지법을 발의했는데, 법안이 통과하면 통신사로선 마케팅 비용을 줄일 수 있고 이용자 차별도 근절해 이용자 편익에도 도움이 될 것”이라고 밝혔다.     11번가 영업이익 추이표◇넷플릭스 모델, 보안 본격 시너지, 커머스 손익분기점 목표미디어 인터넷스트리밍방송(OTT) 사업은 넷플릭스 모델을 지향한다. 윤 CFO는 “옥수수+푹 통합법인은 상반기 내 출범하며 통합법인 중심으로 외부 투자자가 펀딩할 예정”이라며 “국내 콘텐츠 강화와 더불어 동남아 중심의 해외 사업도 연내 출시할 것”이라고 말했다. 그는 “옥수수+푹의 수익모델은 넷플릭스처럼 기본적으로 구독형 가입자 기반의 VOD가 될 것”이라고 부연했다.보안 사업에 대해서는 SK텔레콤과 브로드밴드 유통망을 활용한 결합 판매(출동경비+무선통신, 출동경비+초고속인터넷 등) 강화와 융합 시너지를 강조했다. 윤 CFO는 “T맵과 협업해 보안 솔루션 기반의 주차 솔루션을 조만간 상용화할 예정”이라고 말했다.커머스 사업은 그룹 역량을 집중해 손익분기점 달성이 목표다. 그는 “AI·검색 등 SK텔레콤의 기술역량을 활용하고 5% 지분투자한 역직구 업체 코리아센터같은 외부 제휴로 수익성 있는 커머스 포털을 만들겠다”며 “마일리지, 고객 베이스, 서비스 등 텔레콤이 보유한 모든 유무형의 자산을 11번가와 연계하는 걸 추진할 예정”이라고 말했다.김현아 (chaos@edaily.co.kr)이데일리 채널 구독하면 [방탄소년단 실물영접 기회가▶]꿀잼가득 [영상보기▶] , 빡침해소!청춘뉘우스~ [스냅타임▶]＜ⓒ종합 경제정보 미디어 이데일리 - 무단전재 &amp; 재배포 금지＞ ]","['SK 텔레콤의 브랜드 가치는 어마무시하다!', '넷플릭스 모델 따라서 동남아 진출하겠다고?ㅋㅋ 그럼 가는 나라마다 서버 설치하고 망 비용 국가별로 수백억씩 내는 거 잊지 말고, 알았지?? ㅋㅋㅋㅋㅋㅋㅋㅋㅋㅋㅋ 통신사랑 콘텐츠사 사이에서 정체성 위기 올 듯', '', '', '']",http://www.thisisgame.com/webzine/news/nboard/262/?n=90947&utm_source=naver&utm_medium=outlink&utm_campaign=thisisgame&utm_content=90947&nogate,https://n.news.naver.com/mnews/article/018/0004303752?sid=105
2019-01-01 10:20:44,뉴스1,,"11번가, '로드샵' 서비스 통했다…""1년 만에 상점수·거래액 2배↑""",,,http://news1.kr/articles/?3526901,https://www.kpinews.kr/
2019-01-01 09:00:32,넥스트데일리,,"“설날 연휴, 혼자서도 즐겁게 지낸다”…11번가, ‘명절 혼자 놀기’ 기획전",,,http://www.nextdaily.co.kr/news/article.html?id=20190123800008,http://www.ekn.kr
2019-01-07 10:07:19,머니투데이,,미세먼지 여파…'온라인 장보기' 늘었다,,,http://news.mt.co.kr/mtview.php?no=2019012814290540028,http://www.cnbnews.com
2019-01-31 18:29:41,아시아투데이,,"""5G 시대에도 함께 성장합시다""…SK텔레콤, 파트너社와 동반성장 계획 공유",,,http://www.asiatoday.co.kr/view.php?key=20190130010019049,http://sports.donga.com/
2019-01-21 16:46:07,아시아타임즈,IT/과학,제로페이에 카카오·KT·11번가·이베이도 '동참',"[     정부가 추진하는 소상공인 간편결제 서비스 제로페이 사업에 카카오페이와 KT, 이베이코리아, 11번가 등이 참여하기로 했다.21일 중소벤처기업부에 따르면 제로페이 참여 사업자를 모집한 결과 총 15개 사업자가 본사업 참여를 신청했다. 카카오페이와 KT, 이베이코리아, 11번가는 물론 한국전자영수증, KG이니시스, 코스콤, 한패스, 핀크, 이비카드, 디셈버앤컴퍼니자산운용, 티모넷, 하렉스인포텍, KIS정보통신, KSNET 등이 신청했다.제로페이는 소상공인 가맹점 QR코드를 스캔하고 결제금액을 입력하면 구매대금이 계좌이체 되는 모바일 직거래 결제 서비스다. 중간단계인 신용카드사와 밴사를 거치지 않아 소상공인이 부담하는 수수료가 0%대다.스포츠동아 김명근 기자 dionys@donga.com▶ 연예현장 진짜 이야기  / 후방주의! 스타들의 아찔한 순간▶ 나의 아이돌을 픽♥ 해주세요. / 이번 주는 누가 1위?- Copyrights ⓒ 스포츠동아(http://sports.donga.com) 무단 전재 및 재배포 금지 -   ]",[],http://www.asiatime.co.kr/news/articleView.html?idxno=224404,https://n.news.naver.com/mnews/article/382/0000704410?sid=105
2019.01.31.,파이낸셜뉴스,,"풀무원녹즙, 30일 하루 동안 베스트셀러 제품 20% 할인",,,http://www.fnnews.com/news/201901301424398878,http://www.datanet.co.kr
2019.01.24.,디스이즈게임,,"한국레노버, ‘반하다 그레잇북’ 프로모션 이벤트 진행",,,http://www.thisisgame.com/webzine/news/nboard/262/?n=90947&utm_source=naver&utm_medium=outlink&utm_campaign=thisisgame&utm_content=90947&nogate,http://www.newsprime.co.kr
2019.01.25.,신아일보,,카카오페이·KT·이베이·11번가 '제로페이'에 참여,,,http://www.shinailbo.co.kr/news/articleView.html?idxno=1136292,http://www.dailysmart.co.kr
2019.01.21.,인사이트,,"""오늘(25일) 11번가서 세계 최초 자율주행 캐리어 '로버스피드' 50만원 싸게 ...",,,https://www.insight.co.kr/news/206889,http://www.mt.co.kr/
2019.01.23.,이데일리,경제,"오픈마켓, 배달앱 사라지나..규제 강화에 백화점만 훨훨?","[    [머니투데이 구경민 기자] [자격요건 심사 확정해 2월 협약체결..서비스 개시 5월초]     27일 서울 중구 동대문 디자인플라자에서 열린 ‘슈퍼! 마켓페스트 2018’ 에서 한 참석자가 현금 없이 스마트폰만 있으면 오프라인에서 간편하게 결제할 수 있는 카카오페이로 상품을 구매하고 있다. 마켓페스트의 공식 결제수단으로 지정된 카카오페이는 이날 새로운 결제 트렌드로 자리잡고 있는 오프라인 결제 서비스로 사용자들에게 색다른 경험을 제공하는 한편, 다양한 혜택을 담은 이벤트를 진행했다. (카카오페이 제공) 2018.10.28/뉴스1  &lt;저작권자 © 뉴스1코리아, 무단전재 및 재배포 금지&gt;소상공인의 카드 수수료를 줄이는 간편결제 '제로페이'에 카카오페이와 KT, 11번가가 참여 신청을 했다. 제로페이 시범시행 한달만에 대형 사업자들이 참여 신청을 하면서 강력한 인프라 확장이 기대된다. 21일 중소벤처기업부가 발표한 '2019년 제로페이 참여 결제사업자 및 밴사 모집 결과'에 따르면 카카오페이, KT, 11번가(11페이)가 결제사업자로 등록했다. 이외에도 이베이코리아(스마일페이), 한국전자영수증, KG이니시스, 코스콤, 한패스, 핀크, 이비카드(캐시비), 디셈버앤컴퍼니자산운용, 티모넷, 하렉스인포텍(유비페이), KIS정보통신, KSNET 등 12개사가 신청했다. 밴(VAN)사업자로는 코스콤, 금융결제원, 한국스마트카드, 다우데이터, 나이스정보통신가 합류했다. 페이민트, 페이콕, 코밴, 퍼스트데이터코리아, 한국신용카드결제, 스마트로, KICC, KSNET, 제이티넷, NHN_KCP, KIS정보통신 등 11개사도 사업자도 신청자 명단에 이름을 올렸다. 중기부 산하 소상공인간편결제추진사업단은 다음달 참여 기업의 자격요건을 심사해 협약을 체결한다. 3월부터는 가맹점 POS(결제단말기)와 연계작업을 시작하고 4월엔 결제 서비스 및 시스템 개발에 나선다. 서비스 개시는 5월 초부터다. ▶창립20주년 기획 '영리더'▶남기자의 체헐리즘 모아보기 ▶뉴스는 머니투데이 구경민 기자 kmkoo@mt.co.kr&lt;저작권자 ⓒ '돈이 보이는 리얼타임 뉴스' 머니투데이, 무단전재 및 재배포 금지&gt;  ]",[],http://www.edaily.co.kr/news/newspath.asp?newsid=01157846622362312,https://n.news.naver.com/mnews/article/008/0004162887?sid=101
2019.01.24.,한국금융경제신문,,"풀무원녹즙, '녹즙 체험 프로모션' 진행",,,http://www.gvalley.co.kr/563382,http://www.inews24.com/
2019.01.28.,전자신문,경제,"11번가, '로드샵' 오픈 1년...거래액 2배 늘었다","[ 명절에 인기 높은 먹거리·즐길거리 등 e쿠폰 50여 종 선봬[아이뉴스24 장유미 기자] 명절에도 '혼놀족(혼자 노는 사람들)'이 많아지면서 11번가가 이들을 겨냥해 기획전을 펼친다.11번가는 다음달 5일까지 '완벽한 설, 즐길거리' 기획전을 열고 간소한 명절연휴를 보내는 이들을 위한 다양한 상품을 판매한다고 23일 밝혔다. 이번 기획전에서는 명절에 인기 높은 먹거리∙즐길거리 e쿠폰 외에도 최근 트렌드를 반영한 '영상콘텐츠 이용권'과 '독서앱 이용권' 등 이색상품을 새롭게 선보인다.11번가는 '데일리 딜'을 통해 매일 한 개 대표 상품을 한정 수량으로 특가 판매한다. 23일에는 SK브로드밴드의 IPTV인 Btv이용고객들이 유료상품 결제 시 사용할 수 있는 '3만 원 포인트권'을 35% 할인한 2만1천450원에, 28일에는 SK브로드밴드의 모바일 동영상 서비스 '옥수수(oksusu)'에서 콘텐츠 이용 시 사용할 수 있는 '1만원 금액권'을 17% 이상 할인한 8천250원에 판매한다.     [사진=11번가]모바일로 다양한 콘텐츠를 적극 소비하는 고객들이 늘어남에 따라 11번가는 이번 기획전에서 관련 사업자 간 제휴 시너지를 통해 트렌디한 상품 수급과 폭넓은 상품 라인업 확보에 중점을 뒀다.11번가는 단독특가 상품도 선보인다. 이달 24일에는 KFC의 신메뉴 '올웨이즈(Always) 오리지널 세트'를 6천900원에, 29일에는 홈메이드 담금주를 만들 수 있는 '살룻 DIY 담금주세트'를 1만7천 원부터(무료배송) 판매한다.11번가에 따르면 명절 연휴가 다가올수록 배송 걱정 없는 e쿠폰의 인기가 높아진다. 지난해 설 명절 기간 e쿠폰 판매 데이터를 분석한 결과, 전주 대비 거래액이 51% 증가하고 그 중 '편의점 이용권' 거래액은 무려 566% 급증하는 등 명절 특수와 함께 e쿠폰의 인기가 두드려졌다.특히 명절을 혼자 보내거나 집에서 가족들과 간소하게 보내는 이들이 많아지면서 이들을 위한 편의점 이용권, 외식 상품권부터 공연관람권, 전시 이용권, 키즈카페 입장권 등 e쿠폰 50여 종도 할인 판매한다. 메가박스 1인패키지, 예술의전당 '에바 알머슨전' 입장권부터 아이들이 좋아하는 '코코몽' 키즈카페 입장권, 실내동물원 '주렁주렁' 테마파크 입장권 등을 선보인다.김주희 11번가 사업운영담당은 ""점점 더 간소해지는 명절문화 트렌드에 따라 설 연휴를 휴가시즌처럼 보내는 이들이 늘어나고 있어 최근 추세를 반영한 트렌디한 상품들을 다양하게 마련하고자 했다""며 ""특히 11번가의 독보적인 상품 경쟁력을 바탕으로 이번 기획전에서 첫 선보이는 다양한 콘텐츠 이용권과 같은 색다른 상품에 대한 고객 관심이 뜨거울 것""이라고 말했다.장유미기자 sweet@inews24.com▶네이버 채널에서 '아이뉴스24'를 구독해주세요.▶아이뉴스TV에서 부동산 고수를 만나보세요.[ⓒ 아이뉴스24 무단전재 및 재배포 금지] ]",[],http://www.etnews.com/20190117000021,https://n.news.naver.com/mnews/article/031/0000479106?sid=101
2019.01.30.,인벤,,"한국레노버, ‘반하다 그레잇북’ 프로모션 이벤트 진행",,,http://www.inven.co.kr/webzine/news/?news=214547,http://it.chosun.com/
2019.01.29.,신아일보,,카카오페이·KT·이베이·11번가 '제로페이'에 참여,,,http://www.shinailbo.co.kr/news/articleView.html?idxno=1136292,http://www.dailysmart.co.kr
2019.01.30.,머니투데이,,카카오페이·KT 등 제로페이 합류…흥행부진 털어낼까,,,http://news.mt.co.kr/mtview.php?no=2019012114011724229,http://www.mediapen.com
2019-01-21 10:45:19,아이티비즈,,"SK텔레콤, '뉴 ICT 콜라보데이' 개최…""5G 시대에도 함께 성장한다""",,,http://www.it-b.co.kr/news/articleView.html?idxno=27737,http://www.aflnews.co.kr
2019-01-23 10:32:30,인사이트,,"""오늘(25일) 11번가서 세계 최초 자율주행 캐리어 '로버스피드' 50만원 싸게 ...",,,https://www.insight.co.kr/news/206889,http://www.g-enews.com/
2019.01.30.,이데일리,,"오픈마켓, 배달앱 사라지나..규제 강화에 백화점만 훨훨?",,,http://www.edaily.co.kr/news/newspath.asp?newsid=01157846622362312,http://www.mediapen.com
1면 TOP,시사오늘,,"[IT오늘] SKT, 'New ICT 콜라보데이' 개최…KT CS, 홍역 예방접종 안내 서비스...",,,http://www.sisaon.co.kr/news/articleView.html?idxno=81921,http://www.etnews.com
2019.01.29.,머니S,경제,미세먼지 때문에 '방콕'… 온라인 장보기 매출↑,"[ 핀테크부터 이통·유통사까지 본사업에 30여 대형업체 참여    소상공인 간편결제 제로페이 사업에 카카오페이, KT, 11번가 등 대형 사업자가 잇달아 합류했다.가맹점 취약과 소비자 이용 부족으로 여론의 뭇매를 맞은 제로페이지만 이들 사업자 합류로 인프라 확산의 전환점을 맞게 됐다.결제 인프라 신경망으로 꼽히는 밴사가 대거 참여했고, 이미 간편결제 인프라를 보유한 카카오페이 등이 합류하면서 시너지는 배가될 것으로 전망된다.21일 업계에 따르면 2019년 제로페이 사업자 모집에 카카오페이, KT, 11번가 등 15개사가 결제사업자로 등록했다. 또 코스콤, 한국스마트카드 등 16개 밴 사업자도 합류했다.이로써 제로페이 사업은 30곳이 넘는 대형사가 올해 본사업에 참여, 강력한 인프라를 갖추게 됐다.이와 함께 서울시와 25개 지방 자치구에서도 법인카드로 제로페이 결제가 가능하도록 했다.서울시는 4월 15일 '법인용 제로페이' 정식 출시를 목표로 시금고인 신한은행과 함께 시스템 개발에 착수했다. 이들 기관이 법인카드 사용액 절반가량을 제로페이로 결제할 경우 그 금액이 수백억원에 이를 것으로 예상된다. 이에 맞춰 제로페이 가입 가게도 대폭 늘 것이라는 게 서울시의 판단이다.제로페이 성공 여부를 가름할 초기 인프라 확보에 청신호가 감지된다. 대형 사업자와 밴 사업자 합류로 잠재 사용처는 대폭 늘어나게 됐다.통신사업자 KT를 비롯한 핀테크 대표 사업자인 핀크와 이미 간편결제를 운용하고 있는 11번가, 여기에 국내 최대 QR 가맹점을 보유한 카카오페이가 합류하면서 시장 판도도 달라질 것으로 전망된다.본사업에 참여한 사업자는 상당수가 시장 지배력을 확보한 기업이다. 그만큼 제로페이 성공 여부를 자체 분석해 참여했다는 점에서 다양한 서비스와 상품을 연동할 것으로 보인다.결제사업자는 카카오페이, KT, 이베이코리아(스마일페이), 11번가(11페이), 한국전자영수증, KG이니시스, 코스콤, 한패스, 핀크, 이비카드(캐시비), 디셈버앤컴퍼니자산운용, 티모넷, 하렉스인포텍(유비페이), KIS정보통신, KSNET 등이다.밴 사업자로는 페이민트, 페이콕, 코스콤, 코밴, 금융결제원, 퍼스트데이터코리아, 한국신용카드결제, 한국스마트카드, 스마트로, KICC, KSNET, 다우데이터, 제이티넷, NHN_KCP, 나이스정보통신, KIS정보통신 등이 사업 합류를 확정했다.카카오페이 관계자는 “중소벤처기업부로부터 제로페이 4대 원칙에 합의한 사업자라면 누구나 참여할 수 있으며, 개별 기업 서비스 정책에 대해서는 관여하지 않는다는 입장을 확인 받았다”면서 “이에 따라 제로페이 본사업 참여를 결정하게 됐다”고 설명했다.KT 관계자는 “소상공인 결제수수료 경감을 목적으로 하는 제로페이의 공익 역할 수행에 동참하기 위해 사업 참여를 결정했다”면서 “QR결제시스템을 어떻게 사업화할지 세부 내용은 협의 과정에 있다”고 밝혔다.중기부 산하 소상공인간편결제추진사업단은 다음 달에 참여 기업 자격 요건을 심사, 확정한다. 3월부터 가맹점 POS와의 연계 작업에 들어가고, 4월 말~5월 초 제로페이 결제 서비스 및 시스템 개발을 완료한다.펌뱅킹 수수료 문제와 선불결제 미연동 문제 등 해결 과제는 남아 있지만 초기 인프라 확산에 기업이 화답하면서 그동안의 부정적 이미지를 불식시킬 수 있을지 주목된다. 일부 사업자는 제로페이에 신용공여 기능을 연동하는 서비스도 은행권과 협의하고 있어 제로페이의 서비스 고도화도 꾀할 것으로 알려졌다.[표]2019년 제로페이 사업 참여사 현황(자료-중소벤처기업부)    길재식 금융산업 전문기자 osolgil@etnews.com▶ 내 USB가 산업제어시스템 보안을 흔들고 있다?▶ 네이버 모바일에서 [전자신문] 채널 구독하기▶ 전자신문 바로가기 [Copyright ⓒ 전자신문 &amp; 전자신문인터넷, 무단전재 및 재배포 금지] ]","['저 회사들이 그냥 달라붙지는 않을테고  세금을 얼마나 퍼붓길레 ...', '전부  다 국민세금으로  이게  제로페이냐.....\n\n세금쳐먹는정신병자박원슝폐이지..', '', '', '', '잘 한다 서울 제로페이 화이팅!', '제로페이 ㅋㅋㅋ 소비자가 편하고 이익이 되야 쓰지 ㅋㅋㅋ', '도대체 수수료 안받으면 어떻게 유지하냐고. 세금으로 박웍순이 대통령 될때까지만 유지하는거란거 딱 눈에 보인다.', '6월에 일어날 카페혁명...제로혁명...너무 빨라 놀라는 건 카페바코드 뿐만 아니라 카페 QR결제도 마찬가지다 QR코드인식이 바코드와 마찬가지로 순식간이다 우리동네 작은카페 사장 본죽집 사장 가장 먼저 카카오페이 됩니다 QR결제키트 노랗게 예쁘게 포스기 옆에 내놨길래 내폰으로 스캔 0.1초도 걸리지 않아 옆에 있던 집사람도 그 속도에 놀라 역시 첨단기술을 사용하는 이미지 업된다 bmw 벤츠 속은 다 덜덜이 디젤인데 겉은 화려하고 번지르르 승차감이 아닌 눈부신 시선강탈 하차감에 탄다지 참웃긴다 폐가 썩는줄도 모르고 QR이 진짜 돈이다', '6월에 일어날 QR혁명...노르망디 떠올라...8월엔 또 얼마나 뜨거울까?..카카오페이 바코드로 결제할 때 CU GS 세븐 중에서 세븐이 젤 편하다 바코드라 아무말 필요없이 폰내밀면 바코드니까 순식간에 스캔하고 결제가 완료됐다고 포스기가 여자목소리로 친절하게 멘트해줘 가장 깔끔하다 느려터진 몇초 속터지는 카드결제 필요없고 매번 티머니라고 말해야하는 티머니 이것도 결제에 몇초걸려 속터져 바코드는 바코드니까 눈깜짝할새 카드 티머니보다 수백배 빠른 걸 체감한다 깜짝 놀랄정도 롯데리아에서 무인주문기 카페바코드 읽히면 너무 빠른 속도에 놀라', '카카오페이 제로페이에 합류하다...미국이 연합군에 합류하다..노르망디 상륙작전 6월 시작...여자들이 한박자씩 느리게 발동이 걸리는 이유가 뭘까?..이건 공무원들의 특성과 너무나 닮았다 안전빵이 아니면 움직이지 않는 특성 안전을 확인하고 나서야 돌다리도 두들겨 보고 가는 조심성...새들은 인간처럼 수컷이 집을 짓는데 어떤 새들은 땡볕에 죽도록 고생해서 집을 지어도 암컷 마음에 들지 않으면 무용지물 처음부터 다시 지어야 한다 여자들과 공무원들이 긴시간을 들여 철저히 안전을 확인하고 나서야 움직이는 이유다 소중한 2세들의 미래를 위해서', '소상공인입장 : 제로페이로 결제하면 수수료 없으니 좋네...\n소비자입장 : 제로페이로 결제하면 소상공들 좋으니 나한테 큰 혜택은 없지만 그래도 이제 소액 신용결제해도 되겠다..좋네...\n정부입장 : 제로페이로 결제하니 소상공인에게 좋습니다. 소비자들도 쉽게 쓰니 좋구요..ㅋㅋ 모두 사용합시다!!!\n               (허나 소상공인 현금수입에 대한 누락신고금액 줄고..세금신고금액많아지니 세금 확실히 더 걷을수 있지롱~~~!!)', '', '제로페이 성공 못해. 이유는? 박원순 잘되는거 누가 보고 싶겠어']",http://moneys.mt.co.kr/news/mwView.php?no=2019012809058071638,https://n.news.naver.com/mnews/article/030/0002777307?sid=101
2019.01.24.,데일리한국,,"11번가, ‘로드샵’ 서비스 1주년 거래액 2배 증가",,,http://daily.hankooki.com/lpage/industry/201901/dh20190117114807147990.htm,http://www.aflnews.co.kr
2019.01.30.,이데일리,,"오픈마켓, 배달앱 사라지나..규제 강화에 백화점만 훨훨?",,,http://www.edaily.co.kr/news/newspath.asp?newsid=01157846622362312,http://www.biztribune.co.kr/
2019.01.23.,시사오늘,,"[IT오늘] SKT, 'New ICT 콜라보데이' 개최…KT CS, 홍역 예방접종 안내 서비스...",,,http://www.sisaon.co.kr/news/articleView.html?idxno=81921,http://www.g-enews.com/
2019.01.28.,머니S,,미세먼지 때문에 '방콕'… 온라인 장보기 매출↑,,,http://moneys.mt.co.kr/news/mwView.php?no=2019012809058071638,http://www.digitaltoday.co.kr/
2019.01.23.,데일리한국,,"""설날도 나혼자 논다"" 유통업계 명절맞이 '혼노족' 공략",,,http://daily.hankooki.com/lpage/industry/201901/dh20190123095617147990.htm,http://www.ekn.kr
2019.01.25.,스트레이트뉴스,,"SKT, 'New ICT 콜라보데이' 개최",,,http://www.straightnews.co.kr/news/articleView.html?idxno=42512,https://www.yna.co.kr/
2019.01.23.,FETV,경제,카카오페이·KT·11번가 등 15개사 제로페이 참여,"[    (서울=연합뉴스) 이신영 기자 = 11번가는 올해 설을 혼자 보내는 사람들을 겨냥해 각종 동영상 이용권과 e 쿠폰을 모은 '완벽한 설, 즐길 거리' 기획전을 내달 6일까지 한다고 23일 밝혔다.         23일에는 SK브로드밴드의 IPTV인 Btv 이용 고객들이 사용할 수 있는 3만원 포인트권을 35% 할인 판매하고, 28일에는 SK브로드밴드의 모바일 동영상 서비스 '옥수수'에서 동영상 시청 시 사용할 수 있는 1만원 금액권을 17% 싸게 판다.     내달 1일에는 독서 애플리케이션 '밀리의 서재' 고급형 구독권을, 3일에는 지니뮤직 이용권을 각각 할인된 가격에 선보인다.     이번 행사에서는 편의점 이용권, 외식 상품권, 전시이용권 등 다양한 e 쿠폰 50여종도 할인 판매된다.     11번가 즐길거리 기획전[11번가 제공=연합뉴스]    eshiny@yna.co.kr▶연합뉴스 채널 구독하고 스타벅스 커피 드세요▶뭐 하고 놀까? #흥  ▶쇼미더뉴스! 오늘 많이 본 뉴스영상  ]",[],http://www.fetv.co.kr/news/article.html?no=19196,https://n.news.naver.com/mnews/article/001/0010595994?sid=101
2019-01-21 14:20:16,이데일리,,"부활한 '스카이' 브랜드, 무선이어폰 예약판매로 재기 시동",,,http://www.edaily.co.kr/news/newspath.asp?newsid=02853606622360016,http://www.ekn.kr
2019-01-23 10:41:35,헬로티,,"SKT, 파트너사에 컨설팅·사업화…5G 기술 관련 동반성장펀드 확대",,,http://www.hellot.net/new_hellot/magazine/magazine_read.html?code=202&sub=004&idx=44917,http://it.chosun.com/
2019.01.23.,뉴시스,,"11번가, 설 프로모션 돌입 '가성비로 승부'",,,http://www.newsis.com/view/?id=NISX20190114_0000528756&cID=13001&pID=13000,https://www.yna.co.kr/
2019.01.30.,머니투데이방송,경제,"11번가, '로드샵' 서비스 1년...상점 수·거래액 2배↑","[    (서울=연합뉴스) 이신영 기자 = 11번가는 올해 설을 혼자 보내는 사람들을 겨냥해 각종 동영상 이용권과 e 쿠폰을 모은 '완벽한 설, 즐길 거리' 기획전을 내달 6일까지 한다고 23일 밝혔다.         23일에는 SK브로드밴드의 IPTV인 Btv 이용 고객들이 사용할 수 있는 3만원 포인트권을 35% 할인 판매하고, 28일에는 SK브로드밴드의 모바일 동영상 서비스 '옥수수'에서 동영상 시청 시 사용할 수 있는 1만원 금액권을 17% 싸게 판다.     내달 1일에는 독서 애플리케이션 '밀리의 서재' 고급형 구독권을, 3일에는 지니뮤직 이용권을 각각 할인된 가격에 선보인다.     이번 행사에서는 편의점 이용권, 외식 상품권, 전시이용권 등 다양한 e 쿠폰 50여종도 할인 판매된다.     11번가 즐길거리 기획전[11번가 제공=연합뉴스]    eshiny@yna.co.kr▶연합뉴스 채널 구독하고 스타벅스 커피 드세요▶뭐 하고 놀까? #흥  ▶쇼미더뉴스! 오늘 많이 본 뉴스영상  ]",[],http://news.mtn.co.kr/newscenter/news_viewer.mtn?gidx=2019011709062473125,https://n.news.naver.com/mnews/article/001/0010595994?sid=101
2019.01.23.,이데일리,,"부활한 '스카이' 브랜드, 무선이어폰 예약판매로 재기 시동",,,http://www.edaily.co.kr/news/newspath.asp?newsid=02853606622360016,http://www.seoulfn.com/
2019.01.21.,헬로티,,"SKT, 파트너사에 컨설팅·사업화…5G 기술 관련 동반성장펀드 확대",,,http://www.hellot.net/new_hellot/magazine/magazine_read.html?code=202&sub=004&idx=44917,http://www.wowtv.co.kr/
2019.01.25.,뉴시스,경제,"11번가, 설 프로모션 돌입 '가성비로 승부'","[ [한국경제TV 김태학 기자]    11번가가 오늘부터 다음 달 6일까지 '완벽한 설, 즐길거리' 기획전을 열고 간소한 명절 연휴를 보내는 이들을 위한 상품을 판매합니다.11번가는 이번 기획전에서 명절에 인기 높은 먹거리?즐길거리 e쿠폰 외에도 최근 트렌드를 반영한 '영상콘텐츠 이용권'과 '독서앱 이용권' 등 이색 상품을 선보입니다.23일에는 SK브로드밴드의 IPTV인 Btv 이용자들이 유료상품 결제 시 사용할 수 있는 '3만원 포인트권'(VAT 포함 33,000원)을 35% 할인한 21,450원에, 28일에는 SK브로드밴드의 모바일 동영상 서비스 '옥수수'에서 콘텐츠 이용 시 사용할 수 있는 '1만원 금액권'을 17% 이상 할인한 8,250원에 판매합니다.2월 1일에는 국내 최대 월 정액 독서앱 '밀리의서재' 프리미엄 구독권을 내놓고, 2월 3일에는 음악 스트리밍서비스 '지니뮤직' 이용권 등을 특별한 혜택으로 차례로 선보일 예정입니다.김주희 11번가 사업운영담당은 ""점점 더 간소해지는 명절문화 트렌드에 따라 설 연휴를 휴가 시즌처럼 보내는 이들이 늘어나고 있어 최근 추세를 반영한 트렌디한 상품들을 다양하게 마련하고자 했다""며, ""특히 11번가의 독보적인 상품 경쟁력을 바탕으로 이번 기획전에서 첫 선보이는 다양한 콘텐츠 이용권과 같은 색다른 상품에 대한 고객 관심이 뜨거울 것""이라고 말했습니다.김태학기자 thkim86@wowtv.co.kr▶ 네이버 홈에서 [한국경제TV] 채널 구독하기 [생방송보기]▶ 대한민국 재테크 총집결! - [증권 / 주식상담 / 부동산]ⓒ 한국경제TV, 무단 전재 및 재배포 금지   ]",[],http://www.newsis.com/view/?id=NISX20190114_0000528756&cID=13001&pID=13000,https://n.news.naver.com/mnews/article/215/0000730166?sid=101
2019.01.23.,데일리안,,"에누리 가격비교, 홈트레이닝 제품 중복할인 프로모션",,,http://www.dailian.co.kr/news/view/768942/?sc=naver,https://zdnet.co.kr/
2019.01.24.,아주경제,IT/과학,"토즈 “스터디센터 상품권, 새해 자기계발 돕는 가성비 설날 선물”","[    (지디넷코리아=안희정 기자)정부가 주도하는 오프라인 간편결제 서비스인 제로페이에 카카오페이와 11번가, 이베이 등이 합류할 예정이다.21일 중소벤처기업부에 따르면 지난 18일까지 제로페이에 참여할 기업을 모집한 결과 이들 기업 포함 총 15개 사업자가 신청했다.KT, 한국전자영수증, KG이니시스, 코스콤, 한패스, 핀크, 이비카드, 디셈버앤컴퍼니자산운용, 티모넷, 하렉스인포텍, KIS정보통신, KSNET 등도 포함됐다.     서울시 지하철 내 붙어있는 제로페이 홍보 광고.(사진=지디넷코리아)카카오페이는 현재 시행하고 있는 사업과의 병행 가능 여부가 명확하지 않았었기 때문에 제로페이 시범사업에는 참여 하지 않은 바 있다.카카오페이 관계자는 ""중기부로부터 제로페이 4대 원칙에 합의한 사업자라면 누구나 참여할 수 있으며 개별기업의 서비스 정책에 대해서는 관여하지 않는다는 기본 입장임을 확인 받아 제로페이 본 사업 참여를 결정하게 됐다""고 설명했다.제로페이 4대 원칙은 소상공인 수수료 0%대 적용, 간편결제 사업자와 은행 등 누구나 참여 가능한 오픈 플랫폼, 새로운 기술·수단이 적용될 수 있도록 구현, 금융권 수준의 IT 보안기술 확보 등이다.스마일페이를 서비스하는 이베이코리아 관계자는 ""현재 SPC가맹점과 GS수퍼마켓 등에서 스마일페이를 쓸 수 있지만, 제로페이 합류하게 돼 오프라인 결제 영역을 확대하게 됐다""고 말했다.11페이를 서비스하는 11번가 관계자는 ""11페이 결제서비스를 갖고 오프라인 제로페이 할 수 있도록 만들 예정""이라며 ""11페이 앱을 만든 이후 가능해질 전망이다""라고 말했다.KT 관계자는 ""제로페이가 소상공인 결제수수료 경감 목적이라 사업참여를 결정했다""며 ""아직 결정된 것은 없다""고 했다.중기부는 다음달부터 제로페이 신청 기업 대상으로 자격 요건 심사를 진행할 예정이고, 시스템 개발을 거쳐 5월 정식 서비스를 시작할 예정이다.안희정 기자(hjan@zdnet.co.kr) ▶ 지디넷코리아 '홈페이지' / ▶ 지디넷코리아 ‘이슈진단+’  ▶ 네이버 채널에서 ‘지디넷코리아’를 구독해주세요  ]",['제로페이로 소상공인 카드거부가 사라지길..'],http://www.ajunews.com/view/20190130142623515,https://n.news.naver.com/mnews/article/092/0002154833?sid=105
2019.01.31.,뉴시스,,"11번가, 11일에 T멤버십 11% 할인",,,http://www.newsis.com/view/?id=NISX20190111_0000527383&cID=13001&pID=13000,http://www.ekn.kr
2019.01.31.,이데일리,,미세먼지에 온라인 장보기 급증했다,,,http://www.edaily.co.kr/news/newspath.asp?newsid=02728966622362312,http://it.chosun.com/
2019.01.23.,데이터넷,,"프리즘코리아, 사운드바 일체형 TV 출시 기념 11번가 특가 프로모션",,,http://www.datanet.co.kr/news/articleView.html?idxno=130483,http://www.news2day.co.kr
2019-01-23 10:41:35,MBN,,카카오페이·KT·이베이·11번가 등 제로페이 참여,,,http://mbn.mk.co.kr/pages/news/newsView.php?category=mbn00003&news_seq_no=3741452,http://www.businesspost.co.kr/
2019-01-23 10:44:10,아주경제,,"토즈 “스터디센터 상품권, 새해 자기계발 돕는 가성비 설날 선물”",,,http://www.ajunews.com/view/20190130142623515,http://www.gamefocus.co.kr
2019-01-21 15:04:52,뉴시스,,"11번가, 11일에 T멤버십 11% 할인",,,http://www.newsis.com/view/?id=NISX20190111_0000527383&cID=13001&pID=13000,https://zdnet.co.kr/
2019-01-23 08:29:48,메트로신문,IT/과학,"11번가, '로드샵' 서비스 1년만에 거래액 2배 상승","[    드라마·영화·책 등 50여종 선봬(지디넷코리아=백봉삼 기자)11번가(대표 이상호)가 23일부터 2월5일까지 '완벽한 설, 즐길거리' 기획전을 열고 간소한 명절연휴를 보내는 이들을 위한 다양한 상품을 판매한다.이번 기획전에서는 명절에 인기 높은 먹거리, 즐길거리 e쿠폰 외에도 최근 트렌드를 반영한 '영상콘텐츠 이용권'과 '독서앱 이용권' 등 이색상품을 새롭게 선보인다.'데일리 딜'을 통해 매일 한 개 대표상품을 한정수량으로 특가 판매한다. 23일에는 SK브로드밴드의 IPTV인 Btv이용고객들이 유료상품 결제 시 사용할 수 있는 '3만원 포인트권'(VAT 포함 3만3천원)을 35% 할인한 2만1천450원에, 28일에는 SK브로드밴드의 모바일 동영상 서비스 '옥수수'에서 콘텐츠 이용 시 사용할 수 있는 '1만원 금액권'을 17% 이상 할인한 8천250원에 판매한다.    2월1일에는 월정액 독서앱 '밀리의서재' 프리미엄 구독권, 2월3일에는 음악스트리밍서비스 '지니뮤직' 이용권 등을 특별한 혜택으로 차례로 선보인다.모바일로 다양한 콘텐츠를 적극 소비하는 고객들이 늘어남에 따라 11번가는 이번 기획전에서 관련 사업자 간 제휴 시너지를 통해 트렌디한 상품 수급과 폭넓은 상품 라인업 확보에 중점을 뒀다.11번가 단독특가 상품도 선보인다. 24일에는 KFC의 신메뉴 '올웨이즈 오리지널 세트'를 6천900원에, 29일에는 홈메이드 담금주를 만들 수 있는 '살룻 DIY 담금주세트'를 1만7천원부터(무료배송) 판매한다.11번가에 따르면 명절 연휴가 다가올수록 배송 걱정 없는 e쿠폰의 인기가 높아진다. 지난해 설 명절 기간(2018년 2월15~17일) e쿠폰 판매 데이터를 분석한 결과 전주(2월8~10일) 대비 거래액이 51% 증가하고, 그 중 '편의점 이용권' 거래액은 무려 566%나 급증하는 등 명절 특수와 함께 e쿠폰의 인기가 두드려졌다.특히 명절을 혼자 보내거나 집에서 가족들과 간소하게 보내는 이들이 많아지면서 이들을 위한 편의점 이용권, 외식 상품권부터 공연관람권, 전시 이용권, 키즈카페 입장권 등 e쿠폰 50여종도 할인해 판매한다. 메가박스 1인패키지, 예술의전당 '에바 알머슨전' 입장권부터 아이들이 좋아하는 '코코몽' 키즈카페 입장권, 실내동물원 '주렁주렁' 테마파크 입장권 등을 선보인다.11번가 김주희 사업운영담당은 ""점점 더 간소해지는 명절문화 트렌드에 따라 설 연휴를 휴가시즌처럼 보내는 이들이 늘어나고 있어 최근 추세를 반영한 트렌디한 상품들을 다양하게 마련하고자 했다""며 ""특히 11번가의 독보적인 상품 경쟁력을 바탕으로 이번 기획전에서 첫 선보이는 다양한 컨텐츠 이용권과 같은 색다른 상품에 대한 고객 관심이 뜨거울 것""이라고 말했다.백봉삼 기자(paikshow@zdnet.co.kr) ▶ 지디넷코리아 '홈페이지' / ▶ 지디넷코리아 ‘이슈진단+’  ▶ 네이버 채널에서 ‘지디넷코리아’를 구독해주세요  ]",[],http://www.metroseoul.co.kr/news/newsview?newscd=2019011700080,https://n.news.naver.com/mnews/article/092/0002154940?sid=105
2019.01.23.,이데일리,,미세먼지에 온라인 장보기 급증했다,,,http://www.edaily.co.kr/news/newspath.asp?newsid=02728966622362312,http://it.chosun.com/
2019.01.24.,데이터넷,,"프리즘코리아, 사운드바 일체형 TV 출시 기념 11번가 특가 프로모션",,,http://www.datanet.co.kr/news/articleView.html?idxno=130483,http://www.news2day.co.kr
2019.01.31.,MBN,,카카오페이·KT·이베이·11번가 등 제로페이 참여,,,http://mbn.mk.co.kr/pages/news/newsView.php?category=mbn00003&news_seq_no=3741452,http://www.businesspost.co.kr/
2019.01.30.,지디넷코리아,,"""쿠팡, 11번가 제치고 모바일 앱 방문자 수 1위""",,,http://www.zdnet.co.kr/ArticleView.asp?artice_id=20190118112403,http://www.getnews.co.kr
2019.01.31.,전자신문,,"11번가, 내실경영 집중...이상호 대표 “올해 목표는 BEP 달성”",,,http://www.etnews.com/20190122000224,http://www.gamefocus.co.kr
2019.01.23.,뉴스투데이,,"[뉴스투데이 E] 풀무원녹즙, 11번가서 ‘인기녹즙 10종’ 쇼킹딜 진행",,,http://www.news2day.co.kr/119752,http://www.cnbnews.com
2019.01.21.,아주경제,,"에코백스, '디봇 오즈모 900' 11번가 론칭 기념 단독 이벤트 진행",,,http://www.ajunews.com/view/20190121103644039,http://www.ebn.co.kr
2019.01.23.,서울경제,,"[시그널] 이커머스 ‘트래픽=기업가치’, 쿠팡·11번가·위메프 순",,,http://www.sedaily.com/NewsView/1VE33NZ2IN,https://zdnet.co.kr/
2019.01.28.,브릿지경제,IT/과학,11번가 로드샵 서비스 순항중…1년만에 거래액 2배↑,"[    드라마·영화·책 등 50여종 선봬(지디넷코리아=백봉삼 기자)11번가(대표 이상호)가 23일부터 2월5일까지 '완벽한 설, 즐길거리' 기획전을 열고 간소한 명절연휴를 보내는 이들을 위한 다양한 상품을 판매한다.이번 기획전에서는 명절에 인기 높은 먹거리, 즐길거리 e쿠폰 외에도 최근 트렌드를 반영한 '영상콘텐츠 이용권'과 '독서앱 이용권' 등 이색상품을 새롭게 선보인다.'데일리 딜'을 통해 매일 한 개 대표상품을 한정수량으로 특가 판매한다. 23일에는 SK브로드밴드의 IPTV인 Btv이용고객들이 유료상품 결제 시 사용할 수 있는 '3만원 포인트권'(VAT 포함 3만3천원)을 35% 할인한 2만1천450원에, 28일에는 SK브로드밴드의 모바일 동영상 서비스 '옥수수'에서 콘텐츠 이용 시 사용할 수 있는 '1만원 금액권'을 17% 이상 할인한 8천250원에 판매한다.    2월1일에는 월정액 독서앱 '밀리의서재' 프리미엄 구독권, 2월3일에는 음악스트리밍서비스 '지니뮤직' 이용권 등을 특별한 혜택으로 차례로 선보인다.모바일로 다양한 콘텐츠를 적극 소비하는 고객들이 늘어남에 따라 11번가는 이번 기획전에서 관련 사업자 간 제휴 시너지를 통해 트렌디한 상품 수급과 폭넓은 상품 라인업 확보에 중점을 뒀다.11번가 단독특가 상품도 선보인다. 24일에는 KFC의 신메뉴 '올웨이즈 오리지널 세트'를 6천900원에, 29일에는 홈메이드 담금주를 만들 수 있는 '살룻 DIY 담금주세트'를 1만7천원부터(무료배송) 판매한다.11번가에 따르면 명절 연휴가 다가올수록 배송 걱정 없는 e쿠폰의 인기가 높아진다. 지난해 설 명절 기간(2018년 2월15~17일) e쿠폰 판매 데이터를 분석한 결과 전주(2월8~10일) 대비 거래액이 51% 증가하고, 그 중 '편의점 이용권' 거래액은 무려 566%나 급증하는 등 명절 특수와 함께 e쿠폰의 인기가 두드려졌다.특히 명절을 혼자 보내거나 집에서 가족들과 간소하게 보내는 이들이 많아지면서 이들을 위한 편의점 이용권, 외식 상품권부터 공연관람권, 전시 이용권, 키즈카페 입장권 등 e쿠폰 50여종도 할인해 판매한다. 메가박스 1인패키지, 예술의전당 '에바 알머슨전' 입장권부터 아이들이 좋아하는 '코코몽' 키즈카페 입장권, 실내동물원 '주렁주렁' 테마파크 입장권 등을 선보인다.11번가 김주희 사업운영담당은 ""점점 더 간소해지는 명절문화 트렌드에 따라 설 연휴를 휴가시즌처럼 보내는 이들이 늘어나고 있어 최근 추세를 반영한 트렌디한 상품들을 다양하게 마련하고자 했다""며 ""특히 11번가의 독보적인 상품 경쟁력을 바탕으로 이번 기획전에서 첫 선보이는 다양한 컨텐츠 이용권과 같은 색다른 상품에 대한 고객 관심이 뜨거울 것""이라고 말했다.백봉삼 기자(paikshow@zdnet.co.kr) ▶ 지디넷코리아 '홈페이지' / ▶ 지디넷코리아 ‘이슈진단+’  ▶ 네이버 채널에서 ‘지디넷코리아’를 구독해주세요  ]",[],http://www.viva100.com/main/view.php?key=20190117010005326,https://n.news.naver.com/mnews/article/092/0002154940?sid=105
15면 3단,아주경제,,"에코백스, '디봇 오즈모 900' 11번가 론칭 기념 단독 이벤트 진행",,,http://www.ajunews.com/view/20190121103644039,http://www.sisajournal-e.com
2019-01-23 08:29:48,전자신문,,"에누리 가격비교, '홈트레이닝' 중복할인 프로모션 실시",,,http://www.etnews.com/20190129000044,http://www.etnews.com
2019-01-24 10:50:18,디지털데일리언론사 선정,IT/과학,"e커머스, '유료멤버십' 전쟁…“달콤하지만 독묻은 사과” 우려","[    최근 한 조사에 따르면 초등학생 장래희망으로 '유튜버'가 상위권에 올랐다. 유튜브 크리에이터로 활동하는 초등학생을 일컫는 '초튜버' 콘텐츠도 큰 호응을 얻고 있다. 퇴근 후 유튜버로 활동하며 광고 수익을 올리는 직장인 유튜버도 속속 등장하는 추세다.동영상 크리에이터가 새로운 유망 직종으로 각광받는 가운데 영상 콘텐츠 제작을 돕는 제품도 인기다. 오픈마켓 11번가에 따르면 최근 1년간 촬영용 장비 거래액은 전년 대비 2배가량 늘었다. 11번가가 유튜브 입문자를 위한 크리에이터 아이템을 소개한다.    캐논 파워샷 SX70 HS    고프로 히어로7    칼론 KMC-1500◇유튜버 입문자를 위한 필수 방송 장비동영상 콘텐츠 기본은 깔끔하고 선명한 영상과 음성이다.'캐논 파워샷 SX70 HS(51만2330원)'는 가벼운 무게로 휴대성이 좋다. 브이로거나 유튜버 등 1인 크리에이터에게 사랑받는 제품이다. 약 2030만 화소로 언제 어디서나 선명한 화질로 촬영할 수 있다. 흔들림과 손 떨림을 효과적으로 보정한다.한층 활동적으로 움직이며 촬영을 하고 싶다면 '고프로 히어로7(46만8000원)'을 추천한다. 움직임을 미리 예측하고 카메라 흔들림을 보정해 매끄러운 영상을 완성시킨다. 보이스 컨트롤 기능을 사용하면 음성 명령으로 사진 기능을 선택할 수 있다. 10m 깊이 방수를 지원하기 때문에 수중 촬영도 문제없다.'칼론 KMC-1500(7400원)'은 고영역대부터 중저음까지 안정적으로 소리를 송출하는 마이크다. 마이크 관절을 자유롭게 조절할 수 있고, 마이크 전용 필터를 사용해 깔끔한 음성을 전달한다.    오토케링 FS-480II 2m 스탠드 세트    비상 수직 360 촬영 거치대    스마트그립 SK-PSC1◇영상미를 더하는 촬영 보조 장치촬영 보조 장치를 구비하면 영상에 전문성을 더할 수 있다.'오토케링 FS-480II 2m 스탠드 세트(22만원)'는 광량을 자유롭게 조절할 수 있는 조명이다. 메이크업이나 제품 클로즈업 촬영 시 유용하다. 최다 4개 조명을 켠 것 같은 효과를 줄 수 있다.'비상 수직 360 촬영 거치대(1만9900원)'가 있다면 카메라 없이 스마트폰으로도 간편하게 촬영할 수 있다. 스마트폰을 거치한 후 거치대 길이나 높이를 조절하면 셀프 촬영부터 요리 방송, 정물 사진 등 다양한 구도로 촬영할 수 있다.'스마트그립 SK-PSC1(3만7000원)'은 유·무선 마이크나 조명을 연결하면 스마트폰을 전문 촬영장비로 변신시켜준다. 기기 상단 부분인 콜드슈 마운트 부분에 마이크를 연결하면 고품질 오디오를 녹음할 수 있다. 전면 나사홈에 액션캠을 장착하면 스마트폰을 디스플레이로 활용해 더욱 박진감 넘치는 영상을 촬영할 수 있다.    원터치 크로마키 모슬린 양면 배경 TM-1521BG    3DIO-Free Space 바이노럴 마이크    글라이드 기어 삼각대 텔레 프롬프터◇톡톡 튀는 콘텐츠 제작을 위한 아이템유튜버 채널 수가 증가하며 콘텐츠 자체 경쟁력이 중요해지고 있다. 콘텐츠 형태에 따라 맞춤화된 아이템으로 차별화된 영상을 제작하자.'원터치 크로마키 모슬린 양면 배경 TM-1521BG(7만9000원)'은 1인 유튜버가 촬영하기에 가장 최적화된 크기 배경천이다. 전용케이스에 넣어 휴대할 수 있다. 블루와 그린 양면으로 제작돼 제품은 물론 컴퓨터 그래픽(CG)까지 다양한 영상을 제작할 수 있다.뇌를 자극해 심리적 안정을 유도하는 ASMR 영상을 찍고 싶다면 '3DIO - Free Space 바이노럴 마이크(74만9000원)'를 추천한다. 작은 소리에도 민감하게 반응한다. 소음이 적어 실제로 옆에서 말하는 것과 같은 자연스러운 소리 전달이 가능하다.제품 소개나 책, 영화 리뷰 등 말을 많이 해야 하는 콘텐츠 제작에는 프롬프터가 유용하다. '글라이드 기어 삼각대 텔레 프롬프터(38만6790원)'는 카메라를 설치한 후 대사가 적힌 태블릿PC를 반사판 아래 거치하면 카메라에 시선을 고정한 채 대사를 읽을 수 있다.윤희석 유통 전문기자 pioneer@etnews.com▶ 내 USB가 산업제어시스템 보안을 흔들고 있다?▶ 네이버 모바일에서 [전자신문] 채널 구독하기▶ 전자신문 바로가기 [Copyright ⓒ 전자신문 &amp; 전자신문인터넷, 무단전재 및 재배포 금지] ]",['SX70보단 M50에 11-22 물리면 브이로그 찍는데 괜찮다 액티비티 유튜버 아니면 액션캠은 비추고 마이크는 보야나 로데껄로 추천'],http://www.ddaily.co.kr/news/article.html?no=177271,https://n.news.naver.com/mnews/article/030/0002778308?sid=105
2019.01.30.,아시아경제,,"""미세먼지에 편의점 가기도 힘드네""…통조림 사들인 온라인족 6배↑",,,http://view.asiae.co.kr/news/view.htm?idxno=2019012810435865429,http://www.ekn.kr
2019.01.23.,경기일보,,"11번가, 혼족 '완벽한 설, 즐길 거리' 기획전",,,http://www.kyeonggi.com/news/articleView.html?idxno=2038593,https://zdnet.co.kr/
2019.01.23.,뉴스1,IT/과학,"11번가, '완벽한 설날' 프로모션 실시…""최대 52% 할인""","[    드라마·영화·책 등 50여종 선봬(지디넷코리아=백봉삼 기자)11번가(대표 이상호)가 23일부터 2월5일까지 '완벽한 설, 즐길거리' 기획전을 열고 간소한 명절연휴를 보내는 이들을 위한 다양한 상품을 판매한다.이번 기획전에서는 명절에 인기 높은 먹거리, 즐길거리 e쿠폰 외에도 최근 트렌드를 반영한 '영상콘텐츠 이용권'과 '독서앱 이용권' 등 이색상품을 새롭게 선보인다.'데일리 딜'을 통해 매일 한 개 대표상품을 한정수량으로 특가 판매한다. 23일에는 SK브로드밴드의 IPTV인 Btv이용고객들이 유료상품 결제 시 사용할 수 있는 '3만원 포인트권'(VAT 포함 3만3천원)을 35% 할인한 2만1천450원에, 28일에는 SK브로드밴드의 모바일 동영상 서비스 '옥수수'에서 콘텐츠 이용 시 사용할 수 있는 '1만원 금액권'을 17% 이상 할인한 8천250원에 판매한다.    2월1일에는 월정액 독서앱 '밀리의서재' 프리미엄 구독권, 2월3일에는 음악스트리밍서비스 '지니뮤직' 이용권 등을 특별한 혜택으로 차례로 선보인다.모바일로 다양한 콘텐츠를 적극 소비하는 고객들이 늘어남에 따라 11번가는 이번 기획전에서 관련 사업자 간 제휴 시너지를 통해 트렌디한 상품 수급과 폭넓은 상품 라인업 확보에 중점을 뒀다.11번가 단독특가 상품도 선보인다. 24일에는 KFC의 신메뉴 '올웨이즈 오리지널 세트'를 6천900원에, 29일에는 홈메이드 담금주를 만들 수 있는 '살룻 DIY 담금주세트'를 1만7천원부터(무료배송) 판매한다.11번가에 따르면 명절 연휴가 다가올수록 배송 걱정 없는 e쿠폰의 인기가 높아진다. 지난해 설 명절 기간(2018년 2월15~17일) e쿠폰 판매 데이터를 분석한 결과 전주(2월8~10일) 대비 거래액이 51% 증가하고, 그 중 '편의점 이용권' 거래액은 무려 566%나 급증하는 등 명절 특수와 함께 e쿠폰의 인기가 두드려졌다.특히 명절을 혼자 보내거나 집에서 가족들과 간소하게 보내는 이들이 많아지면서 이들을 위한 편의점 이용권, 외식 상품권부터 공연관람권, 전시 이용권, 키즈카페 입장권 등 e쿠폰 50여종도 할인해 판매한다. 메가박스 1인패키지, 예술의전당 '에바 알머슨전' 입장권부터 아이들이 좋아하는 '코코몽' 키즈카페 입장권, 실내동물원 '주렁주렁' 테마파크 입장권 등을 선보인다.11번가 김주희 사업운영담당은 ""점점 더 간소해지는 명절문화 트렌드에 따라 설 연휴를 휴가시즌처럼 보내는 이들이 늘어나고 있어 최근 추세를 반영한 트렌디한 상품들을 다양하게 마련하고자 했다""며 ""특히 11번가의 독보적인 상품 경쟁력을 바탕으로 이번 기획전에서 첫 선보이는 다양한 컨텐츠 이용권과 같은 색다른 상품에 대한 고객 관심이 뜨거울 것""이라고 말했다.백봉삼 기자(paikshow@zdnet.co.kr) ▶ 지디넷코리아 '홈페이지' / ▶ 지디넷코리아 ‘이슈진단+’  ▶ 네이버 채널에서 ‘지디넷코리아’를 구독해주세요  ]",[],http://news1.kr/articles/?3523593,https://n.news.naver.com/mnews/article/092/0002154940?sid=105
2019.01.28.,한국금융경제신문,,"프리즘코리아, 사운드바 일체형 TV PT65SUHD 출시···11번가 쇼킹딜 진행",,,http://www.gvalley.co.kr/563085,http://www.lawissue.co.kr
2019.01.21.,데일리시큐,,"유아웨건 킨즈 클래스, ‘출시 기념 11번가 특가 이벤트’ 실시",,,//www.dailysecu.com/?mod=news&act=articleView&idxno=44758,http://www.sisajournal-e.com
2019.01.24.,경기일보,,"11번가, 혼족 '완벽한 설, 즐길 거리' 기획전",,,http://www.kyeonggi.com/news/articleView.html?idxno=2038593,http://www.polinews.co.kr/
15면 3단,브레이크뉴스,,11번가 ‘로드샵’ 서비스..1년 새 상점수·거래액 2배↑,,,http://www.breaknews.com/628097,http://www.newsworker.co.kr
2019.01.17.,뉴스1,,"11번가, '완벽한 설날' 프로모션 실시…""최대 52% 할인""",,,http://news1.kr/articles/?3523593,http://www.etnews.com
2019.01.30.,한국금융경제신문,IT/과학,"프리즘코리아, 사운드바 일체형 TV PT65SUHD 출시···11번가 쇼킹딜 진행","[    최근 한 조사에 따르면 초등학생 장래희망으로 '유튜버'가 상위권에 올랐다. 유튜브 크리에이터로 활동하는 초등학생을 일컫는 '초튜버' 콘텐츠도 큰 호응을 얻고 있다. 퇴근 후 유튜버로 활동하며 광고 수익을 올리는 직장인 유튜버도 속속 등장하는 추세다.동영상 크리에이터가 새로운 유망 직종으로 각광받는 가운데 영상 콘텐츠 제작을 돕는 제품도 인기다. 오픈마켓 11번가에 따르면 최근 1년간 촬영용 장비 거래액은 전년 대비 2배가량 늘었다. 11번가가 유튜브 입문자를 위한 크리에이터 아이템을 소개한다.    캐논 파워샷 SX70 HS    고프로 히어로7    칼론 KMC-1500◇유튜버 입문자를 위한 필수 방송 장비동영상 콘텐츠 기본은 깔끔하고 선명한 영상과 음성이다.'캐논 파워샷 SX70 HS(51만2330원)'는 가벼운 무게로 휴대성이 좋다. 브이로거나 유튜버 등 1인 크리에이터에게 사랑받는 제품이다. 약 2030만 화소로 언제 어디서나 선명한 화질로 촬영할 수 있다. 흔들림과 손 떨림을 효과적으로 보정한다.한층 활동적으로 움직이며 촬영을 하고 싶다면 '고프로 히어로7(46만8000원)'을 추천한다. 움직임을 미리 예측하고 카메라 흔들림을 보정해 매끄러운 영상을 완성시킨다. 보이스 컨트롤 기능을 사용하면 음성 명령으로 사진 기능을 선택할 수 있다. 10m 깊이 방수를 지원하기 때문에 수중 촬영도 문제없다.'칼론 KMC-1500(7400원)'은 고영역대부터 중저음까지 안정적으로 소리를 송출하는 마이크다. 마이크 관절을 자유롭게 조절할 수 있고, 마이크 전용 필터를 사용해 깔끔한 음성을 전달한다.    오토케링 FS-480II 2m 스탠드 세트    비상 수직 360 촬영 거치대    스마트그립 SK-PSC1◇영상미를 더하는 촬영 보조 장치촬영 보조 장치를 구비하면 영상에 전문성을 더할 수 있다.'오토케링 FS-480II 2m 스탠드 세트(22만원)'는 광량을 자유롭게 조절할 수 있는 조명이다. 메이크업이나 제품 클로즈업 촬영 시 유용하다. 최다 4개 조명을 켠 것 같은 효과를 줄 수 있다.'비상 수직 360 촬영 거치대(1만9900원)'가 있다면 카메라 없이 스마트폰으로도 간편하게 촬영할 수 있다. 스마트폰을 거치한 후 거치대 길이나 높이를 조절하면 셀프 촬영부터 요리 방송, 정물 사진 등 다양한 구도로 촬영할 수 있다.'스마트그립 SK-PSC1(3만7000원)'은 유·무선 마이크나 조명을 연결하면 스마트폰을 전문 촬영장비로 변신시켜준다. 기기 상단 부분인 콜드슈 마운트 부분에 마이크를 연결하면 고품질 오디오를 녹음할 수 있다. 전면 나사홈에 액션캠을 장착하면 스마트폰을 디스플레이로 활용해 더욱 박진감 넘치는 영상을 촬영할 수 있다.    원터치 크로마키 모슬린 양면 배경 TM-1521BG    3DIO-Free Space 바이노럴 마이크    글라이드 기어 삼각대 텔레 프롬프터◇톡톡 튀는 콘텐츠 제작을 위한 아이템유튜버 채널 수가 증가하며 콘텐츠 자체 경쟁력이 중요해지고 있다. 콘텐츠 형태에 따라 맞춤화된 아이템으로 차별화된 영상을 제작하자.'원터치 크로마키 모슬린 양면 배경 TM-1521BG(7만9000원)'은 1인 유튜버가 촬영하기에 가장 최적화된 크기 배경천이다. 전용케이스에 넣어 휴대할 수 있다. 블루와 그린 양면으로 제작돼 제품은 물론 컴퓨터 그래픽(CG)까지 다양한 영상을 제작할 수 있다.뇌를 자극해 심리적 안정을 유도하는 ASMR 영상을 찍고 싶다면 '3DIO - Free Space 바이노럴 마이크(74만9000원)'를 추천한다. 작은 소리에도 민감하게 반응한다. 소음이 적어 실제로 옆에서 말하는 것과 같은 자연스러운 소리 전달이 가능하다.제품 소개나 책, 영화 리뷰 등 말을 많이 해야 하는 콘텐츠 제작에는 프롬프터가 유용하다. '글라이드 기어 삼각대 텔레 프롬프터(38만6790원)'는 카메라를 설치한 후 대사가 적힌 태블릿PC를 반사판 아래 거치하면 카메라에 시선을 고정한 채 대사를 읽을 수 있다.윤희석 유통 전문기자 pioneer@etnews.com▶ 내 USB가 산업제어시스템 보안을 흔들고 있다?▶ 네이버 모바일에서 [전자신문] 채널 구독하기▶ 전자신문 바로가기 [Copyright ⓒ 전자신문 &amp; 전자신문인터넷, 무단전재 및 재배포 금지] ]",['SX70보단 M50에 11-22 물리면 브이로그 찍는데 괜찮다 액티비티 유튜버 아니면 액션캠은 비추고 마이크는 보야나 로데껄로 추천'],http://www.gvalley.co.kr/563085,https://n.news.naver.com/mnews/article/030/0002778308?sid=105
2019.01.31.,데일리시큐,,"유아웨건 킨즈 클래스, ‘출시 기념 11번가 특가 이벤트’ 실시",,,//www.dailysecu.com/?mod=news&act=articleView&idxno=44758,http://news1.kr/
2019-01-23 08:29:48,이데일리,생활/문화,"에누리 가격비교, 홈트레이닝 중복할인 프로모션 진행","[     11번가 로드샵 © News1(서울=뉴스1) 신건웅 기자 = 11번가는 지난해 선보인 모바일 '로드#(샵)' 서비스의 입점 상점 수와 거래액이 론칭 1년 만에 2배가량 늘어났다고 17일 밝혔다. 로드샵은 전국 유행하는 옷가게 패션을 모바일에서 한눈에 볼 수 있는 서비스다. 오프라인 주요 상권인 Δ가로수길/강남 Δ홍대/한남 Δ경기/분당 Δ부산/울산 Δ대구/기타지역 등의 옷가게 상품을 오프라인과 동일하게 둘러보고 살 수 있다. 오프라인 매장을 운영하는 패션·잡화 판매자라면 누구나 입점할 수 있다. 11번가는 젊은 감각을 지닌 우수 판매자들이 시·공간 제약 없이 더 많은 고객들에게 상품을 알리고 손쉽게 판매할 수 있도록 각자 취향대로 매장을 열고 홍보할 수 있는 미니몰인 '스토어' 기능을 제공한다. 또 로드샵 판매자 전용 블로그를 통해 테마별 기획전 상시 제안하고, 상품등록부터 반품·환불 현황 등을 모바일로 확인할 수 있는 셀러 오피스 시스템을 구축해 모바일 친화적인 사용 환경을 마련했다. 이 결과 오픈 당시 400여개였던 상점 수는 1년 만에 2배 늘어난 800여개가 됐고, 취급 상품 수도 전체 9만여개에 달했다. 전체 거래액은 지난해 1월 대비 12월 기준으로 2배 가까이 상승했다. 판매자 증가에 더해 각 지역별 유명 판매자까지 입점하는 등 양적·질적 성장 모두 거뒀다는 평이다.특히 패션거리를 중심으로 대형 로드샵이 많은 '부산권' 지역의 상점들이 가장 인기가 높았다. 주 고객은 '30대 여성'(46.1%)이 1위이며 '40대 여성'(19.9%)과 '20대 여성'(17.7%)이 뒤를 이었다. 이현주 11번가 트렌드 팀장은 ""로드샵 서비스는 남성 패션상점 등 다양한 영역에서의 판매자 영입을 확대해 갈 계획""이라며 ""소규모 로드샵 판매자들도 11번가에서 자리매김할 수 있도록 성장기회를 고루 제공하는 것이 목표""라고 말했다.keon@news1.kr▶ [ 크립토허브 ]  [ 터닝포인트 2019 ] ▶ 에어팟&amp;스타벅스 커피 경품(~1/25)[© 뉴스1코리아(news1.kr), 무단 전재 및 재배포 금지] ]",[],http://www.edaily.co.kr/news/newspath.asp?newsid=02043446622362640,https://n.news.naver.com/mnews/article/421/0003790363?sid=103
2019-01-24 10:50:18,쿠키뉴스,,"[가전 단신] 대유위니아, 에코백스, 밀레, 유라",,,http://www.kukinews.com/news/article.html?no=624267,http://www.fnnews.com/
2019-01-17 11:48:14,블로터,경제,미세먼지에 온라인 쇼핑 ↑…마스크 구매 최대 20배 증가,"[              풀무원건강생활의 신선음료 브랜드 풀무원녹즙은 오픈마켓 11번가와 함께 인기 녹즙 베스트 10종의 2주 배달권을 할인된 가격에 구매할 수 있는 '녹즙 체험 프로모션' 쇼킹딜을 진행한다고 30일 밝혔다.  1월 30일 단 하루 동안 11번가 쇼킹딜에서 단독 진행되는 이번 행사에서는 위러브, 명일엽&amp;헛개, 마시는 새싹 등 풀무원녹즙의 대표 제품부터 키즈하이, 리틀키즈하이 등 어린이용 녹즙에 이르기까지 총 10종의 베스트셀러 제품을 최대 20% 할인된 가격으로 만나볼 수 있다. 주문 제품은 배송판매원인 모닝스텝과 풀무원녹즙 가맹점을 통해 매일 아침 사무실과 가정에 배달된다.  이번 행사에서 선보이는 제품으로는 위러브가 대표적이다. 위 건강에 좋은 식품으로 알려진 국내산 유기농 양배추, 브로콜리, 케일 생즙을 55%까지 함유했으며, 신선한 6가지 채소를 풀무원의 특허 식물성유산균으로 발효시킨 채소 발효즙이다. 열에 파괴되기 쉬운 비타민 U가 원료의 영양 손실 없이 1600ug 이상 함유된 풀무원녹즙의 베스트셀러 제품이다.  하루 평균 2만 5천명이 마시는 '위러브'는 풀무원녹즙의 일 평균 판매량 1위를 자랑하는 품목으로 자체 소비자 조사 결과에서 만족도가 88%에 달할 정도로 반응도 좋다. 명일엽&amp;헛개 발효녹즙은 간 건강에 도움을 주는 것으로 알려진 명일엽에 헛개, 밀크씨슬을 식물성 유산균으로 발효시킨 제품이다. 이 외에도 미네랄과 비타민 등의 영양분이 풍부한 국내산 새싹 3종과 국내산 유기농 케일을 함유한 마시는 새싹, 레드비트와 당근, 뿌리채소 5종을 그대로 담은 하트러브 레드비트&amp;당근 등도 할인 대상 품목에 포함됐다.  어린이용 녹즙도 준비됐다. 키즈하이는 계란 34개 분량의 본펩 성분과 해조칼슘, 유기농 케일, 아이들이 좋아하는 6가지 과일을 함께 넣은 제품이다. 평소 채소 섭취를 꺼리는 아이들도 맛있게 즐길 수 있다. 리틀키즈하이는 제철에 수확한 신선한 43종의 채소와 과일을 건강하게 발효한 식물성유산균 제품이다. ▶ 세상의 모든 골 때리는 이야기 'fn파스'▶ 속보이는 연예뉴스 fn스타  ※ 저작권자 ⓒ 파이낸셜뉴스. 무단 전재-재배포 금지   ]",[],http://www.bloter.net/archives/329745,https://n.news.naver.com/mnews/article/014/0004169756?sid=101
2019-01-30 14:27:28,이데일리,,"화웨이, 한국시장에 웨어러블 밴드 첫 출시..11번가 할인판매",,,http://www.edaily.co.kr/news/newspath.asp?newsid=02837206622357720,http://www.thisisgame.com
2019.01.17.,서울경제,,"깨끗한 나라, 보솜이 디즈니 기저귀 상품평 이벤트",,,http://www.sedaily.com/NewsView/1VE7O6BKMQ,http://news1.kr/
2019.01.23.,CNB뉴스,생활/문화,"11번가 “로드샵 서비스, 1년 만에 상점 수 2배 늘어”","[     11번가 로드샵 © News1(서울=뉴스1) 신건웅 기자 = 11번가는 지난해 선보인 모바일 '로드#(샵)' 서비스의 입점 상점 수와 거래액이 론칭 1년 만에 2배가량 늘어났다고 17일 밝혔다. 로드샵은 전국 유행하는 옷가게 패션을 모바일에서 한눈에 볼 수 있는 서비스다. 오프라인 주요 상권인 Δ가로수길/강남 Δ홍대/한남 Δ경기/분당 Δ부산/울산 Δ대구/기타지역 등의 옷가게 상품을 오프라인과 동일하게 둘러보고 살 수 있다. 오프라인 매장을 운영하는 패션·잡화 판매자라면 누구나 입점할 수 있다. 11번가는 젊은 감각을 지닌 우수 판매자들이 시·공간 제약 없이 더 많은 고객들에게 상품을 알리고 손쉽게 판매할 수 있도록 각자 취향대로 매장을 열고 홍보할 수 있는 미니몰인 '스토어' 기능을 제공한다. 또 로드샵 판매자 전용 블로그를 통해 테마별 기획전 상시 제안하고, 상품등록부터 반품·환불 현황 등을 모바일로 확인할 수 있는 셀러 오피스 시스템을 구축해 모바일 친화적인 사용 환경을 마련했다. 이 결과 오픈 당시 400여개였던 상점 수는 1년 만에 2배 늘어난 800여개가 됐고, 취급 상품 수도 전체 9만여개에 달했다. 전체 거래액은 지난해 1월 대비 12월 기준으로 2배 가까이 상승했다. 판매자 증가에 더해 각 지역별 유명 판매자까지 입점하는 등 양적·질적 성장 모두 거뒀다는 평이다.특히 패션거리를 중심으로 대형 로드샵이 많은 '부산권' 지역의 상점들이 가장 인기가 높았다. 주 고객은 '30대 여성'(46.1%)이 1위이며 '40대 여성'(19.9%)과 '20대 여성'(17.7%)이 뒤를 이었다. 이현주 11번가 트렌드 팀장은 ""로드샵 서비스는 남성 패션상점 등 다양한 영역에서의 판매자 영입을 확대해 갈 계획""이라며 ""소규모 로드샵 판매자들도 11번가에서 자리매김할 수 있도록 성장기회를 고루 제공하는 것이 목표""라고 말했다.keon@news1.kr▶ [ 크립토허브 ]  [ 터닝포인트 2019 ] ▶ 에어팟&amp;스타벅스 커피 경품(~1/25)[© 뉴스1코리아(news1.kr), 무단 전재 및 재배포 금지] ]",[],http://www.cnbnews.com/news/article.html?no=397429,https://n.news.naver.com/mnews/article/421/0003790363?sid=103
15면 1단,블로터,,미세먼지에 온라인 쇼핑 ↑…마스크 구매 최대 20배 증가,,,http://www.bloter.net/archives/329745,http://www.ebuzz.co.kr
2019.01.30.,이데일리,,"화웨이, 한국시장에 웨어러블 밴드 첫 출시..11번가 할인판매",,,http://www.edaily.co.kr/news/newspath.asp?newsid=02837206622357720,http://www.mt.co.kr/
2019.01.21.,스포츠서울,경제,"에누리, 홈트레이닝 제품군 1월 매출 전년 대비 65% 증가","[    [머니투데이 박진영 기자] [이커머스 식품, 생필품 등 생활 소비재 판매 큰 폭 증가 …미세먼지 방지 아이템도 '불티' ]     역대 최악의 미세먼지 공습으로 간단한 먹거리 및 생필품을 온라인으로 구매하는 고객이 급증했다. 11번가는 미세먼지 긴급재난문자가 전송된 지난 11일부터 24일까지 가공∙신선식품∙생필품 거래액과 마스크, 공기청정기 거래액이 최대 5배 이상 늘었다고 28일 밝혔다. 특히 반찬, 간편식 등 식품 거래액이 지난달 대비 크게 치솟았다. 미세먼지로 소비자들이 외출을 꺼리면서 마트, 편의점 등 오프라인 매장에서 구매할 수 있는 간단한 간편식도 온라인으로 주문하는 수요가 크게 늘어났기 때문으로 분석된다. 반찬∙간편식은 전월 동기 대비 102% 거래액이 늘었고 기저귀는 3배 이상(209%), 분유는 4배 가까이(298%) 증가했다. 쌀과 과일은 각각 53%, 61% 판매가 늘었고 냉동∙간편과일은 95%, 생선과 육류도 각각 51%, 54% 증가했다.미세먼지 차단상품도 불티나게 팔렸다. 미세먼지 마스크는 지난달 같은 기간 대비 424% 판매가 급증했고 최악의 미세먼지 농도를 보였던 지난 14일 하루 거래액은 1주일 전 같은날 대비 무려 20배 이상 판매가 치솟았다. 공기청정기 역시 전월 동기 대비 3배 가까이(188%) 판매가 신장했고 '산소캔' 거래액은 61%증가했다. 전년 동기 대비로는 3000% 이상 급증했다. 11번가 관계자는 ""미세먼지 전용 탭을 신설해 상품기획자가 엄선한 오늘의 추천상품, 미세먼지 이겨내는 생활수칙 등 다양한 콘텐츠를 마련, 고객 니즈에 보다 신속하게 대응할 예정""이라고 말했다. 이커머스 티몬도 같은 기간 즉석밥, 라면 매출이 각각 50%, 41% 늘었다고 밝혔다. 생수와 계란도 각각 25%, 28% 늘었고 우유 판매액도 23% 신장했다. 미세먼지 마스크는 665% 판매액이 뛰었다. 지마켓에도 같은 기간 즉석밥, 국 등의 가공식품이 28% 매출 신장했고 김치와 쌀이 각각 25%, 29% 신장했다. 황사 마스크와 공기청정기 판매도 각각 225%,187% 늘었다. 티몬 관계자는 ""미세먼지와 초미세먼지 지수가 급증하면서 미세먼지로부터 건강을 지켜줄 상품들은 물론, 식품과 생활용품 등 장을 본 고객들도 증가했다""고 말했다. 이어 ""가까운 편의점에서 구매할 수 있는 간편식인 즉석밥, 라면을 비롯 계란, 우유, 과일을 비롯한 신선식품도 전월 대비 판매가 큰 폭으로 늘었다""고 말했다.     ▶창립20주년 기획 '영리더'▶손혜원 목포 부동산 투기논란, 팩트는? ▶뉴스는 머니투데이 박진영 기자 jyp@&lt;저작권자 ⓒ '돈이 보이는 리얼타임 뉴스' 머니투데이, 무단전재 및 재배포 금지&gt;  ]",[],http://www.sportsseoul.com/news/read/724893,https://n.news.naver.com/mnews/article/008/0004166552?sid=101
2019.01.30.,서울경제,,"깨끗한 나라, 보솜이 디즈니 기저귀 상품평 이벤트",,,http://www.sedaily.com/NewsView/1VE7O6BKMQ,http://www.asiatoday.co.kr
2019.01.31.,뉴스토마토,,"에코백스, '디봇 오즈모 900' 11번가 론칭 기념 이벤트",,,http://www.newstomato.com/ReadNews.aspx?no=870928,http://www.asiatime.co.kr/
2019.01.22.,이데일리,,"11번가, 올해 첫 '11번가데이' 개최",,,http://www.edaily.co.kr/news/newspath.asp?newsid=02604326622356736,http://www.fnnews.com/
2019.01.25.,뉴스1,경제,"11번가, 플라스틱 빨대 안쓰기 캠페인","[              풀무원건강생활의 신선음료 브랜드 풀무원녹즙은 오픈마켓 11번가와 함께 인기 녹즙 베스트 10종의 2주 배달권을 할인된 가격에 구매할 수 있는 '녹즙 체험 프로모션' 쇼킹딜을 진행한다고 30일 밝혔다.  1월 30일 단 하루 동안 11번가 쇼킹딜에서 단독 진행되는 이번 행사에서는 위러브, 명일엽&amp;헛개, 마시는 새싹 등 풀무원녹즙의 대표 제품부터 키즈하이, 리틀키즈하이 등 어린이용 녹즙에 이르기까지 총 10종의 베스트셀러 제품을 최대 20% 할인된 가격으로 만나볼 수 있다. 주문 제품은 배송판매원인 모닝스텝과 풀무원녹즙 가맹점을 통해 매일 아침 사무실과 가정에 배달된다.  이번 행사에서 선보이는 제품으로는 위러브가 대표적이다. 위 건강에 좋은 식품으로 알려진 국내산 유기농 양배추, 브로콜리, 케일 생즙을 55%까지 함유했으며, 신선한 6가지 채소를 풀무원의 특허 식물성유산균으로 발효시킨 채소 발효즙이다. 열에 파괴되기 쉬운 비타민 U가 원료의 영양 손실 없이 1600ug 이상 함유된 풀무원녹즙의 베스트셀러 제품이다.  하루 평균 2만 5천명이 마시는 '위러브'는 풀무원녹즙의 일 평균 판매량 1위를 자랑하는 품목으로 자체 소비자 조사 결과에서 만족도가 88%에 달할 정도로 반응도 좋다. 명일엽&amp;헛개 발효녹즙은 간 건강에 도움을 주는 것으로 알려진 명일엽에 헛개, 밀크씨슬을 식물성 유산균으로 발효시킨 제품이다. 이 외에도 미네랄과 비타민 등의 영양분이 풍부한 국내산 새싹 3종과 국내산 유기농 케일을 함유한 마시는 새싹, 레드비트와 당근, 뿌리채소 5종을 그대로 담은 하트러브 레드비트&amp;당근 등도 할인 대상 품목에 포함됐다.  어린이용 녹즙도 준비됐다. 키즈하이는 계란 34개 분량의 본펩 성분과 해조칼슘, 유기농 케일, 아이들이 좋아하는 6가지 과일을 함께 넣은 제품이다. 평소 채소 섭취를 꺼리는 아이들도 맛있게 즐길 수 있다. 리틀키즈하이는 제철에 수확한 신선한 43종의 채소와 과일을 건강하게 발효한 식물성유산균 제품이다. ▶ 세상의 모든 골 때리는 이야기 'fn파스'▶ 속보이는 연예뉴스 fn스타  ※ 저작권자 ⓒ 파이낸셜뉴스. 무단 전재-재배포 금지   ]",[],http://news1.kr/articles/?3518999,https://n.news.naver.com/mnews/article/014/0004169756?sid=101
A12면 4단,IT조선,,"위메프·11번가·인터파크, 유료 멤버십제 '저울질'…""충성고객 잡아라""",,,http://it.chosun.com/site/data/html_dir/2019/01/21/2019012100404.html,http://www.thisisgame.com
2019-01-17 11:48:14,부산일보,,"필립스, '2019 새해맞이 11번가 단독 기획전' 개최",,,http://www.busan.com/view/busan/view.php?code=2019011518553201677,http://www.shinailbo.co.kr/
2019-01-28 16:09:17,뉴스1,,"11번가, 플라스틱 빨대 안쓰기 캠페인",,,http://news1.kr/articles/?3518999,http://www.insight.co.kr
2019-01-30 14:27:28,IT조선,,"위메프·11번가·인터파크, 유료 멤버십제 '저울질'…""충성고객 잡아라""",,,http://it.chosun.com/site/data/html_dir/2019/01/21/2019012100404.html,http://www.edaily.co.kr/
2019-01-28 05:02:28,부산일보,IT/과학,"필립스, '2019 새해맞이 11번가 단독 기획전' 개최","[ - 오픈마켓과 배달앱 위축시킬 가능성..11번가, 배달의민족, 네이버스토어 영향- 중소 오픈마켓은 플랫폼 관리 비용 과다로 더 어려워져- 스타트업 진입 사실상 불가, 중소상공인도 피해- 비판 잇따르자 국회, 전문가 협의회 만들어 재논의하기로[이데일리 김현아 기자]국내 커머스 시장이 강자들 중심으로 재편되는 과점체제로 고착화될 수 있다는 우려가 커지고 있다.지난해 말 공정거래위원회가 전재수 의원(더불어민주당)과 함께 만들어 입법예고한 ‘전자상거래 등에서의 소비자보호에 관한 법률 전부개정법률안’때문이다.법안에서는 오픈마켓이나 온·오프라인 연결(O2O)서비스(통신판매중개업자)에도 물건을 사서 파는 온라인쇼핑몰(통신판매업자)과 같은 수준의 소비자 보호책임을 부과했다. 소비자 보호를 강화한다는 좋은 취지이지만, 소규모 중개 플랫폼 업체는 관리 비용 증가로 도산할 수 있고 스타트업의 신규 진입은 어려워질 전망이다.대형 온라인 쇼핑몰에 비해 저렴한 중개 수수료를 내면 상품을 등록·판매할 수 있는 오픈마켓이나 배달앱 시장을 위축시켜, 중소상공인의 피해도 불가피하다는 지적이다.각계의 비판이 잇따르자, 전재수 의원실은 지난 23일 국회 공청회 이후 2월 중 각계 전문가들로 구성된 협의체의 운영을 통해 법안을 재검토하기로 했다.    국내 대표적인 오픈마켓들◇오픈마켓과 배달앱 죽이는 법..11번가, 배달의민족, 네이버스토어 영향IT기술을 활용해 커머스를 제공하는 곳은 크게 SSG닷컴·롯데닷컴 같은 대형 백화점들이 하는 온라인쇼핑몰과 11번가·배달의민족·네이버스토어 같은 오픈마켓, O2O같은 중개서비스 모델, 쿠팡·티몬 등의 소셜 커머스 등이 있다. 온라인쇼핑몰은 직접 물건을 매입하고 물류를 갖춰 서비스하는데 반해, 대부분의 오픈마켓이나 배달앱은 판매자와 고객을 중간에서 연결하는 중개 역할만 한다.그런데 법안에선 통신판매중개업자인 오픈마켓과 배달앱에도 거래 당사자인 통신판매업자(인터넷쇼핑몰)에 준하는 법적 지위를 부여했다. 극단적으로 배달의민족을 통해 족발을 시켜 먹은 후 배탈이 나면 판매자(족발집)뿐 아니라 배달의민족도 소비자 피해 보상 책임을 지는 것이다.업계 관계자는 “거래 당사자가 아닌 통신판매중개업자에게 통신판매업자에 준하는 법적지위를 부여한 것은 헌법상 평등의 원칙이나 과잉금지 원칙을 위배했을 뿐 아니라, 오픈마켓이나 배달앱의 입점 기준을 까다롭게 만들어 중소상공인보다는 대기업을 선호하게 돼 국내 전자상거래 시장을 왜곡시킬 것”이라고 우려했다.또 다른 관계자는 “오픈마켓의 장점이 사라지기 때문에 쇼핑몰로 전환하는 일까지 고려하고 있다”며 “더 큰 문제는 법안의 영향을 전혀 안 받는 대형 유통업체 쇼핑몰이나 그나마 견딜 수 있는 G마켓·11번가나 네이버스토어 외에 신생 스타트업들은 커머스 시장에 진입하기 어려워진다는 것”이라고 말했다.    국내 대표적인 배달앱들◇국회 입법예고에 반대만 161건…소비자 단체들도 “재논의 하자”이 법에는 한국인터넷기업협회, 한국온라인쇼핑협회, 코리아스타트업포럼 등만 반대하는 게 아니다. 국회 홈페이지 입법예고 기간(2018년 11월 14~18일) 동안 제시된 총 161건의 의견은 모두 반대였다. ‘제품 하자시 청약철회 기간을 공급받은 날부터 3개월 이내로 하는 것은 너무 길다’, ‘전자상거래소비자단체 등을 세금으로 지원할 필요가 있는지 의문’이라는 의견이 있었다.소비자단체들도 재논의가 필요하다는 입장이다. 한국소비자연맹 정지연 사무총장은 국회 토론회에서 “전부개정 과정에서 소비자 등 이해관계자 의견수렴이 충분히 이뤄지지 않았다”고 지적했고, 한국소비자원 정신동 박사는 “플랫폼 책임 강화를 골자로 한 것은 긍정적”이라면서도 “거래 유형과 사업자 유형에 대한 구분, 사업자와 소비자 간 책임 범위 규율 등은 법리적 측면의 재검토가 필요하다”고 밝혔다.인천대 법학과 문상일 교수는 “법적으로 판매행위와 중개행위는 명확히 구분되는데 이를 간과하고 전면 폐지하는 것은 적절치 않다”며 “통신판매중개업자에 대한 책임 강화가 소비자 선택권 감소로 이어질 수 있다”고 우려했다. 김현아 (chaos@edaily.co.kr)＜ⓒ종합 경제정보 미디어 이데일리 - 무단전재 &amp; 재배포 금지＞ ]","['수수료는 받아먹고 사고나면 나몰라라 하는게 맞는거냐 법안이 이제야 제대로 되는거지', '', '문제앙 ㅈㅈ치고갑니다..', '', '한떄 문빠였던 내가 봐도 문재인은 시대의 흐름을 역행하는 완전 문선대원군이다ㄷㄷ 이런 인간을 내 손으로 뽑았다는게 정말 슬프구나.. 다시는 좌파 정치인 안 뽑아ㅠㅠ', '와 깬다.. 진짜 문재앙... 탁상행정', '', '부동산 중개업을 하면 이제 건물의 하자도 책임 져야 겠군', '', '경제는 그래도 능글능글 한나라당이 잘하는거같다', '마치 광고회사가 제품 검수까지 할 기세 ㅋㅋㅋ 생각이 있나?', '완전 돌아이 집단이구만 ㅋㅋㅋ 게임 문제있다고 피씨방 욕하는꼴 ㅋㅋㅋ', '', '', '틀딱들 수준 ㅋㅋ 전화 상담 할때 중계업자라 책임 없다고 하면서 본사로 전화 돌리면 가장 발광하는게 틀딱인데, 그 책임을 만드는 법은 싫다고 하네 ㅋㅋ', '방향이 알게모르고 개선 되는것 같지만 사실 더 불편해지고 비용이 오른다는걸 모르는걸까?  그냥 우리나라는 배아파법 밖에 안남을듯', '웃긴다 ㅋㅋ 이건 해야지ㅋㅋ 수수료 글케받으면서 판매자관리안하고 ㅋㅋ 소비자 민원에도 지들 책임아니라고 뒷짐지는데 ㅋㅋ 니들도 살고싶으면 판매자 검증 및 관리 확실히좀해라 ㅋㅋ 규제때문이아니라 그게 상도다 ㅋㅋ', '와 이게 뭘뜻하는지 모르고\n그저 공감하고 환영하는 사람들 많구나\n결과적으로는 소비자만 손해인데\n이러니 개돼지소리듣지', '로비 받은게 있을테니 당분간은 밀어줘야겠지.  글로벌시대에 경쟁할 수 있는 힘을 법적제도라는 이름 아래에 몇년이나 뒤처지게 할려고 하네.', '', '서민킬러 문재앙 ㅋㅋ', '문재앙식 사고발상력에 탄복합니다.\n\n서민을 서민답게~', '생각좀 하고 현실적으로 접근해라', '창업자들 죽이는 정부. 규제에 규제에 경제가 돌아가겄냐 도대체', '기레기야 소비자권익이 우선적으로 보장되어야 하는게 당연한게 아니냐? 그런 토양에서 공정하게 경쟁하는게 맞지? 무슨 헛소리 하냐? 특정 기업 기획 굉고 기사도 아니고?', '', '약간의 문제는 있지만 중계업도 어느정도 책임을 줘야지 쓰레기업체들 걸러낼수있음 오픈마켓보면 짝퉁파는애들 아직도팔고있음 ㅋㅋㅋㅋㅋㅋㅋ배달업쪽은 위생문제 되는업체는 확실히 걸러야지 ㅋㅋㅋ', '', '기업을 죽이는 재앙이 닥', '배달앱 망해라 ㅋㅋㅋㅋㅅㅂ 소비자,이용사장들 수수료나 ㅈㄴ 뜯어가고 지들만 배불리는 구조', '결국 또 대기업 위주로~', '', '주문 대행업체가 당연히 책임을 일부가져야 한다 그럼 이익은 어마하게 누리는데 책임은 없다. 이건 완성차업체인 현대차도 책임이 없다 라는 논리다 현대는 조립해 완성제품을 파는 완성차업체다 그럼 조립해서 파는 업체이니까 부품회사 마다 책임을 물어야 한다는 소리랑 같다', '', '씔데없이소상공인들에게가야할돈이이런데로새어나가니깐치킨값이2만원되고정작 음식을생산하느사람과소비하는사람들만손해보는구조인이런불필요한앱들은사라지는게맞는거같다.', '전재수..  휴..', '', '문과충들 규제 못해서 안달남 막상 지들은 인류발전에 하나 도움이 안되는건 모르나봄', '', '자기 권리를 찾자는 목소리 없고 그냥 업체 살려야 한다는 소리만 하는 웃긴 인간들이 넘 처 나는구나', '', '책임 안질거면 진즉에 수수료 덜 쳐먹지. 중간 연결만하면서 무슨 광고비에 수수료에 베딜비에 등골 짜내더니 잘됐다', '배달앱 등 이런 책임은 없고 수수료만 받아 먹는 업체는 페미들의 뷔페니즘하고 다를게 머냐? 얄팍한 책임에 이익만을 원하는 노조와 다를게 없지않나? 이런 수수료만 먹는 무책임한 업체들을 스타트업이니 IT 기업이니 이딴걸로 포장하지마라 역겨우니까. 저렴한 수수료? 입점하는 업체들 경쟁시켜서 돈마니 내는 업체 순으로 리스트 업 하는데? 이건 법이 제대로 가는게 맞다', '별 그지같은 법 만들려고 발악을 하네', '문재앙 뽑은놈들 책임져라 도망가지말고 아가리털지말고 참고로 난 안뽑았다 ^_^ㅗ', '역시 개.또.라.이 이데일리 기래기 맞네. 물건팔은 수수료 쳐묵고 모르쇠하는게 정상인가? 당연이 배달앱이나 온라인몰도 책임을 지는게 당연하지. 뭔 구신 신나락 까먹는 헛소히고', '원래 국회의원들이 모르고, 알 생각도 안해서 자기들한테 이득가는거 없으면 입법 이런거 없음. 뜬다 싶으면 각종 명목으로 세금받아야 한다고 언론 물타기 후 바로 입법해서 세금만 뜯어가고. 그 세금으로 연말에 선진국 및 해외 문화 탐당 이렇게 서류 만들어서 해외여행 가고, 그 돈이 또 남으면 지방의회 의원들이 또 갔다 오는거고. 물론 지방의원들도 벌써 예산에 올해 해외여행 갈 돈을 빼놨을듯.', '옥션,지마켓,11번가는 뭐가 수수료가 저렴한지? 이것저것 빼면 종합몰과 거의비슷한 수준에 문제생기면 플랫폼만 제공한다며 모른다로 일관\n수수료 비교분석내용으로 파악하시기바람', '숙박예약어플들도 폭리가심함', '기자는 그러니까 소규모회사는 소비자 보호 안해줘도 된다는 주장을 하고 있는거지?', '', '배달앱 없애는거 좋은뎅ㅋㅋㅋ배달수수료 안 나가서', '야놀*랑 여기어* 광고료 규제좀 해주지...', '', '하여간 민주당새끼들 수준하곤', '문재인은 진짜 국민들 세금 열나게 뜯어가고 불편하게 만드는 규제에만 환장을 했구나....', '', '늙으신분들 다 해먹고 사세요 아주진짜 더러워서참', '역시 전통의 대기업들을 위해 이정부는 일을한다!!  캬~~~대단해!!! 족벌정부', '', '', '', '', '', '도랏', '서버 한대 두고 앱 프로그램 하나 짜서 아무 책임도 없이 마르고 닳도록 피를 빨아대는 앱중계 규제하는게 맞다.', '중간에서 수수료 장사하면서 배달이나 사고관련에는 나몰라라하는걸 바로 잡으려는데 이제 제대로 돌아가는거지', '소비자를 위한 법인데 댓글들은 반응이 안좋네^^;; 솔직히 단지 중개만한다고 난 책임없어~ 이건 좀 아니지않나싶다..', '불량물건 소비자한테 팔아먹고 나몰라하는것들에게 책임지게하는게 당연한거지! 소비자권리를 무시하고 법대로 하라는 판매업자들 을 보고 방관하라는거니?  미칭 이데일리 아닌가?  기자놈아 넌 물건사서 하자 생기면 판매자가 나몰라라해도 감사하게 생각하겠네?  기레기가 미친건가?', '규제 좀 풀라니까. 더 걸고 앉아 있네. 또 ‘소비자 보호’ 라는 거창한 명분을 들고 있으니. 반대하면 또 적폐?라고 몰아 붙칠건가보다.', '', '대체 세금이 얼마나 더 필요하길래 배민까지 건들지 ㅋ 기사에 있는 예시처럼 먹다가 배탈나면 업체랑 배민이 나한테 얼마나 보상해주는지를 좀 알려주면 안되려나; 짜장면 뿔거나 음식 제대로 안익혀서 오는것도 보상을 받을 수 있는건가..? 기준이 뭔지 정확히 좀 알려줬으면...', '중간업자 폭리 제재는 당연한거임..근데 우리나라 쇼핑몰은 왜 알리같이 무료배송 활성화를 못하나 택배배송말고 싼 우편을로 말이다 ..그러니 경쟁력이 떨어지지', '책임은 하나도 안지고 중간에서 수수료만 빨아먹는 것들에 대한 제재는 당연한겁니다.', '저런 저런', '이 도덕주의에 미친 정부 또 씹선비 질이네!! 진짜 나찌식 전체주의 국가 만들셈이냐 이 씹선비 유교탈레반 섹희들아!!!!', '좋은 일 같은데']",http://www.busan.com/view/busan/view.php?code=2019011518553201677,https://n.news.naver.com/mnews/article/018/0004300103?sid=105
2019.01.30.,이투데이,,"11번가, 가성비 높은 3000개 설 선물세트 최대 52% 할인",,,http://www.etoday.co.kr/news/section/newsview.php?idxno=1710320,http://www.kfenews.co.kr/
20면 2단,미디어펜,,"에코백스, '디봇 오즈모 900' 11번가 론칭 기념 단독 이벤트 진행",,,http://www.mediapen.com/news/view/409067,http://www.etnews.com
2019.01.31.,글로벌이코노믹,IT/과학,"11번가, 로드샵 서비스 오픈 1년…상점 수·거래액 증가","[    11번가(대표 이상호)는 지난해 1월 선보인 모바일 '로드#(샵)' 서비스 거래액 및 입점 상점 수가 2배 증가했다고 17일 밝혔다.11번가 로드샵은 전국 유행하는 옷가게 패션을 모바일에서 한 눈에 볼 수 있는 서비스다. 오프라인 주요 상권인 △가로수길·강남 △홍대·한남 △경기·분당 △부산·울산 △대구·기타 지역 옷가게 상품을 오프라인과 동일하게 둘러보고 구매할 수 있다. 오프라인 매장을 운영하는 패션·잡화 판매자라면 누구나 입점 가능하다.오픈 당시 400여개였던 상점 수는 1년 만에 2배 많은 800여개로 늘었다. 취급 상품 수는 9만여개다. 전체 거래액은 지난해 1월 대비 12월 기준 2배 가까이 상승했다.패션거리를 중심으로 대형 로드샵이 많은 '부산권' 지역 상점 인기가 높았다. 지역별 판매 비중은 '부산·울산'이 전체 60%로 1위를 차지했다. '대구'(13%), '서울'(11%)이 뒤를 이었다.'로드샵' 서비스를 이용하는 주 고객은 '30대 여성'(46.1%), '40대 여성'(19.9%), '20대 여성'(17.7%) 순으로 나타났다.이현주 11번가 트렌드 팀장은 “남성 패션상점 등 다양한 영역에서 판매자 영입을 확대하겠다.”면서 “소규모 로드샵 판매자가 11번가에 안착할 수 있도록 성장 기회를 고루 제공할 계획”이라고 말했다.    윤희석 유통 전문기자 pioneer@etnews.com▶ 내 USB가 산업제어시스템 보안을 흔들고 있다?▶ 네이버 모바일에서 [전자신문] 채널 구독하기▶ 전자신문 바로가기 [Copyright ⓒ 전자신문 &amp; 전자신문인터넷, 무단전재 및 재배포 금지] ]",[],http://www.g-enews.com/ko-kr/news/article/news_all/201901170914234209c176748603_1/article.html,https://n.news.naver.com/mnews/article/030/0002776477?sid=105
2019.01.22.,전자신문,,"11번가, 11일 'T멤버십' 11% 할인",,,http://www.etnews.com/20190111000046,http://www.inven.co.kr
16면 TOP,내일신문,,미세먼지 공습에 온라인쇼핑 늘어,[],[],http://www.naeil.com/news_view/?id_art=302521,https://sports.news.naver.com/news.nhn?oid=442&aid=0000093915
2019.01.30.,디지털타임스,,"데싱디바, 2018 올리브영, 11번가 십일절 우수셀러로2관왕 등극",,,http://www.dt.co.kr/contents.html?article_no=2019012402109923813013&ref=naver,http://www.shinailbo.co.kr/
2019.01.25.,서울경제,,"11번가 이벤트, CJ제일제당 유산균 신제품 'BYO 20억 생유산균' 선보여",,,http://www.sedaily.com/NewsView/1VE32M2A35,http://www.mt.co.kr/
A12면 4단,디지털타임스,경제,"데싱디바, 2018 올리브영, 11번가 십일절 우수셀러로2관왕 등극","[    [머니투데이 구경민 기자] [카카오페이·KT·11번가 등 15개사 참여신청..심의확정 후 5월 초 서비스 시작]    (서울=뉴스1) 성동훈 기자 = 서울시 제로페이가 시행된 20일 오전 서울 중구 세종대로의 한 커피전문점에서 한 시민이 제로페이를 이용해 결제 하고 있다. 2018.12.20/뉴스1  &lt;저작권자 © 뉴스1코리아, 무단전재 및 재배포 금지&gt;소상공인의 카드수수료 부담을 줄이기 위해 도입된 제로페이 본사업에 카카오페이, KT, 11번가 등 대형 결제사업자가 참여한다. 이렇다 할 실적을 내지 못하고 있는 제로페이가 이들 사업자의 합류로 시너지 효과를 낼 수 있을지 주목된다. 중소벤처기업부는 21일 올해 제로페이 본사업에 참여할 사업자를 추가로 모집한 결과, 결제사업자 15곳과 밴(VAN)사 16곳이 신청했다고 밝혔다. 결제사업자로는 카카오페이, KT, 11번가(11페이) 등 대형사 3곳을 비롯해 이베이코리아(스마일페이), 한국전자영수증, KG이니시스, 코스콤, 한패스, 핀크, 이비카드(캐시비), 디셈버앤컴퍼니자산운용, 티모넷, 하렉스인포텍(유비페이), KIS정보통신, KSNET가 등록했다. 밴사업자로는 페이콕, 금융결제원, 나이스정보통신, 페이민트, 코밴, 퍼스트데이터코리아, 한국신용카드결제, 한국스마트카드, 스마트로, KICC, 다우데이터, 제이티넷, NHN_KCP 등 16개사가 신청했다.카카오페이는 정부가 지난해 12월부터 시행 중인 제로페이 시범 사업엔 불참했다. 이미 시행하고 있는 카카오페이 사업과 병행 가능 여부가 명확하지 않다는 이유에서다. 하지만 카카오페이는 제로페이 4대 원칙에 합의한 사업자라면 누구나 참여할 수 있고, 개별기업의 서비스 정책에 대해서는 관여하지 않는다는 중기부의 기본 입장을 확인하고 본사업 참여를 결정했다. 제로페이 4대 원칙은 △소상공인에 대해 수수료 0%대 적용 △간편결제 사업자와 은행 등 누구나 참여 가능한 개방형 △새로운 기술·수단이 적용될 수 있도록 구현 △금융권 수준의 보안기술 확보다.업계에선 인프라 부족과 이용 불편함으로 흥행부진을 겪고 있는 제로페이가 카카오페이 등 신규 사업자들의 참여로 보다 활성화될 수 있을 것으로 예상했다. 서울시에 따르면 지난 17일 기준으로 제로페이 소상공인 사업체는 5만4000개다. 전체 소상공인 사업체(66만곳) 중  8.2%에 불과하다. 약 100곳 중 8곳만 제로페이로 결제할 수 있는 셈이다. 카카오페이는 제로페이와 비슷한 형식의 QR코드를 활용해 이미 15만개 가맹점에 결제서비스를 제공하고 있다. 카카오페이뿐 아니라 KT, 11번가 등 대형 결제사업자까지 참여할 경우 제로페이의 전국 가맹점 확보에 가속도가 붙을 것으로 전망된다. 소상공인간편결제추진사업단은 다음 달 이들 기업의 자격요건을 심사해 참여 여부를 확정하고 협약을 맺는다. 3월부터 가맹점 결제 단말기(POS)와 연계하고, 결제서비스와 시스템 개발을 거쳐 5월 초부터 서비스를 시작할 계획이다. 중기부 관계자는 “올해 제로페이 사업에 30곳이 넘는 사업자가 본사업에 참여해 확장된 인프라를 갖추게 됐다”면서 “제로페이 이용자 확대로 소상공인에게 더 많은 혜택이 돌아가길 기대한다”고 말했다.▶창립20주년 기획 '영리더'▶남기자의 체헐리즘 모아보기 ▶뉴스는 머니투데이 구경민 기자 kmkoo@mt.co.kr&lt;저작권자 ⓒ '돈이 보이는 리얼타임 뉴스' 머니투데이, 무단전재 및 재배포 금지&gt;  ]","['결제수단은 자기한테 혜택 많은걸로 한가지만 쓰면 됩니다...제로페이는 뭔가요? 혜택이 제로라 제로페이인가요? 왜 세금들여서 뻘짓하나요?', '체크카드쓰면 1%  적립되는데 제로페이는 되나요? ㅋ  무지 좋은 체크카드 많아요', '', '일본이 침체기때 0금리정책 했고, 수십년 내수불황을 이겨내고 일어섰던걸 잘살펴보자...지금의 한국은 과거 일본의 디플레이션공황에 빠진거랑 비슷하다. 간단히 소득은 늘지않는데 물가는 오르고, 소비가 줄어들어서 투자도 줄고 일자리도 줄고... 일본 금융계도 오죽하면 0금리했겠노...소득지표를 그나마 올리는데 도움주려 한것...1차 소득지표가 그만큼 조금이라도 올려야 변화가 생긴다는것...0페이도 자영업자의 소득수준을 조금이나마 올리는데 기여된다면 긍정효과가 생길거라본다.']",http://www.dt.co.kr/contents.html?article_no=2019012402109923813013&ref=naver,https://n.news.naver.com/mnews/article/008/0004163107?sid=101
2019.01.30.,서울경제,,"11번가 이벤트, CJ제일제당 유산균 신제품 'BYO 20억 생유산균' 선보여",,,http://www.sedaily.com/NewsView/1VE32M2A35,http://www.it-b.co.kr
2019.01.28.,동아일보,,"11번가, ‘플라스틱 빨대 안쓰기’ 캠페인",,,http://news.donga.com/3/all/20190108/93595721/2,http://www.insight.co.kr
2019-01-17 10:27:19,파이낸셜뉴스,,미세먼지에 온라인쇼핑 늘어…식품·생필품 거래 최대 6배 급증,,,http://www.fnnews.com/news/201901280921470883,http://www.edaily.co.kr/
None,문화일보,IT/과학,‘부평11번가’ 인천 도시재생 ‘1호’로,"[ - 오픈마켓과 배달앱 위축시킬 가능성..11번가, 배달의민족, 네이버스토어 영향- 중소 오픈마켓은 플랫폼 관리 비용 과다로 더 어려워져- 스타트업 진입 사실상 불가, 중소상공인도 피해- 비판 잇따르자 국회, 전문가 협의회 만들어 재논의하기로[이데일리 김현아 기자]국내 커머스 시장이 강자들 중심으로 재편되는 과점체제로 고착화될 수 있다는 우려가 커지고 있다.지난해 말 공정거래위원회가 전재수 의원(더불어민주당)과 함께 만들어 입법예고한 ‘전자상거래 등에서의 소비자보호에 관한 법률 전부개정법률안’때문이다.법안에서는 오픈마켓이나 온·오프라인 연결(O2O)서비스(통신판매중개업자)에도 물건을 사서 파는 온라인쇼핑몰(통신판매업자)과 같은 수준의 소비자 보호책임을 부과했다. 소비자 보호를 강화한다는 좋은 취지이지만, 소규모 중개 플랫폼 업체는 관리 비용 증가로 도산할 수 있고 스타트업의 신규 진입은 어려워질 전망이다.대형 온라인 쇼핑몰에 비해 저렴한 중개 수수료를 내면 상품을 등록·판매할 수 있는 오픈마켓이나 배달앱 시장을 위축시켜, 중소상공인의 피해도 불가피하다는 지적이다.각계의 비판이 잇따르자, 전재수 의원실은 지난 23일 국회 공청회 이후 2월 중 각계 전문가들로 구성된 협의체의 운영을 통해 법안을 재검토하기로 했다.    국내 대표적인 오픈마켓들◇오픈마켓과 배달앱 죽이는 법..11번가, 배달의민족, 네이버스토어 영향IT기술을 활용해 커머스를 제공하는 곳은 크게 SSG닷컴·롯데닷컴 같은 대형 백화점들이 하는 온라인쇼핑몰과 11번가·배달의민족·네이버스토어 같은 오픈마켓, O2O같은 중개서비스 모델, 쿠팡·티몬 등의 소셜 커머스 등이 있다. 온라인쇼핑몰은 직접 물건을 매입하고 물류를 갖춰 서비스하는데 반해, 대부분의 오픈마켓이나 배달앱은 판매자와 고객을 중간에서 연결하는 중개 역할만 한다.그런데 법안에선 통신판매중개업자인 오픈마켓과 배달앱에도 거래 당사자인 통신판매업자(인터넷쇼핑몰)에 준하는 법적 지위를 부여했다. 극단적으로 배달의민족을 통해 족발을 시켜 먹은 후 배탈이 나면 판매자(족발집)뿐 아니라 배달의민족도 소비자 피해 보상 책임을 지는 것이다.업계 관계자는 “거래 당사자가 아닌 통신판매중개업자에게 통신판매업자에 준하는 법적지위를 부여한 것은 헌법상 평등의 원칙이나 과잉금지 원칙을 위배했을 뿐 아니라, 오픈마켓이나 배달앱의 입점 기준을 까다롭게 만들어 중소상공인보다는 대기업을 선호하게 돼 국내 전자상거래 시장을 왜곡시킬 것”이라고 우려했다.또 다른 관계자는 “오픈마켓의 장점이 사라지기 때문에 쇼핑몰로 전환하는 일까지 고려하고 있다”며 “더 큰 문제는 법안의 영향을 전혀 안 받는 대형 유통업체 쇼핑몰이나 그나마 견딜 수 있는 G마켓·11번가나 네이버스토어 외에 신생 스타트업들은 커머스 시장에 진입하기 어려워진다는 것”이라고 말했다.    국내 대표적인 배달앱들◇국회 입법예고에 반대만 161건…소비자 단체들도 “재논의 하자”이 법에는 한국인터넷기업협회, 한국온라인쇼핑협회, 코리아스타트업포럼 등만 반대하는 게 아니다. 국회 홈페이지 입법예고 기간(2018년 11월 14~18일) 동안 제시된 총 161건의 의견은 모두 반대였다. ‘제품 하자시 청약철회 기간을 공급받은 날부터 3개월 이내로 하는 것은 너무 길다’, ‘전자상거래소비자단체 등을 세금으로 지원할 필요가 있는지 의문’이라는 의견이 있었다.소비자단체들도 재논의가 필요하다는 입장이다. 한국소비자연맹 정지연 사무총장은 국회 토론회에서 “전부개정 과정에서 소비자 등 이해관계자 의견수렴이 충분히 이뤄지지 않았다”고 지적했고, 한국소비자원 정신동 박사는 “플랫폼 책임 강화를 골자로 한 것은 긍정적”이라면서도 “거래 유형과 사업자 유형에 대한 구분, 사업자와 소비자 간 책임 범위 규율 등은 법리적 측면의 재검토가 필요하다”고 밝혔다.인천대 법학과 문상일 교수는 “법적으로 판매행위와 중개행위는 명확히 구분되는데 이를 간과하고 전면 폐지하는 것은 적절치 않다”며 “통신판매중개업자에 대한 책임 강화가 소비자 선택권 감소로 이어질 수 있다”고 우려했다. 김현아 (chaos@edaily.co.kr)＜ⓒ종합 경제정보 미디어 이데일리 - 무단전재 &amp; 재배포 금지＞ ]","['수수료는 받아먹고 사고나면 나몰라라 하는게 맞는거냐 법안이 이제야 제대로 되는거지', '', '문제앙 ㅈㅈ치고갑니다..', '', '한떄 문빠였던 내가 봐도 문재인은 시대의 흐름을 역행하는 완전 문선대원군이다ㄷㄷ 이런 인간을 내 손으로 뽑았다는게 정말 슬프구나.. 다시는 좌파 정치인 안 뽑아ㅠㅠ', '와 깬다.. 진짜 문재앙... 탁상행정', '', '부동산 중개업을 하면 이제 건물의 하자도 책임 져야 겠군', '', '경제는 그래도 능글능글 한나라당이 잘하는거같다', '마치 광고회사가 제품 검수까지 할 기세 ㅋㅋㅋ 생각이 있나?', '완전 돌아이 집단이구만 ㅋㅋㅋ 게임 문제있다고 피씨방 욕하는꼴 ㅋㅋㅋ', '', '', '틀딱들 수준 ㅋㅋ 전화 상담 할때 중계업자라 책임 없다고 하면서 본사로 전화 돌리면 가장 발광하는게 틀딱인데, 그 책임을 만드는 법은 싫다고 하네 ㅋㅋ', '방향이 알게모르고 개선 되는것 같지만 사실 더 불편해지고 비용이 오른다는걸 모르는걸까?  그냥 우리나라는 배아파법 밖에 안남을듯', '웃긴다 ㅋㅋ 이건 해야지ㅋㅋ 수수료 글케받으면서 판매자관리안하고 ㅋㅋ 소비자 민원에도 지들 책임아니라고 뒷짐지는데 ㅋㅋ 니들도 살고싶으면 판매자 검증 및 관리 확실히좀해라 ㅋㅋ 규제때문이아니라 그게 상도다 ㅋㅋ', '와 이게 뭘뜻하는지 모르고\n그저 공감하고 환영하는 사람들 많구나\n결과적으로는 소비자만 손해인데\n이러니 개돼지소리듣지', '로비 받은게 있을테니 당분간은 밀어줘야겠지.  글로벌시대에 경쟁할 수 있는 힘을 법적제도라는 이름 아래에 몇년이나 뒤처지게 할려고 하네.', '', '서민킬러 문재앙 ㅋㅋ', '문재앙식 사고발상력에 탄복합니다.\n\n서민을 서민답게~', '생각좀 하고 현실적으로 접근해라', '창업자들 죽이는 정부. 규제에 규제에 경제가 돌아가겄냐 도대체', '기레기야 소비자권익이 우선적으로 보장되어야 하는게 당연한게 아니냐? 그런 토양에서 공정하게 경쟁하는게 맞지? 무슨 헛소리 하냐? 특정 기업 기획 굉고 기사도 아니고?', '', '약간의 문제는 있지만 중계업도 어느정도 책임을 줘야지 쓰레기업체들 걸러낼수있음 오픈마켓보면 짝퉁파는애들 아직도팔고있음 ㅋㅋㅋㅋㅋㅋㅋ배달업쪽은 위생문제 되는업체는 확실히 걸러야지 ㅋㅋㅋ', '', '기업을 죽이는 재앙이 닥', '배달앱 망해라 ㅋㅋㅋㅋㅅㅂ 소비자,이용사장들 수수료나 ㅈㄴ 뜯어가고 지들만 배불리는 구조', '결국 또 대기업 위주로~', '', '주문 대행업체가 당연히 책임을 일부가져야 한다 그럼 이익은 어마하게 누리는데 책임은 없다. 이건 완성차업체인 현대차도 책임이 없다 라는 논리다 현대는 조립해 완성제품을 파는 완성차업체다 그럼 조립해서 파는 업체이니까 부품회사 마다 책임을 물어야 한다는 소리랑 같다', '', '씔데없이소상공인들에게가야할돈이이런데로새어나가니깐치킨값이2만원되고정작 음식을생산하느사람과소비하는사람들만손해보는구조인이런불필요한앱들은사라지는게맞는거같다.', '전재수..  휴..', '', '문과충들 규제 못해서 안달남 막상 지들은 인류발전에 하나 도움이 안되는건 모르나봄', '', '자기 권리를 찾자는 목소리 없고 그냥 업체 살려야 한다는 소리만 하는 웃긴 인간들이 넘 처 나는구나', '', '책임 안질거면 진즉에 수수료 덜 쳐먹지. 중간 연결만하면서 무슨 광고비에 수수료에 베딜비에 등골 짜내더니 잘됐다', '배달앱 등 이런 책임은 없고 수수료만 받아 먹는 업체는 페미들의 뷔페니즘하고 다를게 머냐? 얄팍한 책임에 이익만을 원하는 노조와 다를게 없지않나? 이런 수수료만 먹는 무책임한 업체들을 스타트업이니 IT 기업이니 이딴걸로 포장하지마라 역겨우니까. 저렴한 수수료? 입점하는 업체들 경쟁시켜서 돈마니 내는 업체 순으로 리스트 업 하는데? 이건 법이 제대로 가는게 맞다', '별 그지같은 법 만들려고 발악을 하네', '문재앙 뽑은놈들 책임져라 도망가지말고 아가리털지말고 참고로 난 안뽑았다 ^_^ㅗ', '역시 개.또.라.이 이데일리 기래기 맞네. 물건팔은 수수료 쳐묵고 모르쇠하는게 정상인가? 당연이 배달앱이나 온라인몰도 책임을 지는게 당연하지. 뭔 구신 신나락 까먹는 헛소히고', '원래 국회의원들이 모르고, 알 생각도 안해서 자기들한테 이득가는거 없으면 입법 이런거 없음. 뜬다 싶으면 각종 명목으로 세금받아야 한다고 언론 물타기 후 바로 입법해서 세금만 뜯어가고. 그 세금으로 연말에 선진국 및 해외 문화 탐당 이렇게 서류 만들어서 해외여행 가고, 그 돈이 또 남으면 지방의회 의원들이 또 갔다 오는거고. 물론 지방의원들도 벌써 예산에 올해 해외여행 갈 돈을 빼놨을듯.', '옥션,지마켓,11번가는 뭐가 수수료가 저렴한지? 이것저것 빼면 종합몰과 거의비슷한 수준에 문제생기면 플랫폼만 제공한다며 모른다로 일관\n수수료 비교분석내용으로 파악하시기바람', '숙박예약어플들도 폭리가심함', '기자는 그러니까 소규모회사는 소비자 보호 안해줘도 된다는 주장을 하고 있는거지?', '', '배달앱 없애는거 좋은뎅ㅋㅋㅋ배달수수료 안 나가서', '야놀*랑 여기어* 광고료 규제좀 해주지...', '', '하여간 민주당새끼들 수준하곤', '문재인은 진짜 국민들 세금 열나게 뜯어가고 불편하게 만드는 규제에만 환장을 했구나....', '', '늙으신분들 다 해먹고 사세요 아주진짜 더러워서참', '역시 전통의 대기업들을 위해 이정부는 일을한다!!  캬~~~대단해!!! 족벌정부', '', '', '', '', '', '도랏', '서버 한대 두고 앱 프로그램 하나 짜서 아무 책임도 없이 마르고 닳도록 피를 빨아대는 앱중계 규제하는게 맞다.', '중간에서 수수료 장사하면서 배달이나 사고관련에는 나몰라라하는걸 바로 잡으려는데 이제 제대로 돌아가는거지', '소비자를 위한 법인데 댓글들은 반응이 안좋네^^;; 솔직히 단지 중개만한다고 난 책임없어~ 이건 좀 아니지않나싶다..', '불량물건 소비자한테 팔아먹고 나몰라하는것들에게 책임지게하는게 당연한거지! 소비자권리를 무시하고 법대로 하라는 판매업자들 을 보고 방관하라는거니?  미칭 이데일리 아닌가?  기자놈아 넌 물건사서 하자 생기면 판매자가 나몰라라해도 감사하게 생각하겠네?  기레기가 미친건가?', '규제 좀 풀라니까. 더 걸고 앉아 있네. 또 ‘소비자 보호’ 라는 거창한 명분을 들고 있으니. 반대하면 또 적폐?라고 몰아 붙칠건가보다.', '', '대체 세금이 얼마나 더 필요하길래 배민까지 건들지 ㅋ 기사에 있는 예시처럼 먹다가 배탈나면 업체랑 배민이 나한테 얼마나 보상해주는지를 좀 알려주면 안되려나; 짜장면 뿔거나 음식 제대로 안익혀서 오는것도 보상을 받을 수 있는건가..? 기준이 뭔지 정확히 좀 알려줬으면...', '중간업자 폭리 제재는 당연한거임..근데 우리나라 쇼핑몰은 왜 알리같이 무료배송 활성화를 못하나 택배배송말고 싼 우편을로 말이다 ..그러니 경쟁력이 떨어지지', '책임은 하나도 안지고 중간에서 수수료만 빨아먹는 것들에 대한 제재는 당연한겁니다.', '저런 저런', '이 도덕주의에 미친 정부 또 씹선비 질이네!! 진짜 나찌식 전체주의 국가 만들셈이냐 이 씹선비 유교탈레반 섹희들아!!!!', '좋은 일 같은데']",http://www.munhwa.com/news/view.html?no=2019011701071527318001,https://n.news.naver.com/mnews/article/018/0004300103?sid=105
2019-01-21 15:14:21,파이낸셜뉴스,,11번가 새해 첫 '11번가 데이'...T멤버십 '11% 할인',,,http://www.fnnews.com/news/201901111120186387,http://www.sisaon.co.kr/
2019-01-28 05:02:28,비즈트리뷴,,"11번가, ‘로드샵’ 서비스 오픈 1년...상점수·거래액 2배 늘었다",,,http://biztribune.co.kr/news/view.php?no=93222,https://www.moneys.co.kr/
2019-01-28 09:15:36,인사이트,,"11번가, '가성비甲' 설 선물세트 3000개 최대 52% 할인한다","[     사진=11번가 홈페이지 @머니S MNB, 식품 외식 유통 · 프랜차이즈 가맹 &amp; 유망 창업 아이템의 모든 것미세먼지가 소비자 구매 패턴을 바꾸고 있다는 관측이 나왔다. 야외활동이 뜸해지자 온라인 장보기 고객이 급증했으며 미세먼지 관련 제품 매출도 증가했다.28일 11번가에 따르면 미세먼지 긴급재난문자가 전송된 지난 11일부터 24일까지 가공·신선식품·생필품 거래액이 지난달 같은 기간 대비 최대 6배 이상 증가하고 마스크·공기청정기 거래액은 5배 이상 늘었다. 특히 반찬·통조림 등 간편식 거래액이 지난달에 비해 크게 치솟았다. 미세먼지로 소비자들이 외출을 꺼리면서 집앞 편의점에서 구매할 수 있는 간단한 간편식도 온라인으로 주문하는 수요가 크게 늘어났기 때문이다. 통조림 거래액은 지난달 대비 6배 이상(+554%), 반찬·간편식은 2배 이상(+102%) 증가했다.  대형마트 장보기, 외식도 꺼리면서 기저귀·분유·쌀·과일과 같은 생필품 주문도 늘었다. 기저귀는 3배 이상(+209%), 분유는 4배 가까이(+298%) 증가했다. 쌀은 53%, 과일은 61%, 냉동·간편과일은 95%, 그 외 생선류와 육류는 각각 51%, 54% 증가했다.  마스크·공기청정기·산소캔 등 미세먼지 차단상품도 불티나게 팔렸다. 미세먼지 마스크는 지난달 대비 5배 이상(+424%) 판매됐고 최악의 미세먼지 농도를 보였던 지난 14일 하루 거래액은 전주 같은 날(7일) 보다 무려 20배 이상 치솟았다. 11번가는 지난 11일부터 큐레이션 코너 ‘쇼킹딜’을 통해 미세먼지 마스크를 긴급 편성해 내놓고 있다. 공기청정기 역시 지난달 대비 3배 가까이(+188%) 팔렸다. 특히 이달 초 출시된 위닉스 2019년형 ‘제로2.0’ 공기청정기는 신규 론칭임에도 불구하고 하루에 500대 이상 팔렸고 올해는 유모차 전용 포터블 공기청정기 ‘에어토리’ 등의 이색상품도 주목 받고 있다. 공기청정 기능도 있으면서 인테리어 효과도 있는 공기정화식물 거래액 역시 35% 늘었다. 휴대가 간편한 산소캔 거래액은 지난달 대비 61%, 지난해 대비 3000% 이상 급증했다. 미세먼지, 각종 유해물질로 인한 모공 속 노폐물을 씻어내는 모공 브러쉬·각질제거제와 같은 뷰티아이템은 지난달 대비 거래액이 각각 53%, 68% 늘었다. 11번가는 ‘황사&amp;미세먼지 철벽 방어’ 기획전을 상시 노출해 고객들이 황사마스크·공기청정기·자동차 세차용품·공기정화식물·미세먼지 측정기 등 미세먼지와 관련한 120여종 상품들을 한 눈에 비교검색하고 간편하게 구매할 수 있도록 했다. 봄 황사 시즌을 앞둔 2월 중에는 모바일에 ‘미세먼지’ 전용 탭을 신설해 상품기획자(MD)가 엄선한 오늘의 추천상품, 미세먼지 이겨내는 생활수칙 등 다양한 콘텐츠를 마련한다.김정훈 기자 kjhnpce1@mt.co.kr&lt;저작권자 ⓒ '성공을 꿈꾸는 사람들의 경제 뉴스' 머니S, 무단전재 및 재배포 금지&gt;▶ 고수들의 재테크 비법 ▶ 박학다식 '이건희칼럼'  ]",[],https://www.insight.co.kr/news/204382,https://n.news.naver.com/mnews/article/417/0000374993?sid=004
2019.01.17.,뉴스웍스,,"프리즘코리아, 사운드바 일체형 TV PT65SUHD 출시...11번가 쇼킹딜",,,http://www.newsworks.co.kr/news/articleView.html?idxno=329738,http://daily.hankooki.com
A12면 4단,블로터언론사 선정,,"스카이, '가성비' 무선 이어폰 출시",,,http://www.bloter.net/archives/328983,http://www.edaily.co.kr/
2019.01.30.,뉴스웍스,IT/과학,"프리즘코리아, 사운드바 일체형 TV PT65SUHD 출시...11번가 쇼킹딜","[ - 오픈마켓과 배달앱 위축시킬 가능성..11번가, 배달의민족, 네이버스토어 영향- 중소 오픈마켓은 플랫폼 관리 비용 과다로 더 어려워져- 스타트업 진입 사실상 불가, 중소상공인도 피해- 비판 잇따르자 국회, 전문가 협의회 만들어 재논의하기로[이데일리 김현아 기자]국내 커머스 시장이 강자들 중심으로 재편되는 과점체제로 고착화될 수 있다는 우려가 커지고 있다.지난해 말 공정거래위원회가 전재수 의원(더불어민주당)과 함께 만들어 입법예고한 ‘전자상거래 등에서의 소비자보호에 관한 법률 전부개정법률안’때문이다.법안에서는 오픈마켓이나 온·오프라인 연결(O2O)서비스(통신판매중개업자)에도 물건을 사서 파는 온라인쇼핑몰(통신판매업자)과 같은 수준의 소비자 보호책임을 부과했다. 소비자 보호를 강화한다는 좋은 취지이지만, 소규모 중개 플랫폼 업체는 관리 비용 증가로 도산할 수 있고 스타트업의 신규 진입은 어려워질 전망이다.대형 온라인 쇼핑몰에 비해 저렴한 중개 수수료를 내면 상품을 등록·판매할 수 있는 오픈마켓이나 배달앱 시장을 위축시켜, 중소상공인의 피해도 불가피하다는 지적이다.각계의 비판이 잇따르자, 전재수 의원실은 지난 23일 국회 공청회 이후 2월 중 각계 전문가들로 구성된 협의체의 운영을 통해 법안을 재검토하기로 했다.    국내 대표적인 오픈마켓들◇오픈마켓과 배달앱 죽이는 법..11번가, 배달의민족, 네이버스토어 영향IT기술을 활용해 커머스를 제공하는 곳은 크게 SSG닷컴·롯데닷컴 같은 대형 백화점들이 하는 온라인쇼핑몰과 11번가·배달의민족·네이버스토어 같은 오픈마켓, O2O같은 중개서비스 모델, 쿠팡·티몬 등의 소셜 커머스 등이 있다. 온라인쇼핑몰은 직접 물건을 매입하고 물류를 갖춰 서비스하는데 반해, 대부분의 오픈마켓이나 배달앱은 판매자와 고객을 중간에서 연결하는 중개 역할만 한다.그런데 법안에선 통신판매중개업자인 오픈마켓과 배달앱에도 거래 당사자인 통신판매업자(인터넷쇼핑몰)에 준하는 법적 지위를 부여했다. 극단적으로 배달의민족을 통해 족발을 시켜 먹은 후 배탈이 나면 판매자(족발집)뿐 아니라 배달의민족도 소비자 피해 보상 책임을 지는 것이다.업계 관계자는 “거래 당사자가 아닌 통신판매중개업자에게 통신판매업자에 준하는 법적지위를 부여한 것은 헌법상 평등의 원칙이나 과잉금지 원칙을 위배했을 뿐 아니라, 오픈마켓이나 배달앱의 입점 기준을 까다롭게 만들어 중소상공인보다는 대기업을 선호하게 돼 국내 전자상거래 시장을 왜곡시킬 것”이라고 우려했다.또 다른 관계자는 “오픈마켓의 장점이 사라지기 때문에 쇼핑몰로 전환하는 일까지 고려하고 있다”며 “더 큰 문제는 법안의 영향을 전혀 안 받는 대형 유통업체 쇼핑몰이나 그나마 견딜 수 있는 G마켓·11번가나 네이버스토어 외에 신생 스타트업들은 커머스 시장에 진입하기 어려워진다는 것”이라고 말했다.    국내 대표적인 배달앱들◇국회 입법예고에 반대만 161건…소비자 단체들도 “재논의 하자”이 법에는 한국인터넷기업협회, 한국온라인쇼핑협회, 코리아스타트업포럼 등만 반대하는 게 아니다. 국회 홈페이지 입법예고 기간(2018년 11월 14~18일) 동안 제시된 총 161건의 의견은 모두 반대였다. ‘제품 하자시 청약철회 기간을 공급받은 날부터 3개월 이내로 하는 것은 너무 길다’, ‘전자상거래소비자단체 등을 세금으로 지원할 필요가 있는지 의문’이라는 의견이 있었다.소비자단체들도 재논의가 필요하다는 입장이다. 한국소비자연맹 정지연 사무총장은 국회 토론회에서 “전부개정 과정에서 소비자 등 이해관계자 의견수렴이 충분히 이뤄지지 않았다”고 지적했고, 한국소비자원 정신동 박사는 “플랫폼 책임 강화를 골자로 한 것은 긍정적”이라면서도 “거래 유형과 사업자 유형에 대한 구분, 사업자와 소비자 간 책임 범위 규율 등은 법리적 측면의 재검토가 필요하다”고 밝혔다.인천대 법학과 문상일 교수는 “법적으로 판매행위와 중개행위는 명확히 구분되는데 이를 간과하고 전면 폐지하는 것은 적절치 않다”며 “통신판매중개업자에 대한 책임 강화가 소비자 선택권 감소로 이어질 수 있다”고 우려했다. 김현아 (chaos@edaily.co.kr)＜ⓒ종합 경제정보 미디어 이데일리 - 무단전재 &amp; 재배포 금지＞ ]","['수수료는 받아먹고 사고나면 나몰라라 하는게 맞는거냐 법안이 이제야 제대로 되는거지', '', '문제앙 ㅈㅈ치고갑니다..', '', '한떄 문빠였던 내가 봐도 문재인은 시대의 흐름을 역행하는 완전 문선대원군이다ㄷㄷ 이런 인간을 내 손으로 뽑았다는게 정말 슬프구나.. 다시는 좌파 정치인 안 뽑아ㅠㅠ', '와 깬다.. 진짜 문재앙... 탁상행정', '', '부동산 중개업을 하면 이제 건물의 하자도 책임 져야 겠군', '', '경제는 그래도 능글능글 한나라당이 잘하는거같다', '마치 광고회사가 제품 검수까지 할 기세 ㅋㅋㅋ 생각이 있나?', '완전 돌아이 집단이구만 ㅋㅋㅋ 게임 문제있다고 피씨방 욕하는꼴 ㅋㅋㅋ', '', '', '틀딱들 수준 ㅋㅋ 전화 상담 할때 중계업자라 책임 없다고 하면서 본사로 전화 돌리면 가장 발광하는게 틀딱인데, 그 책임을 만드는 법은 싫다고 하네 ㅋㅋ', '방향이 알게모르고 개선 되는것 같지만 사실 더 불편해지고 비용이 오른다는걸 모르는걸까?  그냥 우리나라는 배아파법 밖에 안남을듯', '웃긴다 ㅋㅋ 이건 해야지ㅋㅋ 수수료 글케받으면서 판매자관리안하고 ㅋㅋ 소비자 민원에도 지들 책임아니라고 뒷짐지는데 ㅋㅋ 니들도 살고싶으면 판매자 검증 및 관리 확실히좀해라 ㅋㅋ 규제때문이아니라 그게 상도다 ㅋㅋ', '와 이게 뭘뜻하는지 모르고\n그저 공감하고 환영하는 사람들 많구나\n결과적으로는 소비자만 손해인데\n이러니 개돼지소리듣지', '로비 받은게 있을테니 당분간은 밀어줘야겠지.  글로벌시대에 경쟁할 수 있는 힘을 법적제도라는 이름 아래에 몇년이나 뒤처지게 할려고 하네.', '', '서민킬러 문재앙 ㅋㅋ', '문재앙식 사고발상력에 탄복합니다.\n\n서민을 서민답게~', '생각좀 하고 현실적으로 접근해라', '창업자들 죽이는 정부. 규제에 규제에 경제가 돌아가겄냐 도대체', '기레기야 소비자권익이 우선적으로 보장되어야 하는게 당연한게 아니냐? 그런 토양에서 공정하게 경쟁하는게 맞지? 무슨 헛소리 하냐? 특정 기업 기획 굉고 기사도 아니고?', '', '약간의 문제는 있지만 중계업도 어느정도 책임을 줘야지 쓰레기업체들 걸러낼수있음 오픈마켓보면 짝퉁파는애들 아직도팔고있음 ㅋㅋㅋㅋㅋㅋㅋ배달업쪽은 위생문제 되는업체는 확실히 걸러야지 ㅋㅋㅋ', '', '기업을 죽이는 재앙이 닥', '배달앱 망해라 ㅋㅋㅋㅋㅅㅂ 소비자,이용사장들 수수료나 ㅈㄴ 뜯어가고 지들만 배불리는 구조', '결국 또 대기업 위주로~', '', '주문 대행업체가 당연히 책임을 일부가져야 한다 그럼 이익은 어마하게 누리는데 책임은 없다. 이건 완성차업체인 현대차도 책임이 없다 라는 논리다 현대는 조립해 완성제품을 파는 완성차업체다 그럼 조립해서 파는 업체이니까 부품회사 마다 책임을 물어야 한다는 소리랑 같다', '', '씔데없이소상공인들에게가야할돈이이런데로새어나가니깐치킨값이2만원되고정작 음식을생산하느사람과소비하는사람들만손해보는구조인이런불필요한앱들은사라지는게맞는거같다.', '전재수..  휴..', '', '문과충들 규제 못해서 안달남 막상 지들은 인류발전에 하나 도움이 안되는건 모르나봄', '', '자기 권리를 찾자는 목소리 없고 그냥 업체 살려야 한다는 소리만 하는 웃긴 인간들이 넘 처 나는구나', '', '책임 안질거면 진즉에 수수료 덜 쳐먹지. 중간 연결만하면서 무슨 광고비에 수수료에 베딜비에 등골 짜내더니 잘됐다', '배달앱 등 이런 책임은 없고 수수료만 받아 먹는 업체는 페미들의 뷔페니즘하고 다를게 머냐? 얄팍한 책임에 이익만을 원하는 노조와 다를게 없지않나? 이런 수수료만 먹는 무책임한 업체들을 스타트업이니 IT 기업이니 이딴걸로 포장하지마라 역겨우니까. 저렴한 수수료? 입점하는 업체들 경쟁시켜서 돈마니 내는 업체 순으로 리스트 업 하는데? 이건 법이 제대로 가는게 맞다', '별 그지같은 법 만들려고 발악을 하네', '문재앙 뽑은놈들 책임져라 도망가지말고 아가리털지말고 참고로 난 안뽑았다 ^_^ㅗ', '역시 개.또.라.이 이데일리 기래기 맞네. 물건팔은 수수료 쳐묵고 모르쇠하는게 정상인가? 당연이 배달앱이나 온라인몰도 책임을 지는게 당연하지. 뭔 구신 신나락 까먹는 헛소히고', '원래 국회의원들이 모르고, 알 생각도 안해서 자기들한테 이득가는거 없으면 입법 이런거 없음. 뜬다 싶으면 각종 명목으로 세금받아야 한다고 언론 물타기 후 바로 입법해서 세금만 뜯어가고. 그 세금으로 연말에 선진국 및 해외 문화 탐당 이렇게 서류 만들어서 해외여행 가고, 그 돈이 또 남으면 지방의회 의원들이 또 갔다 오는거고. 물론 지방의원들도 벌써 예산에 올해 해외여행 갈 돈을 빼놨을듯.', '옥션,지마켓,11번가는 뭐가 수수료가 저렴한지? 이것저것 빼면 종합몰과 거의비슷한 수준에 문제생기면 플랫폼만 제공한다며 모른다로 일관\n수수료 비교분석내용으로 파악하시기바람', '숙박예약어플들도 폭리가심함', '기자는 그러니까 소규모회사는 소비자 보호 안해줘도 된다는 주장을 하고 있는거지?', '', '배달앱 없애는거 좋은뎅ㅋㅋㅋ배달수수료 안 나가서', '야놀*랑 여기어* 광고료 규제좀 해주지...', '', '하여간 민주당새끼들 수준하곤', '문재인은 진짜 국민들 세금 열나게 뜯어가고 불편하게 만드는 규제에만 환장을 했구나....', '', '늙으신분들 다 해먹고 사세요 아주진짜 더러워서참', '역시 전통의 대기업들을 위해 이정부는 일을한다!!  캬~~~대단해!!! 족벌정부', '', '', '', '', '', '도랏', '서버 한대 두고 앱 프로그램 하나 짜서 아무 책임도 없이 마르고 닳도록 피를 빨아대는 앱중계 규제하는게 맞다.', '중간에서 수수료 장사하면서 배달이나 사고관련에는 나몰라라하는걸 바로 잡으려는데 이제 제대로 돌아가는거지', '소비자를 위한 법인데 댓글들은 반응이 안좋네^^;; 솔직히 단지 중개만한다고 난 책임없어~ 이건 좀 아니지않나싶다..', '불량물건 소비자한테 팔아먹고 나몰라하는것들에게 책임지게하는게 당연한거지! 소비자권리를 무시하고 법대로 하라는 판매업자들 을 보고 방관하라는거니?  미칭 이데일리 아닌가?  기자놈아 넌 물건사서 하자 생기면 판매자가 나몰라라해도 감사하게 생각하겠네?  기레기가 미친건가?', '규제 좀 풀라니까. 더 걸고 앉아 있네. 또 ‘소비자 보호’ 라는 거창한 명분을 들고 있으니. 반대하면 또 적폐?라고 몰아 붙칠건가보다.', '', '대체 세금이 얼마나 더 필요하길래 배민까지 건들지 ㅋ 기사에 있는 예시처럼 먹다가 배탈나면 업체랑 배민이 나한테 얼마나 보상해주는지를 좀 알려주면 안되려나; 짜장면 뿔거나 음식 제대로 안익혀서 오는것도 보상을 받을 수 있는건가..? 기준이 뭔지 정확히 좀 알려줬으면...', '중간업자 폭리 제재는 당연한거임..근데 우리나라 쇼핑몰은 왜 알리같이 무료배송 활성화를 못하나 택배배송말고 싼 우편을로 말이다 ..그러니 경쟁력이 떨어지지', '책임은 하나도 안지고 중간에서 수수료만 빨아먹는 것들에 대한 제재는 당연한겁니다.', '저런 저런', '이 도덕주의에 미친 정부 또 씹선비 질이네!! 진짜 나찌식 전체주의 국가 만들셈이냐 이 씹선비 유교탈레반 섹희들아!!!!', '좋은 일 같은데']",http://www.newsworks.co.kr/news/articleView.html?idxno=329738,https://n.news.naver.com/mnews/article/018/0004300103?sid=105
2019.01.28.,블로터언론사 선정,,"스카이, '가성비' 무선 이어폰 출시",,,http://www.bloter.net/archives/328983,http://www.sisaon.co.kr/
2019.01.23.,데일리안,,"11번가, 11일 ‘T멤버십’ 11% 할인",,,http://www.dailian.co.kr/news/view/764591/?sc=naver,https://www.moneys.co.kr/
2019.01.31.,아주경제,,"11번가, CJ제일제당 유산균 신제품 'BYO 20억 생유산균' 이벤트","[     사진=11번가 홈페이지 @머니S MNB, 식품 외식 유통 · 프랜차이즈 가맹 &amp; 유망 창업 아이템의 모든 것미세먼지가 소비자 구매 패턴을 바꾸고 있다는 관측이 나왔다. 야외활동이 뜸해지자 온라인 장보기 고객이 급증했으며 미세먼지 관련 제품 매출도 증가했다.28일 11번가에 따르면 미세먼지 긴급재난문자가 전송된 지난 11일부터 24일까지 가공·신선식품·생필품 거래액이 지난달 같은 기간 대비 최대 6배 이상 증가하고 마스크·공기청정기 거래액은 5배 이상 늘었다. 특히 반찬·통조림 등 간편식 거래액이 지난달에 비해 크게 치솟았다. 미세먼지로 소비자들이 외출을 꺼리면서 집앞 편의점에서 구매할 수 있는 간단한 간편식도 온라인으로 주문하는 수요가 크게 늘어났기 때문이다. 통조림 거래액은 지난달 대비 6배 이상(+554%), 반찬·간편식은 2배 이상(+102%) 증가했다.  대형마트 장보기, 외식도 꺼리면서 기저귀·분유·쌀·과일과 같은 생필품 주문도 늘었다. 기저귀는 3배 이상(+209%), 분유는 4배 가까이(+298%) 증가했다. 쌀은 53%, 과일은 61%, 냉동·간편과일은 95%, 그 외 생선류와 육류는 각각 51%, 54% 증가했다.  마스크·공기청정기·산소캔 등 미세먼지 차단상품도 불티나게 팔렸다. 미세먼지 마스크는 지난달 대비 5배 이상(+424%) 판매됐고 최악의 미세먼지 농도를 보였던 지난 14일 하루 거래액은 전주 같은 날(7일) 보다 무려 20배 이상 치솟았다. 11번가는 지난 11일부터 큐레이션 코너 ‘쇼킹딜’을 통해 미세먼지 마스크를 긴급 편성해 내놓고 있다. 공기청정기 역시 지난달 대비 3배 가까이(+188%) 팔렸다. 특히 이달 초 출시된 위닉스 2019년형 ‘제로2.0’ 공기청정기는 신규 론칭임에도 불구하고 하루에 500대 이상 팔렸고 올해는 유모차 전용 포터블 공기청정기 ‘에어토리’ 등의 이색상품도 주목 받고 있다. 공기청정 기능도 있으면서 인테리어 효과도 있는 공기정화식물 거래액 역시 35% 늘었다. 휴대가 간편한 산소캔 거래액은 지난달 대비 61%, 지난해 대비 3000% 이상 급증했다. 미세먼지, 각종 유해물질로 인한 모공 속 노폐물을 씻어내는 모공 브러쉬·각질제거제와 같은 뷰티아이템은 지난달 대비 거래액이 각각 53%, 68% 늘었다. 11번가는 ‘황사&amp;미세먼지 철벽 방어’ 기획전을 상시 노출해 고객들이 황사마스크·공기청정기·자동차 세차용품·공기정화식물·미세먼지 측정기 등 미세먼지와 관련한 120여종 상품들을 한 눈에 비교검색하고 간편하게 구매할 수 있도록 했다. 봄 황사 시즌을 앞둔 2월 중에는 모바일에 ‘미세먼지’ 전용 탭을 신설해 상품기획자(MD)가 엄선한 오늘의 추천상품, 미세먼지 이겨내는 생활수칙 등 다양한 콘텐츠를 마련한다.김정훈 기자 kjhnpce1@mt.co.kr&lt;저작권자 ⓒ '성공을 꿈꾸는 사람들의 경제 뉴스' 머니S, 무단전재 및 재배포 금지&gt;▶ 고수들의 재테크 비법 ▶ 박학다식 '이건희칼럼'  ]",[],http://www.ajunews.com/view/20190118103304552,https://n.news.naver.com/mnews/article/417/0000374993?sid=004
2019.01.21.,뉴데일리,,"설 선물세트도 '가성비'… 11번가, ‘완벽한 설날’ 프로모션",,,http://biz.newdaily.co.kr/site/data/html/2019/01/14/2019011400129.html,http://daily.hankooki.com
2019.01.21.,이데일리,,"11번가, 설 선물 사전판매 돌입",,,http://www.edaily.co.kr/news/newspath.asp?newsid=02715846622355424,http://www.straightnews.co.kr
2019.01.30.,EBN,,"11번가, '로드샵 서비스' 1년만에 상점 수 2배↑",,,http://www.ebn.co.kr/news/view/969248,http://www.foodtvnews.com
2019.01.14.,IT조선,,"[오늘의 쇼핑가] 11번가 데이, T멤버십 11% 할인…인터파크·G마켓·위메프",,,http://it.chosun.com/site/data/html_dir/2019/01/11/2019011101263.html,http://www.edaily.co.kr/
2019-01-28 05:02:28,굿모닝경제,IT/과학,'에누리 가격비교' 홈트레이닝 제품 중복할인 프로모션,"[ 착한텔레콤, 11번가 통해 최대 18% 할인가에""가성비 갖추는데 주력""..AI 비서 호출 기능도[이데일리 이재운 기자] 팬택의 ‘스카이’(SKY) 브랜드가 우선 무선 이어폰으로 돌아온다.21일 팬택 브랜드를 인수해 운영하는 착한텔레콤은 오픈마켓 11번가에서 완전무선 이어폰 ‘스카이 핏 프로’(SKY Fit pro) 사전예약판매를 진행한다고 밝혔다.이 제품은 블루투스 5.0 기반에 8mm 다이내믹 드라이버를 채택해 스튜디오 원본 음질을 제공하는 하이파이 오디오를 지원한다. 이어폰 양쪽에 노이즈(잡음) 제거 기능을 갖춘 듀얼마이크를 장착해 전화 통화도 깔끔하게 할 수 있다는 점도 강조했다.이어폰 무게는 4.9g으로 줄이면서 동시에 6시간 연속 재생이 가능한 배터리 성능을 제공하고, 충전 크래들 이용시 최대 이용시간은 24시간으로 늘어난다.다른 무선이어폰과의 가장 큰 차이점은 ‘멀티 버튼’이다. 기존 무선이어폰은 버튼 하나로 전화 연결이나 음악 재생만을 조작할 수 있지만, 스카이 핏 프로는 버튼 3개를 통해 볼륨 조절과 다음곡·이전곡 전환이 가능하다. 스마트폰의 음성인식 서비스인 애플의 시리(Siri), 구글의 어시스턴트(Assistant)를 호출할 수도 있다.공식 판매 가격은 5만9900원이다. 11번가 사전 예약을 통해 싱글팩은 10% 할인한 5만3900원, 커플팩은 18% 할인한 9만9000원에 판매한다. 공식 판매는 28일부터이며, 이때부터는 11번가는 물론 주요 온라인 쇼핑몰과 스카이 브랜드 사이트, 전국 스카이서비스센터에서도 구매할 수 있다.착한텔레콤 관계자는 “기존 20만원 안팎의 대기업 제품과는 가격 차별화를, 2~3만원대의 중국 브랜드와는 성능 차별화를 추구했다”고 설명했다.박종일 착한텔레콤 대표는 “선이 없는 무선이어폰 시장은 전년 대비 2배 이상으로 급성장 하고 있으며 삼성전자와 애플을 비롯해 샤오미, 모토로라와 같은 스마트폰 제조사들도 경쟁적으로 뛰어들고 있다”며 “스카이의 첫 복귀작인 스카이 핏 프로는 타사 제품에 비해 품질은 높이고 가격은 낮추는 전략으로 더 많은 고객들에게 스카이의 부활을 알리고 싶다”고 말했다.    이재운 (jwlee@edaily.co.kr)네이버에서 이데일리 [구독하기▶], 꿀잼가득 [영상보기▶]빡침해소! 청춘뉘우스~ [스냅타임▶]＜ⓒ종합 경제정보 미디어 이데일리 - 무단전재 &amp; 재배포 금지＞ ]",[''],http://www.kpinews.co.kr/news/articleView.html?idxno=89240,https://n.news.naver.com/mnews/article/018/0004295962?sid=105
2019-01-28 09:15:36,연합뉴스,,"11번가, 워너원 공식 콘서트 굿즈 단독 예약판매",,,http://yna.kr/AKR20190102065400030?did=1195m,http://www.hellot.net
2019-01-21 11:47:00,EBN,,"11번가, '로드샵 서비스' 1년만에 상점 수 2배↑",,,http://www.ebn.co.kr/news/view/969248,http://www.newsis.com
2019-01-14 09:17:33,인사이트,경제,"11번가, T멤버십 11% 할인하는 '11Day' 올해 첫 진행","[ 가성비 선물세트 3000여개 판매 등    【서울=뉴시스】 【서울=뉴시스】표주연 기자 = 11번가는 가성비 좋은 설 선물세트 3000여 개를 앞세워 오는 30일까지 설 프로모션 ‘완벽한 설날’을 실시한다고 14일 밝혔다.이 행사를 통해 11번가는 총 3번의 중복할인을 받을 수 있는 ‘세배 딜’부터 지역생산자∙브랜드사와 협업한 실속형 선물세트 마련, 고객들이 원하는 상품을 가장 빠르고 편리하게 구매할 수 있도록 돕는 상품 추천∙큐레이션 영역에 집중했다. 하루 3개씩 내놓는 ‘세배 딜’은 설 맞이 10% 할인쿠폰에 상품별 중복 보너스쿠폰(최대 22%)을 더하고 T멤버십 할인(최대 22%)까지 총 3번의 트리플 할인을 받으면 보다 합리적인 설 선물 구매가 가능하다. 14일에는 ‘정관장 홍삼원세트 50㎖ 20포(2세트)’를 최종혜택가 3만6810원에 구매할 수 있고 그 외 11번가 단독 실속구성 ‘LG생활건강 촉촉 그린 가드닝 세트’ 등도 만나볼 수 있다.    특히 이번 설 행사는 지역생산자나 브랜드사와의 협업을 통해 가성비 좋은 상품 수급에 집중했다. pyo000@newsis.com▶ 뉴시스 빅데이터 MSI 주가시세표 바로가기 ▶ 네이버에서 뉴시스 채널 구독하기&lt;저작권자ⓒ 공감언론 뉴시스통신사. 무단전재-재배포 금지.&gt; ]",[],https://www.insight.co.kr/news/203973,https://n.news.naver.com/mnews/article/003/0009008913?sid=101
2019.01.17.,IT조선,,"[오늘의 쇼핑가] 11번가 데이, T멤버십 11% 할인…인터파크·G마켓·위메프",,,http://it.chosun.com/site/data/html_dir/2019/01/11/2019011101263.html,https://news.mtn.co.kr/
2019.01.21.,굿모닝경제,,'에누리 가격비교' 홈트레이닝 제품 중복할인 프로모션,,,http://www.kpinews.co.kr/news/articleView.html?idxno=89240,http://www.edaily.co.kr/
2019.01.30.,뉴스웍스,IT/과학,"11번가, 가성비 높은 3000개 설 선물세트 최대 52% 할인","[ 착한텔레콤, 11번가 통해 최대 18% 할인가에""가성비 갖추는데 주력""..AI 비서 호출 기능도[이데일리 이재운 기자] 팬택의 ‘스카이’(SKY) 브랜드가 우선 무선 이어폰으로 돌아온다.21일 팬택 브랜드를 인수해 운영하는 착한텔레콤은 오픈마켓 11번가에서 완전무선 이어폰 ‘스카이 핏 프로’(SKY Fit pro) 사전예약판매를 진행한다고 밝혔다.이 제품은 블루투스 5.0 기반에 8mm 다이내믹 드라이버를 채택해 스튜디오 원본 음질을 제공하는 하이파이 오디오를 지원한다. 이어폰 양쪽에 노이즈(잡음) 제거 기능을 갖춘 듀얼마이크를 장착해 전화 통화도 깔끔하게 할 수 있다는 점도 강조했다.이어폰 무게는 4.9g으로 줄이면서 동시에 6시간 연속 재생이 가능한 배터리 성능을 제공하고, 충전 크래들 이용시 최대 이용시간은 24시간으로 늘어난다.다른 무선이어폰과의 가장 큰 차이점은 ‘멀티 버튼’이다. 기존 무선이어폰은 버튼 하나로 전화 연결이나 음악 재생만을 조작할 수 있지만, 스카이 핏 프로는 버튼 3개를 통해 볼륨 조절과 다음곡·이전곡 전환이 가능하다. 스마트폰의 음성인식 서비스인 애플의 시리(Siri), 구글의 어시스턴트(Assistant)를 호출할 수도 있다.공식 판매 가격은 5만9900원이다. 11번가 사전 예약을 통해 싱글팩은 10% 할인한 5만3900원, 커플팩은 18% 할인한 9만9000원에 판매한다. 공식 판매는 28일부터이며, 이때부터는 11번가는 물론 주요 온라인 쇼핑몰과 스카이 브랜드 사이트, 전국 스카이서비스센터에서도 구매할 수 있다.착한텔레콤 관계자는 “기존 20만원 안팎의 대기업 제품과는 가격 차별화를, 2~3만원대의 중국 브랜드와는 성능 차별화를 추구했다”고 설명했다.박종일 착한텔레콤 대표는 “선이 없는 무선이어폰 시장은 전년 대비 2배 이상으로 급성장 하고 있으며 삼성전자와 애플을 비롯해 샤오미, 모토로라와 같은 스마트폰 제조사들도 경쟁적으로 뛰어들고 있다”며 “스카이의 첫 복귀작인 스카이 핏 프로는 타사 제품에 비해 품질은 높이고 가격은 낮추는 전략으로 더 많은 고객들에게 스카이의 부활을 알리고 싶다”고 말했다.    이재운 (jwlee@edaily.co.kr)네이버에서 이데일리 [구독하기▶], 꿀잼가득 [영상보기▶]빡침해소! 청춘뉘우스~ [스냅타임▶]＜ⓒ종합 경제정보 미디어 이데일리 - 무단전재 &amp; 재배포 금지＞ ]",[''],http://www.newsworks.co.kr/news/articleView.html?idxno=327084,https://n.news.naver.com/mnews/article/018/0004295962?sid=105
2019.01.14.,연합뉴스,,"11번가, 워너원 공식 콘서트 굿즈 단독 예약판매",,,http://yna.kr/AKR20190102065400030?did=1195m,http://www.hellot.net
2019.01.29.,뉴스웍스,,"필립스, '2019 새해맞이 11번가 단독 기획전' 개최",,,http://www.newsworks.co.kr/news/articleView.html?idxno=327606,http://www.newsis.com
2019.01.30.,디지털투데이,경제,"화웨이, '미디어패드 M5 10' '화웨이 밴드3 프로' 11번가에서 출시","[ 가성비 선물세트 3000여개 판매 등    【서울=뉴시스】 【서울=뉴시스】표주연 기자 = 11번가는 가성비 좋은 설 선물세트 3000여 개를 앞세워 오는 30일까지 설 프로모션 ‘완벽한 설날’을 실시한다고 14일 밝혔다.이 행사를 통해 11번가는 총 3번의 중복할인을 받을 수 있는 ‘세배 딜’부터 지역생산자∙브랜드사와 협업한 실속형 선물세트 마련, 고객들이 원하는 상품을 가장 빠르고 편리하게 구매할 수 있도록 돕는 상품 추천∙큐레이션 영역에 집중했다. 하루 3개씩 내놓는 ‘세배 딜’은 설 맞이 10% 할인쿠폰에 상품별 중복 보너스쿠폰(최대 22%)을 더하고 T멤버십 할인(최대 22%)까지 총 3번의 트리플 할인을 받으면 보다 합리적인 설 선물 구매가 가능하다. 14일에는 ‘정관장 홍삼원세트 50㎖ 20포(2세트)’를 최종혜택가 3만6810원에 구매할 수 있고 그 외 11번가 단독 실속구성 ‘LG생활건강 촉촉 그린 가드닝 세트’ 등도 만나볼 수 있다.    특히 이번 설 행사는 지역생산자나 브랜드사와의 협업을 통해 가성비 좋은 상품 수급에 집중했다. pyo000@newsis.com▶ 뉴시스 빅데이터 MSI 주가시세표 바로가기 ▶ 네이버에서 뉴시스 채널 구독하기&lt;저작권자ⓒ 공감언론 뉴시스통신사. 무단전재-재배포 금지.&gt; ]",[],http://www.digitaltoday.co.kr/news/articleView.html?idxno=206276,https://n.news.naver.com/mnews/article/003/0009008913?sid=101
2019.01.11.,케이벤치,,"에코백스, ‘디봇 오즈모 900’ 11번가 런칭 기념 단독 이벤트 진행",,,http://kbench.com/?q=node/195441,http://www.dailian.co.kr/
2019.01.28.,전자신문,경제,"11번가, '플라스틱 빨대 안쓰기' 캠페인 전개","[     써머스플랫폼이 운영하는 가격비교 사이트 '에누리 가격비교'가 11번가와 함께 홈트레이닝 중복할인 프로모션을 진행한다고 29일 밝혔다.에누리 가격비교에 따르면 새해 목표로 운동 및 건강관리를 다짐하는 사람들이 늘어나면서 1월(27일까지 누적매출) 동안 홈트레이닝 상품의 매출이 전년 동기 대비 65%가 증가했다.특히 스쿼트머신과 웨이트기구가 780%이상 큰 폭으로 성장했으며, 런닝·워킹머신 249%, 실내사이클 28%가 증가하며 홈트레이닝 제품들의 매출이 전체적으로 상승했다.에누리는 이러한 수요에 발맞춰 스쿼트머신, 런닝머신, 헬스사이클 등 인기 상품에 최대 5만 원 중복할인이 가능한 4% 쿠폰을 오는 2월 20일까지 선착순 100명에게 제공한다.에누리 가격비교 담당자는 ""미세먼지의 영향과 집에서도 쉽게 따라 할 수 있는 운동 영상이 빠르게 확산되면서 홈트레이닝 제품에 대한 수요가 증가한 것으로 분석된다”며 “앞으로도 에누리 회원들이 좀 더 부담 없는 가격에 상품을 구매할 수 있도록 트렌드에 맞는 다양한 프로모션을 진행할 계획”이라고 말했다.데일리안 최승근 기자 (csk3480@dailian.co.kr)ⓒ (주)데일리안 - 무단전재, 변형, 무단배포 금지   ]",[],http://www.etnews.com/20190108000081,https://n.news.naver.com/mnews/article/119/0002308640?sid=101
2019.01.22.,뉴스웍스,,"필립스, '2019 새해맞이 11번가 단독 기획전' 개최",,,http://www.newsworks.co.kr/news/articleView.html?idxno=327606,http://www.ajunews.com
2019.01.22.,디지털투데이,,"화웨이, '미디어패드 M5 10' '화웨이 밴드3 프로' 11번가에서 출시",,,http://www.digitaltoday.co.kr/news/articleView.html?idxno=206276,http://www.newsis.com
2019-01-21 11:47:00,케이벤치,경제,"에코백스, ‘디봇 오즈모 900’ 11번가 런칭 기념 단독 이벤트 진행","[     (사진=11번가 제공)【서울=뉴시스】이예슬 기자 = 11번가는 올해 첫 '11번가 데이'를 진행한다고 11일 밝혔다.매월 11일은 11번가의 날로 주방용품, 인테리어소품, 가공식품, 브랜드 의류 등 총 122개 카테고리의 모든 상품에 T멤버십 11% 할인이 적용된다.T멤버십 고객은 누구나 이날 하루 1회 혜택(최대 5000원 할인)을 받을 수 있다. 주문 결제시 다른 할인혜택과 중복 가능하다. 일부 상품은 최대 22% T멤버십 할인이 가능하다.'핵인싸템'으로 뜨고 있는 '만능 믹서 텀블러'(정가 3만9800원)를 25% 할인된 2만9800원에 판매할 예정이다. 충전식으로 휴대가 가능하며 간편하게 텀블러에 재료를 담고 어디서든 믹서 기능으로 갈아마실 수 있다.매일 다른 브랜드의 할인 상품을 만날 수 있는 '워너비' 행사에서는 해피콜20%, 빈폴 20%, 나이키 10% 할인쿠폰을 제공한다.ashley85@newsis.com▶ 뉴시스 빅데이터 MSI 주가시세표 바로가기 ▶ 네이버에서 뉴시스 채널 구독하기&lt;저작권자ⓒ 공감언론 뉴시스통신사. 무단전재-재배포 금지.&gt; ]",[],http://kbench.com/?q=node/195441,https://n.news.naver.com/mnews/article/003/0009006011?sid=101
2019-01-14 09:17:33,이투데이,,"“믹서 텀블러 25% 할인” 11번가, '11번가데이'에 ‘T멤버십’ 11% 할인",,,http://www.etoday.co.kr/news/section/newsview.php?idxno=1709619,http://www.edaily.co.kr/
2019-01-29 16:17:14,전자신문,경제,"11번가, '플라스틱 빨대 안쓰기' 캠페인 전개","[    [이데일리 송주오 기자] 미세먼지의 영향으로 온라인 쇼핑이 급증했다. 28일 11번가에 따르면 미세먼지 긴급재난문자가 전송된 지난 11일부터 24일까지 가공·신선식품·생필품 거래액이 지난달(12월11~24) 대비 최대 6배 이상 급증했다.특히 반찬·통조림 등 간편식 거래액이 지난달 대비 크게 치솟았다. 미세먼지로 소비자들이 외출을 꺼린 영향으로 분석된다. 통조림 거래액은 지난달 대비 6배 이상(554%), 반찬·간편식은 2배 이상(102%) 증가했다.대형마트 장보기, 외식도 꺼리면서 기저귀, 분유, 쌀, 과일과 같은 생필품 주문도 늘었다. 기저귀는 3배 이상(209%), 분유는 4배 가까이(298%) 증가했다. 쌀과 과일은 각각 53%, 61% 신장했다.마스크, 공기청정기, 산소캔 등 미세먼지 차단상품도 불티나게 팔렸다. 미세먼지 마스크는 지난달 대비 5배 이상(424%) 신장했다. 11번가는 지난 11일부터 큐레이션 코너 ‘쇼킹딜’을 통해 미세먼지 마스크를 긴급 편성해 내놓고 있고, 매일 준비한 물량이 빠르게 소진돼 지속적으로 물량 수급을 이어가고 있다.공기청정기 역시 지난달 대비 3배 가까이(188%) 팔렸다. 특히 1월 초 출시된 위닉스 2019년형 제로2.0 공기청정기는 신규 론칭임에도 불구하고 하루에 500대 이상 팔렸다. 올해는 유모차 전용 포터블 공기청정기 에어토리 등의 이색상품도 주목받고 있다.  휴대가 간편한 산소캔 거래액은 지난달 대비 61%, 지난해 대비 3000% 이상 급증했다. 11번가는 ‘황사&amp;미세먼지 철벽 방어’ 기획전을 진행해 고객들이 미세먼지와 관련한 120여종 상품을 한 눈에 비교검색하고 간편하게 구매할 수 있도록 했다. 다음 달에는 모바일에 ‘미세먼지’ 전용 탭을 신설해 상품기획자(MD)가 엄선한 오늘의 추천상품, 미세먼지 이겨내는 생활수칙 등 다양한 콘텐츠를 마련, 고객 요구에 보다 신속하게 대응할 예정이다.송주오 (juoh413@edaily.co.kr)네이버에서 이데일리 [구독하기▶], 꿀잼가득 [영상보기▶]빡침해소! 청춘뉘우스~ [스냅타임▶]＜ⓒ종합 경제정보 미디어 이데일리 - 무단전재 &amp; 재배포 금지＞ ]",[],http://www.etnews.com/20190108000081,https://n.news.naver.com/mnews/article/018/0004300376?sid=101
2019-01-11 11:28:10,프라임경제,,"에누리 가격비교, 홈트레이닝 제품 중복할인 프로모션",,,http://www.newsprime.co.kr/news/article.html?no=445131,http://www.datanet.co.kr
2019-01-28 10:27:26,뉴스웨이,,"11번가, 가성비甲 설 선물세트 최대 52% 할인",,,http://www.newsway.co.kr/news/view?tp=1&ud=2019011416420528136,http://www.mbn.co.kr
2019-01-22 17:53:35,전자신문,경제,"11번가, 설 선물 사전판매 실시","[    소상공인 간편결제 서비스 '제로페이' 본사업에 카카오페이와 KT 등 15개 결제사업자가 참여를 신청했습니다.중소벤처기업부는 어제 (21일) 지난 7∼18일 제로페이에 참여할 결제사업자와 밴(VAN)사를 추가 모집한 결과 모두 15개 사업자가 신청했다고 밝혔습니다.우선 카카오페이, KT, 이베이코리아(스마일페이), 11번가(11페이)가 결제사업자로 등록했습니다.한국전자영수증, KG이니시스, 코스콤, 한패스, 핀크, 이비카드(캐시비), 디셈버앤컴퍼니자산운용, 티모넷, 하렉스인포텍(유비페이), KIS정보통신, KSNET 등 사업자도 신청했습니다.지난달 제로페이 시범사업이 시작될 당시 카카오페이는 자체 시행 중인 오프라인 결제 사업과 병행 가능 여부가 명확하지 않다는 이유로 참여하지 않았습니다.카카오페이 관계자는 ""중기부가 '제로페이 4대 원칙에 합의한 사업자라면 누구나 참여할 수 있고 개별기업의 서비스 정책에 관여하지 않는다'는 기본입장을 확인해줘 본사업 참여를 결정했다""고 말했습니다.제로페이 4대 원칙은 소상공인에 대해 수수료 0%대 적용, 간편결제 사업자와 은행 등 누구나 참여 가능한 개방형, 새로운 기술·수단이 적용될 수 있도록 구현, 금융권 수준의 정보기술(IT) 보안기술 확보 등입니다.밴사업자로는 페이콕, 코스콤, 금융결제원, 나이스정보통신, KIS정보통신, 페이민트, 코밴, 퍼스트데이터코리아, 한국신용카드결제, 한국스마트카드, 스마트로, KICC, KSNET, 다우데이터, 제이티넷, NHN_KCP, KIS정보통신 등 총 16개사가 신청했습니다.소상공인간편결제추진사업단은 다음 달 이들 기업의 자격요건을 심사해 협약을 맺습니다.사업단은 3월부터 가맹점 결제 단말기(POS)와 연계하고, 결제 서비스와 시스템 개발을 거쳐 5월 초 서비스를 시작할 계획입니다. [MBN 온라인뉴스팀]▶MBN의 실시간 방송을 고화질로 즐겨보세요▶MBN의 밀착취재! &lt;ON마이크&gt;&lt; Copyright ⓒ MBN(www.mbn.co.kr) 무단전재 및 재배포 금지 &gt;   ]",[],http://www.etnews.com/20190107000098,https://n.news.naver.com/mnews/article/057/0001320505?sid=101
2019.01.30.,지디넷코리아,,"11번가, 3천개 설 선물세트 최대 52%↓",,,http://www.zdnet.co.kr/ArticleView.asp?artice_id=20190114082429,http://www.ajunews.com
2019.01.11.,뉴시스,,"착한텔레콤, 무선이어폰 '스카이 핏 프로' 사전예약",,,http://www.newsis.com/view/?id=NISX20190121_0000535794&cID=13001&pID=13000,http://www.newsis.com
2019.01.17.,로이슈,경제,"에누리 가격비교, 홈트레이닝 제품 중복할인 프로모션","[     (사진=11번가 제공)【서울=뉴시스】이예슬 기자 = 11번가는 올해 첫 '11번가 데이'를 진행한다고 11일 밝혔다.매월 11일은 11번가의 날로 주방용품, 인테리어소품, 가공식품, 브랜드 의류 등 총 122개 카테고리의 모든 상품에 T멤버십 11% 할인이 적용된다.T멤버십 고객은 누구나 이날 하루 1회 혜택(최대 5000원 할인)을 받을 수 있다. 주문 결제시 다른 할인혜택과 중복 가능하다. 일부 상품은 최대 22% T멤버십 할인이 가능하다.'핵인싸템'으로 뜨고 있는 '만능 믹서 텀블러'(정가 3만9800원)를 25% 할인된 2만9800원에 판매할 예정이다. 충전식으로 휴대가 가능하며 간편하게 텀블러에 재료를 담고 어디서든 믹서 기능으로 갈아마실 수 있다.매일 다른 브랜드의 할인 상품을 만날 수 있는 '워너비' 행사에서는 해피콜20%, 빈폴 20%, 나이키 10% 할인쿠폰을 제공한다.ashley85@newsis.com▶ 뉴시스 빅데이터 MSI 주가시세표 바로가기 ▶ 네이버에서 뉴시스 채널 구독하기&lt;저작권자ⓒ 공감언론 뉴시스통신사. 무단전재-재배포 금지.&gt; ]",[],http://www.lawissue.co.kr/view.php?ud=20190129081028580204ead0791_12,https://n.news.naver.com/mnews/article/003/0009006011?sid=101
2019.01.28.,뉴스웨이,,"11번가, 11일 ‘T멤버십’ 11% 할인",,,http://www.newsway.co.kr/news/view?tp=1&ud=2019011115182292817,http://www.metroseoul.co.kr
2019.01.22.,이뉴스투데이,,"11번가, 지역상품큐레이션 강화한 설 선물세트 최대 52% 할인",,,http://www.enewstoday.co.kr/news/articleView.html?idxno=1262589,http://www.edaily.co.kr/
2019.01.22.,지디넷코리아,경제,"11번가, ‘플라스틱 빨대 NO’ 캠페인 시작","[    [이데일리 송주오 기자] 미세먼지의 영향으로 온라인 쇼핑이 급증했다. 28일 11번가에 따르면 미세먼지 긴급재난문자가 전송된 지난 11일부터 24일까지 가공·신선식품·생필품 거래액이 지난달(12월11~24) 대비 최대 6배 이상 급증했다.특히 반찬·통조림 등 간편식 거래액이 지난달 대비 크게 치솟았다. 미세먼지로 소비자들이 외출을 꺼린 영향으로 분석된다. 통조림 거래액은 지난달 대비 6배 이상(554%), 반찬·간편식은 2배 이상(102%) 증가했다.대형마트 장보기, 외식도 꺼리면서 기저귀, 분유, 쌀, 과일과 같은 생필품 주문도 늘었다. 기저귀는 3배 이상(209%), 분유는 4배 가까이(298%) 증가했다. 쌀과 과일은 각각 53%, 61% 신장했다.마스크, 공기청정기, 산소캔 등 미세먼지 차단상품도 불티나게 팔렸다. 미세먼지 마스크는 지난달 대비 5배 이상(424%) 신장했다. 11번가는 지난 11일부터 큐레이션 코너 ‘쇼킹딜’을 통해 미세먼지 마스크를 긴급 편성해 내놓고 있고, 매일 준비한 물량이 빠르게 소진돼 지속적으로 물량 수급을 이어가고 있다.공기청정기 역시 지난달 대비 3배 가까이(188%) 팔렸다. 특히 1월 초 출시된 위닉스 2019년형 제로2.0 공기청정기는 신규 론칭임에도 불구하고 하루에 500대 이상 팔렸다. 올해는 유모차 전용 포터블 공기청정기 에어토리 등의 이색상품도 주목받고 있다.  휴대가 간편한 산소캔 거래액은 지난달 대비 61%, 지난해 대비 3000% 이상 급증했다. 11번가는 ‘황사&amp;미세먼지 철벽 방어’ 기획전을 진행해 고객들이 미세먼지와 관련한 120여종 상품을 한 눈에 비교검색하고 간편하게 구매할 수 있도록 했다. 다음 달에는 모바일에 ‘미세먼지’ 전용 탭을 신설해 상품기획자(MD)가 엄선한 오늘의 추천상품, 미세먼지 이겨내는 생활수칙 등 다양한 콘텐츠를 마련, 고객 요구에 보다 신속하게 대응할 예정이다.송주오 (juoh413@edaily.co.kr)네이버에서 이데일리 [구독하기▶], 꿀잼가득 [영상보기▶]빡침해소! 청춘뉘우스~ [스냅타임▶]＜ⓒ종합 경제정보 미디어 이데일리 - 무단전재 &amp; 재배포 금지＞ ]",[],http://www.zdnet.co.kr/ArticleView.asp?artice_id=20190108081522,https://n.news.naver.com/mnews/article/018/0004300376?sid=101
2019.01.18.,지디넷코리아,,"11번가, 3천개 설 선물세트 최대 52%↓",,,http://www.zdnet.co.kr/ArticleView.asp?artice_id=20190114082429,http://www.datanet.co.kr
18면 TOP,뉴시스,,"착한텔레콤, 무선이어폰 '스카이 핏 프로' 사전예약",,,http://www.newsis.com/view/?id=NISX20190121_0000535794&cID=13001&pID=13000,http://www.mbn.co.kr
2019.01.30.,전자신문,경제,[11번가 테마쇼핑]새해 슬기로운 직장생활을,"[    소상공인 간편결제 서비스 '제로페이' 본사업에 카카오페이와 KT 등 15개 결제사업자가 참여를 신청했습니다.중소벤처기업부는 어제 (21일) 지난 7∼18일 제로페이에 참여할 결제사업자와 밴(VAN)사를 추가 모집한 결과 모두 15개 사업자가 신청했다고 밝혔습니다.우선 카카오페이, KT, 이베이코리아(스마일페이), 11번가(11페이)가 결제사업자로 등록했습니다.한국전자영수증, KG이니시스, 코스콤, 한패스, 핀크, 이비카드(캐시비), 디셈버앤컴퍼니자산운용, 티모넷, 하렉스인포텍(유비페이), KIS정보통신, KSNET 등 사업자도 신청했습니다.지난달 제로페이 시범사업이 시작될 당시 카카오페이는 자체 시행 중인 오프라인 결제 사업과 병행 가능 여부가 명확하지 않다는 이유로 참여하지 않았습니다.카카오페이 관계자는 ""중기부가 '제로페이 4대 원칙에 합의한 사업자라면 누구나 참여할 수 있고 개별기업의 서비스 정책에 관여하지 않는다'는 기본입장을 확인해줘 본사업 참여를 결정했다""고 말했습니다.제로페이 4대 원칙은 소상공인에 대해 수수료 0%대 적용, 간편결제 사업자와 은행 등 누구나 참여 가능한 개방형, 새로운 기술·수단이 적용될 수 있도록 구현, 금융권 수준의 정보기술(IT) 보안기술 확보 등입니다.밴사업자로는 페이콕, 코스콤, 금융결제원, 나이스정보통신, KIS정보통신, 페이민트, 코밴, 퍼스트데이터코리아, 한국신용카드결제, 한국스마트카드, 스마트로, KICC, KSNET, 다우데이터, 제이티넷, NHN_KCP, KIS정보통신 등 총 16개사가 신청했습니다.소상공인간편결제추진사업단은 다음 달 이들 기업의 자격요건을 심사해 협약을 맺습니다.사업단은 3월부터 가맹점 결제 단말기(POS)와 연계하고, 결제 서비스와 시스템 개발을 거쳐 5월 초 서비스를 시작할 계획입니다. [MBN 온라인뉴스팀]▶MBN의 실시간 방송을 고화질로 즐겨보세요▶MBN의 밀착취재! &lt;ON마이크&gt;&lt; Copyright ⓒ MBN(www.mbn.co.kr) 무단전재 및 재배포 금지 &gt;   ]",[],http://www.etnews.com/20190117000047,https://n.news.naver.com/mnews/article/057/0001320505?sid=101
2019.01.21.,에너지경제,,"11번가, ‘로드샵’ 서비스 오픈 1년 ""상점 수·거래액 2배 늘었다""",,,http://www.ekn.kr/news/article.html?no=409962,https://zdnet.co.kr/
2019-01-11 11:28:10,조선비즈,IT/과학,"11번가 긴급공수 이벤트, CJ제일제당 유산균 신제품 'BYO 20억 생유산균'","[    작년 11월까지 부동의 1위 11번가 제쳐(지디넷코리아=김민선 기자)쿠팡이 지난해 12월 이커머스 업체 중 모바일 앱 순 방문자 수 1위에 올랐다. 그동안 줄곧 1위였던 11번가를 제친 것이다.디지털 광고 전문 기업 인크로스는 18일 국내 이커머스 앱 및 웹사이트 이용 현황, 디바이스별 이용 행태, 트래픽 현황 등을 조사한 내용을 담은 '미디어 데이터 클리핑' 보고서를 발표했다.보고서에 따르면 작년 12월 기준 순방문자 앱 부문 1위는 쿠팡(809만명)으로 조사됐다. 쿠팡은 작년 1월부터 11월까지 1위를 차지해왔던 11번가(758만명)를 제치고 지난달 1위를 차지했다.    인크로스 관계자는 ""순 방문자 수를 기준으로 하면, 작년 1월부터 11월까지는 11번가가 계속 1위였으나, 12월 처음으로 쿠팡이 1위를 기록했다""고 설명했다.웹 부문에서는 지마켓(약 952만 명), 11번가(약 912만 명), 옥션(약 870만 명) 순으로 나타났으며 오픈 마켓이 주를 이뤘다.월 평균 실행 횟수 및 페이지뷰가 가장 많은 앱은 당근마켓(85.2회), 위메프(56.1회), 티몬(37.0회), 지마켓(31.4회) 등으로 나타났다.웹 부문에서는 뽐뿌(144.0회)가 월 평균 실행 횟수 1위로 집계됐다. 이어 예스24(40.7회, 3위), 다나와(29.8회, 5위)처럼 도서, 가전 등 특정 카테고리에 특화된 전문몰이 순위권으로 올라왔다. 2위는 옥션(60.8회), 4위는 지마켓(31.3회)다.이커머스 평균 체류시간의 경우 앱 부문에서는 당근마켓(264.1분), 웹에서는 뽐뿌(75.5분)가 1위를 차지했다.    이와 관련 당근마켓과 뽐뿌는 커뮤니티형 이커머스 플랫폼 특성상 타 플랫폼 대비 제품의 스토리가 전달되고, 소비자들이 이를 흡인력 있게 살펴보는 경향이 있기 때문인 것으로 보인다고 인크로스는 설명했다.작년 4분기 쿠팡(20.2%)과 위메프(15.5%)는 전 분기 대비 높은 트래픽 성장률을 보였다. 쿠팡은 지난해 12월 소프트뱅크로부터 약 2조 2천500억 원을 투자 받은 직후 물류센터 인프라 확충에 착수하면서 트래픽이 유의미하게 증가한 것으로 보인다고 인크로스는 설명했다.김민선 기자(yoyoma@zdnet.co.kr) ▶ 지디넷코리아 '홈페이지' / ▶ 지디넷코리아 ‘이슈진단+’  ▶ 네이버 채널에서 ‘지디넷코리아’를 구독해주세요  ]","['상생의 결과라고 생각합니다. 쿠팡 화이팅!', '', '쿠팡맨 파이팅']",http://biz.chosun.com/site/data/html_dir/2019/01/18/2019011801065.html,https://n.news.naver.com/mnews/article/092/0002154721?sid=105
2019-01-28 10:27:26,뉴시스,,"11번가, 13일까지 설 선물 사전판매 돌입",,,http://www.newsis.com/view/?id=NISX20190107_0000522319&cID=13001&pID=13000,http://www.etnews.com
2019-01-22 17:53:35,조선비즈,IT/과학,"11번가 긴급공수 이벤트, CJ제일제당 유산균 신제품 'BYO 20억 생유산균'","[    11번가가 '손익분기점(BEP) 달성'을 올해 경영 목표로 내걸었다. 지난 수년간 집중했던 외형 확대 기조에서 벗어나 내실을 다지는 데 주력한다. SK텔레콤, SK플래닛 등 이른바 정보통신기술(ICT) 패밀리 시너지를 기반으로 미래 먹거리를 찾는데 힘을 쏟을 계획이다.22일 유통업계에 따르면 이상호 11번가 대표는 전 임직원에게 BEP 달성을 한 해 목표로 제시했다. 지난해 9월 SK플래닛에서 독립하기 전까지 확보한 매출·거래액 규모를 유지하는 한편 수익 구조를 개선해 탄탄한 경영 기반을 마련하는데 집중한다.11번가는 지난해 1~3분기 604억원 누적 손실을 기록했다. 분기 평균 200억원 안팎이다. 전년 동기(1068억원) 대비 43% 가량 줄었다. 가격비교 등 부가 서비스 의존도를 줄여 비용을 절감하는 등 수익성을 개선한 덕이다.    이상호 11번가 대표11번가 작년 총 영업손실은 800억~900억원대로 추산된다. 4분기 연중 최대 프로모션 '십일절' 등에 대규모 마케팅 비용을 투입한 것을 감안했다. 2017년 총 영업손실은 1500억원이다. 매출 규모를 유지하면서 손실을 대폭 줄인 것이 고무적이다. 연 거래액은 9조원대, 연 매출은 7000억원 안팎으로 각각 예상된다.11번가는 지난해까지 마케팅에 대규모 비용을 쏟아부었다. 가격 변동에 민감한 e커머스 소비자를 끌어들이고, 시장 점유율을 확보하기 위한 고육지책이다. 그러나 수천억원 적자가 발생하면서 향후 재무 건전성이 흔들릴 수 있다는 우려가 제기됐다.11번가는 올해 BEP 달성을 위해 SK그룹 ICT 관계사 간 시너지를 극대화할 계획이다. 기술 및 사업 경쟁력을 융합해 차별화된 고객 경험을 제공한다. SK텔레콤, SK플래닛, 11번가가 보유한 개인화·추천, 인공지능(AI), 증강현실(AR), 가상현실(VR) 등을 커머스 영역에 적극 활용한다.SK텔레콤 커머스사업부장을 겸직하는 이상호 대표는 최근 미국 라스베이거스에서 열린 'CES 2019'를 방문했다. 주요 e커머스 업체 수장 가운데 유일하게 CES를 참관했다. ICT 및 커머스 관련 최신 시장 상황을 살피고 귀국한 것으로 알려졌다.11번가 관계자는 “새해 커머스 관련 정보와 콘텐츠를 모아 제공하는 '커머스 포털'로 진화를 추진할 계획”이라면서 “AI와 빅데이터 등 최신 ICT를 기반으로 사용 편의를 극대화하는 한편 고객 신뢰를 확보하기 위해 사용자환경(UI)과 사용자경험(UX)을 적극 개선하겠다”고 말했다.    2018년 1~3분기 11번가 매출·영업손실 현황(단위 십억원)자료:SK텔레콤    윤희석 유통 전문기자 pioneer@etnews.com▶ 내 USB가 산업제어시스템 보안을 흔들고 있다?▶ 네이버 모바일에서 [전자신문] 채널 구독하기▶ 전자신문 바로가기 [Copyright ⓒ 전자신문 &amp; 전자신문인터넷, 무단전재 및 재배포 금지] ]",[],http://biz.chosun.com/site/data/html_dir/2019/01/18/2019011801065.html,https://n.news.naver.com/mnews/article/030/0002777828?sid=105
2019-01-18 14:07:21,아시아경제,,"""플라스틱 빨대 쓰지 맙시다""…11번가, '대안 빨대' 판매",,,http://view.asiae.co.kr/news/view.htm?idxno=2019010808314804888,http://www.news2day.co.kr
2019-01-22 17:02:25,글로벌경제,,"11번가, 11일 ‘T멤버십’11% 할인",,,http://www.getnews.co.kr/view.php?ud=20190111094612481741d0c69529_16,http://www.ajunews.com
2019.01.18.,뉴시스,,"11번가, 13일까지 설 선물 사전판매 돌입",,,http://www.newsis.com/view/?id=NISX20190107_0000522319&cID=13001&pID=13000,http://www.sedaily.com
2019.01.17.,뉴시스,경제,"11번가, 워너원 공식 콘서트 굿즈 22종 단독판매","[     [서울경제] 수천억원에서 조단위까지 자금조달 전쟁을 벌이는 이커머스 업계에서 이용자 유치전도 치열하다. 이용자 트래픽이 높을수록 실적 성장으로 이어질 가능성이 높기 때문이다.18일 인크로스에 따르면 지난해 모바일앱 이커머스 상위 월간 순 방문자수는 평균 770만여명으로 sk플래닛의 11번가가 1위를 기록했다. 2위는 쿠팡으로 약 650만명이었다. 위메프와 티몬은 각각 550만명, 500만명으로 뒤를 이었다. 지난 한해 월 평균 방문자수는 11번가가 가장 많았지만 연말 들어 쿠팡의 트래픽이 급증하며 12월에는 11번가를 역전했다. 12월 기준 쿠팡의 순방문자수는 809만명,11번가는 758만명이었다.이커머스의 기업가치는 여러 요소가 있지만 방문자도 중요한 역할을 한다. 내국인뿐 아니라 외국인도 붐비는 서울 명동 소재 백화점이 높은 매출을 기록하는 것과 같은 맥락이다. 이커머스 업계의 한 관계자는 “오프라인 유통 기업이 유동인구가 많은 목 좋은 부동산을 찾듯이 이커머스 기업도 이용자 규모에 따라 거래액도 증가하고 실적도 개선될 수밖에 없다”고 전했다. 쿠팡은 지난해 말 소프트뱅크의 비전펀드에서 약 2조2,500억원 규모 투자를 받을 때 기업가치 를 10조원 안팎으로 평가받은 것으로 알려졌다. 11번가도 지난해 6월 사모투자펀드(PEF) H&amp;Q코리아 등에서 5,000억원 규모 투자를 받을 때 2조7,000억원 안팎으로 몸값을 산정 받았다. 신세계그룹의 이커머스 플랫폼인 쓱닷컴도 지난해 10월 외국계 PEF에서 1조원 투자를 받았는데 당시 기업가치는 약 3조원으로 평가됐다.한편 평균 체류시간과 평균 실행 횟수가 가장 높은 기업은 최근 소프트뱅크벤처스아시아에서 투자를 받은 당근마켓으로 조사됐다. 당근마켓의 지난해 12월 기준 평균 체류시간은 264분으로 쿠팡(78분), 11번가(75분) 등 대형 이커머스를 압도했다. 평균실행 횟수도 같은 기간 809회를 기록해 1위를 차지했다. 당근마켓은 지난해 소프트뱅크벤처스아시아 등 벤처캐피탈(VC)에서 45억원 규모의 투자를 받았다. 당근마켓은 지역 중심의 커머스 플랫폼이다. /박호현기자 greenlight@sedaily.com[서울경제 바로가기]Telegram으로 서울경제 뉴스를 실시간으로 받아보세요 [바로가기▶]프리미엄 미디어 Signal이 투자의 바른 길을 안내합니다 [바로가기▶]저작권자 ⓒ 서울경제, 무단 전재 및 재배포 금지   ]",['쿠팡은 로켓배송말고 다별루 검색해봐도 몇몇업체제품들만 수백개씩 검색되고 다 비슷비슷한것들만 판매하고 가격역시 창렬급 물론 싼것도 아주 드물게 나옴 대략 5백원정도 싼거'],http://www.newsis.com/view/?id=NISX20190102_0000518284&cID=13001&pID=13000,https://n.news.naver.com/mnews/article/011/0003489186?sid=101
2019.01.21.,포쓰저널,,"[단독] 쿠팡·티몬·11번가, 구찌·루이비통 '짝퉁' 판매...처벌은 없고 중개...",,,http://www.4th.kr/news/articleView.html?idxno=8294,http://www.viva100.com
2019.01.29.,연합뉴스,,돌아온 스카이…무선이어폰 '스카이 핏 프로' 28일 출시,,,http://yna.kr/AKR20190121037000017?did=1195m,http://www.ajunews.com
2019.01.25.,한국금융경제신문,,"필립스, '2019 새해맞이 11번가 단독 기획전' 진행",,,http://www.gvalley.co.kr/562777,http://www.etnews.com
2019.01.28.,IT조선,IT/과학,"[오늘의 쇼핑가] 온라인 쇼핑가, 설 맞이 할인행사 돌입…11번가·G마켓·옥션...","[    에누리 가격비교는 다음 달 20일까지 11번가와 '홈트레이닝' 중복할인 프로모션을 실시한다고 29일 밝혔다.스쿼트머신, 런닝머신, 헬스사이클 등 인기 상품 구매 시 최대 5만원 중복할인 받을 수 있는 4% 쿠폰을 선착순 100명에게 제공한다.에누리 가격비교 담당자는 “앞으로도 소비자들이 부담 없는 가격으로 다양한 상품을 구매할 수 있는 프로모션을 선보이겠다”고 말했다.    윤희석 유통 전문기자 pioneer@etnews.com▶ 내 USB가 산업제어시스템 보안을 흔들고 있다?▶ 네이버 모바일에서 [전자신문] 채널 구독하기▶ 전자신문 바로가기 [Copyright ⓒ 전자신문 &amp; 전자신문인터넷, 무단전재 및 재배포 금지] ]",[],http://it.chosun.com/site/data/html_dir/2019/01/14/2019011401349.html,https://n.news.naver.com/mnews/article/030/0002779559?sid=105
2019.01.23.,연합뉴스,,"11번가, 1일부터 11일간 매일 SNS 인기 아이템 선보인다",,,http://yna.kr/AKR20190101027100030?did=1195m,http://ddaily.co.kr
2019.01.14.,지디넷코리아,IT/과학,11번가 “설 선물 미리 준비하세요”,"[     [디지털데일리 이형두기자] 이커머스 업계 마케팅 전쟁이 기존 ‘할인쿠폰’에서 최근 ‘유료멤버십’으로 전환되는 모양새다. 25일 유통업계에 따르면 현재 이베이코리아, 쿠팡, 티몬, 위메프가 유료 멤버십 제도를 운영 중이다. 11번가와 인터파크도 도입을 준비하고 있는 것으로 알려졌다. 이베이코리아 ‘스마일클럽’은 이미 지난해 말 회원 100만명을 돌파했다. 쿠팡도 ‘와우클럽’ 출범 3개월 만에 100만명을 넘어섰다.   통상 유료멤버십 제도는 고객이 멤버십 회비를 내고 가입하면 그 이상 혜택을 돌려주는 방식으로 운영된다. 고객을 특정 플랫폼에 잡아두는 ‘락인’ 효과를 내 진성고객을 늘릴 수 있다. 이용자가 해당 서비스에 이미 매몰비용이 발생했기 때문에 사용률이 높아지는 효과를 낸다. 실제로 유료 멤버십 고객은 일반 고객 대비 구매액 및 구매 횟수 면에서 각각 2배 이상 높은 것으로 나타났다.    업체에 따라 연단위, 월단위 등 가입 조건과 상품이 다양하지만 전반적인 부담금은 월 3000원 수준이다. 회원에게 회비 이상의 추가 할인 쿠폰이나 적립금 혜택을 준다. 유료 회원 전용 딜도 운영하고 있거나 도입할 예정이지만, 고객을 끌어올 정도로 핵심 혜택은 아니라는 평가다.    예컨대 이베이코리아 스마일클럽은 연회비 3만원이지만 가입 시 주는 웰컴기프트만 3만7000원 상당이다. 매년 비슷한 수준의 적립금을 주고 10%대 할인쿠폰, 무료배송 쿠폰, 배달음식 할인 쿠폰도 준다. 이베이코리아는 “스마일클럽 회원은 연회비 3만원으로 연평균 28만6520원 혜택을 보고 있다”고 밝히고 있다.    티몬의 ‘슈퍼세이브’도 6개월 기준 2만4000원 회비를 내면 총 3만6000원 적립금을 웰컴기프트로 돌려줘 가입자가 1만2000원 이득이다. 결제금액의 2%는 포인트로 적립해 준다. 10만명 이상 회원을 모았다.  이같은 적립금, 쿠폰 형태의 혜택은 회원 입장에서 이득이지만 회원수가 늘어날수록 지출이 계속 커지는 구조다. 따라서 이커머스 업계 고질적인 문제로 꼽혔던 ‘쿠폰남발’ 출혈 경쟁의 2막이라는 지적도 나온다. 처음에는 고객 유치와 매출 증대 효과를 기대할 수 있어 달콤한 유혹일 수 있겠지만 결국은 독묻은 사과가 될 가능성이 크다는 지적이다. 실제로 최근 이베이코리아는 포인트 적립율을 낮췄고, 티몬은 결국 180일 단위 멤버십을 폐지했다. 한 이커머스 관계자는 “현행 이커머스 업체들이 운영 중인 유료멤버십 모델은 지속가능한 형태는 아니라고 본다”며 “단기적인 회원 유치와 매출 증가 효과는 있었겠지만, 모든 면에서 긍정적인 결과를 받지는 못했을 것, 최근 혜택이 줄어들고 있는 것도 같은 맥락”이라고 말했다. 지난 23일부터 위메프가 도입한 ‘특가클럽’의 월회비가 990원으로 경쟁사 1/3수준에 불과하고, 혜택도 비교적 낮은 수준인 것도 마찬가지다. 특가클럽은 구매액의 2~4%를 적립금으로 돌려준다. 공세가 아니라 고객 이탈 방지에 초점을 두고 있다고 풀이된다.  11번가의 유료멤버십 제도 도입이 비교적 늦어지는 이유도 이와 관련된 고민인 것으로 알려졌다. 11번가 관계자는 “11번가 유료 멤버십은 연내 출시를 목표로 준비 중”이라며 “단순히 11번가 안에서의 커머스 혜택뿐만 아니라, SK텔레콤으로 묶인 관계사들이 함께 제공할 수 있는 혜택을 고려해 조율하고 있다”고 말했다. 빠른 배송 서비스와 영상, 음원, 전자책 구독 서비스를 함께 제공하는 ‘아마존 프라임’ 모델을 고려한다는 의미다.  다만 진짜유통연구소 박성의 소장은 ""검색광고 등 기존 고객 유치 방식 역시 마케팅 비용이 들어갔던 만큼 따져보면 현행 멤버십 제도도 손해만 있는 것은 아니다""고 분석했다. 그는 ""단순 계산으로는 물론 마이너스지만, 매출 상승으로 인한 수수료 수입 등을 고려해 손해가 크지 않도록 설계됐을 것. 회원 1명당 손해는 몇백원 수준일 것으로 추정된다""고 말했다. 박 소장은 “대부분 업체가 유료 멤버십 제도를 도입하면서, 향후 경쟁 심화보다는 오히려 전반적인 할인 혜택이 줄어드는 쪽으로 갈 것”이라며 “쿠팡이 ‘새벽배송’을 혜택에 넣은 것처럼, 얼마나 디테일하고 ‘엣지’있는 혜택을 주느냐 경쟁으로 갈 가능성이 높다”고 내다봤다.    &lt;이형두 기자&gt;dudu@ddaily.co.krIT언론의 새로운 대안[디지털데일리]IT정보의 즐거운 업그레이드[딜라이트닷넷]뉴스채널 설정 - 네이버 메인에서 디지털데일리 뉴스를 볼 수 있어요.이형두(dudu@ddaily.co.kr)&lt;저작권자 © 디지털데일리 무단전재-재배포금지&gt;   ]","['', '스마일클럽 개꿀ㅋㅋ']",http://www.zdnet.co.kr/ArticleView.asp?artice_id=20190107084600,https://n.news.naver.com/mnews/article/138/0002069590?sid=105
2019.01.22.,연합뉴스,,"11번가, 1일부터 11일간 매일 SNS 인기 아이템 선보인다",,,http://yna.kr/AKR20190101027100030?did=1195m,https://www.asiae.co.kr/
2019.01.24.,이뉴스투데이,경제,"11번가, 새해 첫 ‘11번가 데이’ 프로모션 진행","[     [아시아경제 이지은 기자] 이달 한반도를 찾아온 역대 최악의 미세먼지 폭풍에 1월 온라인에서 장을 본 고객이 급증했다. 11번가는 미세먼지 긴급재난문자가 전송된 지난 11일부터 이달 24일까지 가공?신선식품?생필품 거래액이 전월 동기(12/11~24) 대비 최대 6배 이상 급증하고 마스크?공기청정기 거래액은 5배 이상 늘었다.특히 반찬?통조림 등 간편식 거래액이 지난달 대비 크게 치솟았다. 미세먼지로 소비자들이 외출을 꺼리면서 집 앞 편의점에서 구매할 수 있는 간단한 간편식도 온라인으로 주문하는 수요가 크게 늘어났기 때문이다. 통조림 거래액은 지난달 대비 6배 이상(554%), 반찬?간편식은 2배 이상(+102%) 증가했다.대형마트 장보기, 외식도 꺼리면서 기저귀, 분유, 쌀, 과일과 같은 생필품 주문도 늘었다. 기저귀는 3배 이상(209%), 분유는 4배 가까이(298%) 증가했다. 쌀은 53%, 과일은 61%, 냉동?간편과일은 95%, 그 외 생선류와 육류는 각각 51%, 54% 증가했다.마스크, 공기청정기, 산소캔 등 미세먼지 차단상품도 불티나게 팔렸다. 미세먼지 마스크는 지난달 대비 5배 이상(424%) 판매됐고 최악의 미세먼지 농도를 보였던 지난 14일 하루 거래액은 전주 같은 날(7일) 보다 무려 20배 이상 치솟았다. 공기청정기 역시 지난달 대비 3배 가까이(188%) 팔렸다. 공기청정 기능도 있으면서 인테리어 효과도 있는 공기정화식물 거래액 역시 35% 늘었다.휴대가 간편한 산소캔 거래액은 지난달 대비 61%, 지난해 대비 3000% 이상 급증했다. 가루형태의 고체산소가 공기 중의 이산화탄소와 수분을 흡수해 산소를 만들어내는 자연 산소 발생용품인 하루산소가 소셜네트워크서비스(SNS) 상에서 인기를 끌기도 했다.  11번가는 '황사&amp;미세먼지 철벽 방어' 기획전을 상시 노출해 고객들이 황사마스크, 공기청정기, 자동차 세차용품, 공기정화식물, 미세먼지 측정기 등 미세먼지와 관련한 120여종 상품들을 한 눈에 비교검색하고 간편하게 구매할 수 있도록 했다. 봄 황사 시즌을 앞둔 2월에는 모바일에 '미세먼지' 전용 탭을 신설해 상품담당자(MD)가 엄선한 오늘의 추천상품, 미세먼지 이겨내는 생활수칙 등 다양한 콘텐츠를 마련할 예정이다. 이지은 기자 leezn@asiae.co.kr▶ 네이버 홈에서 '아시아경제' 뉴스 확인하기▶ 재미와 신기 '과학을읽다' ▶ 꿀잼 '인기만화'&lt;ⓒ경제를 보는 눈, 세계를 보는 창 아시아경제 무단전재 배포금지&gt;   ]",[],http://www.enewstoday.co.kr/news/articleView.html?idxno=1262112,https://n.news.naver.com/mnews/article/277/0004402640?sid=101
2019-01-18 16:43:48,글로벌이코노믹,,"11번가, ‘완벽한 설날’ 프로모션",,,http://www.g-enews.com/ko-kr/news/article/news_all/201901140918387443c176748603_1/article.html,http://www.kyeonggi.com/
2019-01-29 09:29:22,헤럴드POP,,'언더나인틴' 예비돌들의 파이널 콘서트..오늘(24일) 티켓 오픈,,,http://biz.heraldcorp.com/view.php?ud=201901240807431536529_1,http://news1.kr/
2019-01-25 11:05:16,아시아투데이,경제,"11번가, '플라스틱 빨대 안쓰기' 캠페인 진행","[     11번가 © News1(서울=뉴스1) 신건웅 기자 = 11번가는 오는 30일까지 설 프로모션 '완벽한 설날'을 실시한다고 14일 밝혔다.총 3번의 중복할인을 받을 수 있는 '세배 딜'부터 지역생산자·브랜드사와 협업한 실속형 선물세트를 마련했다. 특히 고객들이 원하는 상품을 가장 빠르고 편리하게 구매할 수 있도록 돕는 상품 추천·큐레이션 영역에 집중했다. 하루 3개씩 내놓는 세배 딜은 설맞이 10% 할인쿠폰에 상품별 중복 보너스쿠폰(최대 22%)을 더하고, T멤버십 할인(최대 22%)까지 총 3번의 트리플 할인을 받을 수 있다.또 고객들이 직접 비교검색 하지 않아도 추천·큐레이션을 통해 선물 대상이나 목적에 맞는 상품을 제안해 고객편의를 극대화한 선물 검색추천서비스도 준비 중이다. 정확한 선물 추천을 위해 2017년~2018년 설 시즌 동안 많이 검색된 키워드와 인기 설 선물 구매 리뷰를 교차 분석했다.쇼핑 목적에 맞는 다양한 상품 큐레이션도 선보인다. Δ테마별 명절 준비(준비식품∙주방용품∙가전용품∙차례용품∙안전귀향∙가족놀거리)를 위한 '준비용품' Δ해외직구로 건강식품을 주로 구매하는 고객들을 위한 '해외직구' Δ대량구매 고객들에게 OK캐쉬백 적립혜택을 제공하는 '다다익선' 등 여러 고객들의 니즈를 모두 만족시키기 위한 세분화된 상품 큐레이션을 제공한다.이외에도 지역생산자나 브랜드사와의 협업을 통해 가성비 좋은 상품 수급에 집중했다.임현동 11번가 마트 담당은 ""고객들이 매년 명절 여러 상품의 품질과 가격을 비교하는 과정에서 겪는 선택 스트레스를 줄이기 위해 품질 좋은 상품 수급에 힘썼다""고 말했다.keon@news1.kr▶ [ 크립토허브 ]  [ 터닝포인트 2019 ] ▶ 에어팟&amp;스타벅스 커피 경품(~1/25)[© 뉴스1코리아(news1.kr), 무단 전재 및 재배포 금지] ]",[],http://www.asiatoday.co.kr/view.php?key=20190108010004155,https://n.news.naver.com/mnews/article/421/0003784070?sid=101
2019-01-28 10:43:59,녹색경제신문,,"필립스, 11번가에서 '2019 새해맞이 단독 기획전' 열어",,,http://www.greened.kr/news/articleView.html?idxno=90788,http://www.kfenews.co.kr/
2019-01-14 11:00:46,서울경제,,카카오페이·KT 등도 '제로페이' 참여한다,,,http://www.sedaily.com/NewsView/1VE4GGY0T4,http://www.dailysecu.com
2019.01.23.,위키트리,,"SKT, ""올 하반기 5G 중심 1조 이상 수익 발생할 것""",,,http://www.wikitree.co.kr/main/news_view.php?id=401231,http://www.kyeonggi.com/
2019.01.17.,노컷뉴스,,"컴백 SKY, 첫 복귀작은 무선이어폰",,,http://www.nocutnews.co.kr/news/5092596,http://www.breaknews.com
2019.01.14.,글로벌이코노믹,,"11번가, 11일 ‘T멤버십’ 11% 할인",,,http://www.g-enews.com/ko-kr/news/article/news_all/201901110915026347c176748603_1/article.html,http://news1.kr/
2019.01.22.,디지털타임스,경제,"SKT ""5G서비스 쥐고 매출 18兆 찍을것""","[     11번가 © News1(서울=뉴스1) 신건웅 기자 = 11번가는 오는 30일까지 설 프로모션 '완벽한 설날'을 실시한다고 14일 밝혔다.총 3번의 중복할인을 받을 수 있는 '세배 딜'부터 지역생산자·브랜드사와 협업한 실속형 선물세트를 마련했다. 특히 고객들이 원하는 상품을 가장 빠르고 편리하게 구매할 수 있도록 돕는 상품 추천·큐레이션 영역에 집중했다. 하루 3개씩 내놓는 세배 딜은 설맞이 10% 할인쿠폰에 상품별 중복 보너스쿠폰(최대 22%)을 더하고, T멤버십 할인(최대 22%)까지 총 3번의 트리플 할인을 받을 수 있다.또 고객들이 직접 비교검색 하지 않아도 추천·큐레이션을 통해 선물 대상이나 목적에 맞는 상품을 제안해 고객편의를 극대화한 선물 검색추천서비스도 준비 중이다. 정확한 선물 추천을 위해 2017년~2018년 설 시즌 동안 많이 검색된 키워드와 인기 설 선물 구매 리뷰를 교차 분석했다.쇼핑 목적에 맞는 다양한 상품 큐레이션도 선보인다. Δ테마별 명절 준비(준비식품∙주방용품∙가전용품∙차례용품∙안전귀향∙가족놀거리)를 위한 '준비용품' Δ해외직구로 건강식품을 주로 구매하는 고객들을 위한 '해외직구' Δ대량구매 고객들에게 OK캐쉬백 적립혜택을 제공하는 '다다익선' 등 여러 고객들의 니즈를 모두 만족시키기 위한 세분화된 상품 큐레이션을 제공한다.이외에도 지역생산자나 브랜드사와의 협업을 통해 가성비 좋은 상품 수급에 집중했다.임현동 11번가 마트 담당은 ""고객들이 매년 명절 여러 상품의 품질과 가격을 비교하는 과정에서 겪는 선택 스트레스를 줄이기 위해 품질 좋은 상품 수급에 힘썼다""고 말했다.keon@news1.kr▶ [ 크립토허브 ]  [ 터닝포인트 2019 ] ▶ 에어팟&amp;스타벅스 커피 경품(~1/25)[© 뉴스1코리아(news1.kr), 무단 전재 및 재배포 금지] ]",[],http://www.dt.co.kr/contents.html?article_no=2019013102109931727001&ref=naver,https://n.news.naver.com/mnews/article/421/0003784070?sid=101
2019.01.24.,OSEN,,"'언더나인틴' 2월 파이널 콘서트, 오늘 티켓 예매 오픈 '피켓팅' 예고",,,http://www.osen.co.kr/article/G1111070416,http://www.kfenews.co.kr/
2019.01.29.,노컷뉴스,,"컴백 SKY, 첫 복귀작은 무선이어폰",,,http://www.nocutnews.co.kr/news/5092596,http://www.dailysecu.com
2019.01.21.,뉴스웍스,,"에누리 가격비교, 홈트레이닝 제품 중복할인 프로모션",,,http://www.newsworks.co.kr/news/articleView.html?idxno=331756,http://www.edaily.co.kr/
2019.01.28.,디지털타임스,경제,"“플라스틱 빨대 대신 이건 어때”…11번가, 대안빨대 캠페인","[    [이데일리 김정유 기자] 써머스플랫폼는 자사 가격비교 사이트 ‘에누리 가격비교’가 11번가와 함께 홈트레이닝 중복할인 프로모션을 진행한다고 29일 밝혔다.에누리 가격비교에 따르면 이달 27일까지 홈트레이닝 상품 매출은 전년 동기대비 65% 증가했다. 특히 스쿼트머신과 웨이트기구가 780% 성장했으며 런닝·워킹머신과 실내사이클도 각각 249%, 28%가 늘어나는 등 홈트레이닝 제품 매출이 전체적으로 증가했다. 에누리 가격비교는 스쿼트머신, 런닝머신, 헬스사이클 등 인기 상품에 최대 5만원 중복할인이 가능한 4% 쿠폰을 다음달 20일까지 선착순 100명에게 제공한다.회사 관계자는 “미세먼지의 영향과 집에서도 쉽게 따라 할 수 있는 운동 영상이 빠르게 확산되면서 홈트레이닝 제품에 대한 수요가 증가한 것으로 분석된다”며 “앞으로도 에누리 회원들이 좀 더 부담 없는 가격에 상품을 구매할 수 있도록 트렌드에 맞는 다양한 프로모션을 진행할 계획”이라고 말했다.김정유 (thec98@edaily.co.kr)이데일리 채널 구독 이벤트 [★BTS★ 실물영접 기회를▶]꿀잼가득 [영상보기▶] , 빡침해소!청춘뉘우스~ [스냅타임▶]＜ⓒ종합 경제정보 미디어 이데일리 - 무단전재 &amp; 재배포 금지＞ ]",[],http://www.dt.co.kr/contents.html?article_no=2019010802109932060006&ref=naver,https://n.news.naver.com/mnews/article/018/0004301083?sid=101
2019.01.14.,머니S,,"구글, 신규 크롬캐스트 국내 출시… 속도 15%↑",,,http://moneys.mt.co.kr/news/mwView.php?no=2019012209478086538,http://www.kukinews.com
2019.01.28.,스포츠서울,,"11번가, 설 선물 사전판매 돌입…'더블할인' 등 혜택 강화",,,http://www.sportsseoul.com/news/read/717608,http://www.bloter.net/
2019-01-14 11:00:46,로이슈,IT/과학,"11번가, 설 프로모션 ‘완벽한 설날’ 실시","[    미세먼지에 외출이 어려워지자 온라인 쇼핑이 급증하고 있다. 11번가에 따르면 미세먼지 긴급재난문자가 전송된 지난 1월11일부터 24일까지 가공·신선식품·생필품 거래액이 급증하고 미세먼지 차단상품도 불티나게 팔리고 있다. 특히 산소캔 거래액은 지난해 대비 3천% 이상 많아져 미세먼지의 심각성을 실감케 했다.반찬·통조림 등 간편식의 거래액은 지난달 대비 크게 치솟았다. 특히 통조림 거래액은 지난달 대비 6배 이상(+554%) 늘었고, ‘반찬·간편식’은 2배 이상 증가했다. 기저귀, 분유, 쌀, 과일과 같은 생필품류의 주문도 늘었다. 기저귀는 3배 이상(+209%), 분유는 4배 가까이(+298%) 증가했다. 쌀은 53%, 과일은 61%, 냉동·간편과일은 95%, 그 외 생선류와 육류는 각각 51%, 54% 가량 증가했다.미세먼지로 소비자들이 외출을 꺼리면서 편의점, 마트 등에서 구매할 수 있는 물품을 온라인으로 주문하는 수요가 크게 늘어난 것으로 보인다.    ｜미세먼지로 인해 관련 상품도 속속 등장하고 있다.마스크, 공기청정기, 산소캔 등 미세먼지 차단상품도 판매가 급증했다. 미세먼지 마스크는 지난달 대비 5배 이상(+424%) 판매됐다. 최악의 미세먼지 농도를 보였던 지난 14일 하루 거래액은 전주 같은 날(7일) 보다 무려 20배 이상 치솟았다. 공기청정기도 지난달 대비 3배 가까이(+188%) 팔렸으며 공기정화식물 거래액 역시 35% 늘었다. 산소캔 거래액은 지난달 대비 61%, 지난해 대비 3천% 이상 증가했다.모공 속 노폐물을 씻어내는 모공 브러쉬, 각질제거제 등 뷰티아이템도 지난달 대비 거래액이 각각 53%, 68% 늘었다. 이밖에 공기 중의 이산화탄소와 수분을 흡수해 산소를 만들어내는 가루형태의 고체산소나 유모차 전용으로 만들어진 휴대용 공기청정기 등 미세먼지 특화 이색상품도 등장하고 있다.한편 환경부는 고농도 미세먼지 발생 시에 ▲가급적 외출 자제 ▲외출시에는 보건용 마스크(KF80, KF94, KF99) 착용 ▲우리동네 대기질 모바일 앱을 활용해 미세먼지 농도를 수시로 확인 ▲활동량을 줄일 것을 권고하고 있다.김인경 기자(shippo@bloter.net)[저작권자 (주)블로터앤미디어, 저작권자를 명기하고 내용을 변경하지 않으며, 비상업적으로 이용하는 조건아래 재배포 가능합니다.]   ]",[],http://www.lawissue.co.kr/view.php?ud=201901140918313668204ead0791_12,https://n.news.naver.com/mnews/article/293/0000023522?sid=105
2019-01-29 09:07:39,매일경제,,"11번가, 워너원 공식 콘서트 굿즈 22종 단독 예약판매",,,http://news.mk.co.kr/newsRead.php?year=2019&no=1649,http://www.edaily.co.kr/
2019-01-28 10:27:23,스포츠서울,IT/과학,"11번가, 설 선물 사전판매 돌입…'더블할인' 등 혜택 강화","[ '밴드3 프로' 12만원대에..심박수 측정 지원태블릿 신제품 '미디어패드 M5 10'도 선보여    화웨이코리아 제공[이데일리 이재운 기자] 중국 IT기기 제조사 화웨이컨슈머비즈니스그룹은 10.8인치 플래그십 태블릿 ‘화웨이 미디어패드 M5 10’와 웨어러블 밴드 ‘화웨이 밴드3 프로’를 11번가에서 출시한다고 14일 밝혔다.미디어패드 M5 10은 새 학기를 맞아 출시한 고해상도 프리미엄 태블릿으로, 학업과 멀티미디어 용도에 주목한 제품이다. 2560×1600 해상도 넓은 화면, 작은 부분도 선명하게 표현하는 클래리뷰(ClariVu) 5.0 디스플레이 등이 특징이다.지능형 알고리즘을 기반으로 최적화된 사진과 동영상 구현, 장시간 사용에 따른 눈의 피로를 줄여주는 시력 보호 모드, 하만카돈 스피커, 고음질(Hi Resolution) 오디오 등도 제공한다. 배터리 용량은 7500mAh로 12시간 연속 풀HD(1080p) 영상 재생이 가능하다.화웨이 밴드3 프로는 화웨이가 한국 시장에 처음 선보이는 웨어러블 제품이다. 0.95인치 HD AMOLED(240×120) 컬러 터치스크린을 탑재했으며, 스트랩에는 안전성 인증을 획득한 실리콘 소재와 자외선 경화(UV curing) 기술을 적용했다. 수심 50m까지 작동하는 방수 기능과 심박수 확인, 수면 패턴 관리 등 헬스케어 기능도 특징이다.미디어패드 M5 10는 스페이스 그레이 색상, 화웨이 밴드 3 프로는 블랙, 블루 2가지 색상으로 출시한다. 출고가는 각각 49만9000원과 12만9000원이며, 11번가 쿠폰 적용 시 각각 2만원, 1만원 할인을 제공한다.이재운 (jwlee@edaily.co.kr)네이버에서 이데일리 [구독하기▶]빡침해소! 청춘뉘우스~ [스냅타임▶]＜ⓒ종합 경제정보 미디어 이데일리 - 무단전재 &amp; 재배포 금지＞ ]","['', '돈줘도 짱개는 안써 꺼져', '꺼져라. 짱개 스파이기업아. 어디서 정보 빼가려고 나대냐?', '화웨이 밴드 찬 사람의 모든 정보는 중국의 빅데이타로 잘 활용될 것이다. 구글, 바이두, 네이버 같은 정보 회사들의 진짜 목적은 메일, 검색등의 편리함을 던져주는 댓가로 우리에 관한 데이터를 모아서 장악하는 거지. 그것들은 결국 독재자와 권력자들의 무기가 되는 것이고. 1984가 빅브라더의 시대가 아니고 1984 이후가 그런갑다.', '안사요~!!! 공짜로 줘도 필요없어요!', '저거 100% 백도어 숨어있다...', '응 안사요 안사', '그 가격이면 미밴드 쓰는게 낫겠다', '', '저거 사면 매국노 인정 !!!', '', 'ㅋㅋㅋㅋㅋㅋㅋㅋ웃긴다....저거 쓰면 내신상 모두 중국으로 빠져나가겠지.....중빠들은 열나써라...나는 안쓸란다....한가팁을 말하면 중국은 우리나라와 다르게 군대가 회사를 운영한다...그래서 화웨이는 기업이 아니라 군대라는 사실을 알기 바란다...그렇게 좋은 중국 열라 빠는 넘들만 써라...신상 탈탈털리게.....좁쌀만한 서버 해킹칩으로 전세계 기업 국가 전산망을 해킹했다는 사실을 알기 바란다...그래서 중국에서 기술굵기를 한다고 호언장담한것이다...한마디로 기술 훔쳐서 싼가격에 만들어 팔겠다는것이다...', '니 신체정보부터 모조리 중공에 헌납하는 기기', '응 개인정보 수집 ㅅㄱ', '응 안사 짱깨들이 내 체중아는거 싫어', '하나 사야쥐~', '', '어서들사라\n중국 공장돌려서\n미세먼지 늘려보자', '패드 저거 중국에선 30만원대인데...\n바다 건너왔다고 20만원 더 받는것 보소 ㅋㅋ', '', '정보유출. 스파이 기기 사는 붕 ㅅ ㅣ ㄴ 들 대부분 문꿀꿀이더라.', '', '패드 20이하, 밴드 5이하!!! 그럼 산다!', '그냥 꽁자로줘도  갔다  버린다  진심이다', '이데일리 얘들은 또 왜이러지? 여기도 공산당원이 경영진인가?', '']",http://www.sportsseoul.com/news/read/717608,https://n.news.naver.com/mnews/article/018/0004291225?sid=105
2019-01-14 12:36:05,디지털투데이,,"11번가, '플라스틱 빨대 안쓰기' 캠페인",,,http://www.digitaltoday.co.kr/news/articleView.html?idxno=206136,http://www.sedaily.com
2019-01-28 09:59:15,스포츠경향,경제,"부활한 ‘스카이’, 무선 이어폰으로 먼저 만난다","[     [서울경제] 깨끗한나라는 디즈니와 함께 만든 기저귀 ‘베이비케어 밴드&amp;팬티’ 출시를 기념해 ‘베이비케어 포토상품평 이벤트’를 진행한다고 28일 밝혔다.이 이벤트는 오는 3월 10일까지다. 보솜이몰이나 11번가·G마켓·옥션·위메프·티몬 등 온라인 쇼핑몰에서 해당 제품을 구매한 뒤 제품 사진과 함께 상품평을 등록하면 자동 응모된다. 상품평 중 베스트 후기를 선정, 디즈니 여행용 캐리어 8종 세트, 디즈니 물티슈 또는 기저귀 등 경품을 증정한다.인스타그램 이벤트도 함께 열린다. 개인 인스타그램에 6개 해시태그를 남기는 방식이다. ‘보솜이’, ‘베이비케어’, ‘아기기저귀’, ‘미키기저귀’, ‘미키마우스기저귀’, ‘디즈니기저귀’ 등 6개 해시태그와 함께 보솜이 베이비케어 밴드&amp;팬티를 사용하는 인증 사진을 게시하면 된다. 추첨을 통해 미아 방지용 스트랩이 달린 미키마우스 배낭을 20명에게 증정한다.깨끗한나라 관계자는 “베이비케어는 ‘미키 마우스 기저귀’라고 불리며 소비자에게 많은 사랑을 받고 있다”면서 “이번 이벤트를 통해 보솜이 소비자들과 더욱 폭넓게 소통하겠다”고 밝혔다. /맹준호기자 next@sedaily.com[서울경제 바로가기]Telegram으로 서울경제 뉴스를 실시간으로 받아보세요 [바로가기▶]프리미엄 미디어 Signal이 투자의 바른 길을 안내합니다 [바로가기▶]저작권자 ⓒ 서울경제, 무단 전재 및 재배포 금지   ]",[],http://sports.khan.co.kr/news/sk_index.html?art_id=201901211416003&sec_id=561101&pt=nv,https://n.news.naver.com/mnews/article/011/0003495070?sid=101
2019.01.17.,로이슈,,"11번가, 설 프로모션 ‘완벽한 설날’ 실시",,,http://www.lawissue.co.kr/view.php?ud=201901140918313668204ead0791_12,http://www.cnbnews.com
2019.01.28.,매일경제,,"11번가, 워너원 공식 콘서트 굿즈 22종 단독 예약판매",,,http://news.mk.co.kr/newsRead.php?year=2019&no=1649,http://www.bloter.net/
2019.01.14.,스마트경제,IT/과학,"""충성고객 모셔라""… e커머스, 유료멤버십 전쟁 본격화","[    미세먼지에 외출이 어려워지자 온라인 쇼핑이 급증하고 있다. 11번가에 따르면 미세먼지 긴급재난문자가 전송된 지난 1월11일부터 24일까지 가공·신선식품·생필품 거래액이 급증하고 미세먼지 차단상품도 불티나게 팔리고 있다. 특히 산소캔 거래액은 지난해 대비 3천% 이상 많아져 미세먼지의 심각성을 실감케 했다.반찬·통조림 등 간편식의 거래액은 지난달 대비 크게 치솟았다. 특히 통조림 거래액은 지난달 대비 6배 이상(+554%) 늘었고, ‘반찬·간편식’은 2배 이상 증가했다. 기저귀, 분유, 쌀, 과일과 같은 생필품류의 주문도 늘었다. 기저귀는 3배 이상(+209%), 분유는 4배 가까이(+298%) 증가했다. 쌀은 53%, 과일은 61%, 냉동·간편과일은 95%, 그 외 생선류와 육류는 각각 51%, 54% 가량 증가했다.미세먼지로 소비자들이 외출을 꺼리면서 편의점, 마트 등에서 구매할 수 있는 물품을 온라인으로 주문하는 수요가 크게 늘어난 것으로 보인다.    ｜미세먼지로 인해 관련 상품도 속속 등장하고 있다.마스크, 공기청정기, 산소캔 등 미세먼지 차단상품도 판매가 급증했다. 미세먼지 마스크는 지난달 대비 5배 이상(+424%) 판매됐다. 최악의 미세먼지 농도를 보였던 지난 14일 하루 거래액은 전주 같은 날(7일) 보다 무려 20배 이상 치솟았다. 공기청정기도 지난달 대비 3배 가까이(+188%) 팔렸으며 공기정화식물 거래액 역시 35% 늘었다. 산소캔 거래액은 지난달 대비 61%, 지난해 대비 3천% 이상 증가했다.모공 속 노폐물을 씻어내는 모공 브러쉬, 각질제거제 등 뷰티아이템도 지난달 대비 거래액이 각각 53%, 68% 늘었다. 이밖에 공기 중의 이산화탄소와 수분을 흡수해 산소를 만들어내는 가루형태의 고체산소나 유모차 전용으로 만들어진 휴대용 공기청정기 등 미세먼지 특화 이색상품도 등장하고 있다.한편 환경부는 고농도 미세먼지 발생 시에 ▲가급적 외출 자제 ▲외출시에는 보건용 마스크(KF80, KF94, KF99) 착용 ▲우리동네 대기질 모바일 앱을 활용해 미세먼지 농도를 수시로 확인 ▲활동량을 줄일 것을 권고하고 있다.김인경 기자(shippo@bloter.net)[저작권자 (주)블로터앤미디어, 저작권자를 명기하고 내용을 변경하지 않으며, 비상업적으로 이용하는 조건아래 재배포 가능합니다.]   ]",[],http://www.dailysmart.co.kr/news/articleView.html?idxno=5454,https://n.news.naver.com/mnews/article/293/0000023522?sid=105
2019.01.29.,위키리크스한국,,"11번가, '11번가 데이(Day)' 진행···T멤버십 11% 할인",,,http://www.wikileaks-kr.org/news/articleView.html?idxno=45155,http://www.edaily.co.kr/
2019.01.28.,조선비즈,IT/과학,"스타일러, 마약베개...11번가, 유행아이템 판매","[ '밴드3 프로' 12만원대에..심박수 측정 지원태블릿 신제품 '미디어패드 M5 10'도 선보여    화웨이코리아 제공[이데일리 이재운 기자] 중국 IT기기 제조사 화웨이컨슈머비즈니스그룹은 10.8인치 플래그십 태블릿 ‘화웨이 미디어패드 M5 10’와 웨어러블 밴드 ‘화웨이 밴드3 프로’를 11번가에서 출시한다고 14일 밝혔다.미디어패드 M5 10은 새 학기를 맞아 출시한 고해상도 프리미엄 태블릿으로, 학업과 멀티미디어 용도에 주목한 제품이다. 2560×1600 해상도 넓은 화면, 작은 부분도 선명하게 표현하는 클래리뷰(ClariVu) 5.0 디스플레이 등이 특징이다.지능형 알고리즘을 기반으로 최적화된 사진과 동영상 구현, 장시간 사용에 따른 눈의 피로를 줄여주는 시력 보호 모드, 하만카돈 스피커, 고음질(Hi Resolution) 오디오 등도 제공한다. 배터리 용량은 7500mAh로 12시간 연속 풀HD(1080p) 영상 재생이 가능하다.화웨이 밴드3 프로는 화웨이가 한국 시장에 처음 선보이는 웨어러블 제품이다. 0.95인치 HD AMOLED(240×120) 컬러 터치스크린을 탑재했으며, 스트랩에는 안전성 인증을 획득한 실리콘 소재와 자외선 경화(UV curing) 기술을 적용했다. 수심 50m까지 작동하는 방수 기능과 심박수 확인, 수면 패턴 관리 등 헬스케어 기능도 특징이다.미디어패드 M5 10는 스페이스 그레이 색상, 화웨이 밴드 3 프로는 블랙, 블루 2가지 색상으로 출시한다. 출고가는 각각 49만9000원과 12만9000원이며, 11번가 쿠폰 적용 시 각각 2만원, 1만원 할인을 제공한다.이재운 (jwlee@edaily.co.kr)네이버에서 이데일리 [구독하기▶]빡침해소! 청춘뉘우스~ [스냅타임▶]＜ⓒ종합 경제정보 미디어 이데일리 - 무단전재 &amp; 재배포 금지＞ ]","['', '돈줘도 짱개는 안써 꺼져', '꺼져라. 짱개 스파이기업아. 어디서 정보 빼가려고 나대냐?', '화웨이 밴드 찬 사람의 모든 정보는 중국의 빅데이타로 잘 활용될 것이다. 구글, 바이두, 네이버 같은 정보 회사들의 진짜 목적은 메일, 검색등의 편리함을 던져주는 댓가로 우리에 관한 데이터를 모아서 장악하는 거지. 그것들은 결국 독재자와 권력자들의 무기가 되는 것이고. 1984가 빅브라더의 시대가 아니고 1984 이후가 그런갑다.', '안사요~!!! 공짜로 줘도 필요없어요!', '저거 100% 백도어 숨어있다...', '응 안사요 안사', '그 가격이면 미밴드 쓰는게 낫겠다', '', '저거 사면 매국노 인정 !!!', '', 'ㅋㅋㅋㅋㅋㅋㅋㅋ웃긴다....저거 쓰면 내신상 모두 중국으로 빠져나가겠지.....중빠들은 열나써라...나는 안쓸란다....한가팁을 말하면 중국은 우리나라와 다르게 군대가 회사를 운영한다...그래서 화웨이는 기업이 아니라 군대라는 사실을 알기 바란다...그렇게 좋은 중국 열라 빠는 넘들만 써라...신상 탈탈털리게.....좁쌀만한 서버 해킹칩으로 전세계 기업 국가 전산망을 해킹했다는 사실을 알기 바란다...그래서 중국에서 기술굵기를 한다고 호언장담한것이다...한마디로 기술 훔쳐서 싼가격에 만들어 팔겠다는것이다...', '니 신체정보부터 모조리 중공에 헌납하는 기기', '응 개인정보 수집 ㅅㄱ', '응 안사 짱깨들이 내 체중아는거 싫어', '하나 사야쥐~', '', '어서들사라\n중국 공장돌려서\n미세먼지 늘려보자', '패드 저거 중국에선 30만원대인데...\n바다 건너왔다고 20만원 더 받는것 보소 ㅋㅋ', '', '정보유출. 스파이 기기 사는 붕 ㅅ ㅣ ㄴ 들 대부분 문꿀꿀이더라.', '', '패드 20이하, 밴드 5이하!!! 그럼 산다!', '그냥 꽁자로줘도  갔다  버린다  진심이다', '이데일리 얘들은 또 왜이러지? 여기도 공산당원이 경영진인가?', '']",http://biz.chosun.com/site/data/html_dir/2018/12/31/2018123102573.html,https://n.news.naver.com/mnews/article/018/0004291225?sid=105
2019.01.21.,뉴스1,,"경기도, 취약계층 ‘오픈마켓 창업교육’ 실시",,,http://news1.kr/articles/?3529238,http://www.sportsseoul.com/
2019.01.11.,인벤,IT/과학,"MSI, 고사양 게이밍 PC 11번가 단독 기획전 진행","[     [스포츠서울 이선율기자]써머스플랫폼이 운영하는 가격비교 사이트 ‘에누리 가격비교’가 11번가와 함께 홈트레이닝 중복할인 프로모션을 진행한다고 29일 밝혔다.에누리 가격비교에 따르면 새해 목표로 운동 및 건강관리를 다짐하는 사람들이 늘어나면서 1월(27일까지 누적매출) 동안 홈트레이닝 상품의 매출이 전년 동기 대비 65%가 증가했다.특히 스쿼트머신과 웨이트기구가 780%이상 큰 폭으로 성장했으며, 런닝·워킹머신 249%, 실내사이클 28%가 증가하며 홈트레이닝 제품들의 매출이 전체적으로 상승했다.에누리는 이러한 수요에 발맞춰 스쿼트머신, 런닝머신, 헬스사이클 등 인기 상품에 최대 5만 원 중복할인이 가능한 4% 쿠폰을 오는 2월 20일까지 선착순 100명에게 제공한다.에누리 가격비교 담당자는 “미세먼지의 영향과 집에서도 쉽게 따라 할 수 있는 운동 영상이 빠르게 확산되면서 홈트레이닝 제품에 대한 수요가 증가한 것으로 분석된다”라며, “앞으로도 에누리 회원들이 좀 더 부담 없는 가격에 상품을 구매할 수 있도록 트렌드에 맞는 다양한 프로모션을 진행할 계획이다”고 말했다. melody@sportsseoul.com▶스포츠서울 공식 페이스북▶팟캐스트 '스포츠서울 야구 X파일'▶스포츠서울 공식 유튜브 채널[기사제보 news@sportsseoul.com]  Copyright ⓒ 스포츠서울&amp;sportsseoul.com ]",[],http://www.inven.co.kr/webzine/news/?news=213729&site=msi,https://n.news.naver.com/mnews/article/468/0000470376?sid=105
2019.01.08.,위키리크스한국,,"11번가, '11번가 데이(Day)' 진행···T멤버십 11% 할인",,,http://www.wikileaks-kr.org/news/articleView.html?idxno=45155,http://www.sedaily.com
2019.01.21.,조선비즈,경제,"스타일러, 마약베개...11번가, 유행아이템 판매","[     [서울경제] 깨끗한나라는 디즈니와 함께 만든 기저귀 ‘베이비케어 밴드&amp;팬티’ 출시를 기념해 ‘베이비케어 포토상품평 이벤트’를 진행한다고 28일 밝혔다.이 이벤트는 오는 3월 10일까지다. 보솜이몰이나 11번가·G마켓·옥션·위메프·티몬 등 온라인 쇼핑몰에서 해당 제품을 구매한 뒤 제품 사진과 함께 상품평을 등록하면 자동 응모된다. 상품평 중 베스트 후기를 선정, 디즈니 여행용 캐리어 8종 세트, 디즈니 물티슈 또는 기저귀 등 경품을 증정한다.인스타그램 이벤트도 함께 열린다. 개인 인스타그램에 6개 해시태그를 남기는 방식이다. ‘보솜이’, ‘베이비케어’, ‘아기기저귀’, ‘미키기저귀’, ‘미키마우스기저귀’, ‘디즈니기저귀’ 등 6개 해시태그와 함께 보솜이 베이비케어 밴드&amp;팬티를 사용하는 인증 사진을 게시하면 된다. 추첨을 통해 미아 방지용 스트랩이 달린 미키마우스 배낭을 20명에게 증정한다.깨끗한나라 관계자는 “베이비케어는 ‘미키 마우스 기저귀’라고 불리며 소비자에게 많은 사랑을 받고 있다”면서 “이번 이벤트를 통해 보솜이 소비자들과 더욱 폭넓게 소통하겠다”고 밝혔다. /맹준호기자 next@sedaily.com[서울경제 바로가기]Telegram으로 서울경제 뉴스를 실시간으로 받아보세요 [바로가기▶]프리미엄 미디어 Signal이 투자의 바른 길을 안내합니다 [바로가기▶]저작권자 ⓒ 서울경제, 무단 전재 및 재배포 금지   ]",[],http://biz.chosun.com/site/data/html_dir/2018/12/31/2018123102573.html,https://n.news.naver.com/mnews/article/011/0003495070?sid=101
2019.01.15.,뉴스핌,,"""종이·스테인리스 빨대 써 볼까""...11번가 '대안 빨대' 판매",,,http://www.newspim.com/news/view/20190108000114,http://news.etomato.com/
2019-01-28 10:27:23,뉴스1,,"경기도, 취약계층 ‘오픈마켓 창업교육’ 실시",,,http://news1.kr/articles/?3529238,http://www.edaily.co.kr/
2019-01-14 12:36:05,머니투데이,경제,"돌아온 스카이, 첫제품은 블루투스 무선이어폰","[     (사진=11번가)[이데일리 송주오 기자] 11번가가 올해 첫 ‘11번가 데이(Day)’를 진행한다. 매월 11일은 11번가의 날로 주방용품, 인테리어소품, 가공식품, 브랜드 의류 등 총 122개 카테고리(상품군)의 모든 상품에 T멤버십 11% 할인이 제공된다.T멤버십 고객이라면 누구나 이날 하루 1회 혜택(최대 5000원 할인)을 받을 수 있으며, 주문 결제 시 다른 할인혜택과 중복해서 할인 받을 수 있다. 일부 상품은 최대 22% T멤버십 할인이 제공된다.새해 첫 11번가 데이를 맞아 11번가는 소셜미디어를 통해 인기 아이템으로 뜨고 있는 ‘만능믹서 텀블러’(정가 3만9800원)를 오전 11시부터 25% 할인된 2만9800원에 판매할 예정이다. 충전식으로 휴대가 가능하며 간편하게 텀블러에 재료를 담고 어디서든 믹서기능으로 갈아 마실 수 있어 새해를 맞아 건강한 식단을 준비중인 사람들에게 큰 인기를 끌고 있는 상품이다.매일 다른 브랜드의 할인 상품을 만날 수 있는 워너비(Wanna B) 행사에서는 해피콜 20%(1000원 이상 최대 2만원 할인), 빈폴 20%(1000원 이상 최대 2만원 할인), 나이키 10%(1000원 이상 최대 5만원 할인) 할인쿠폰을 제공한다.박준영 11번가 제휴시너지그룹장은 “매달 11일은 T멤버십 할인 등 11번가에서 제공되는 혜택이 강화되면서 고객 분들이 기대하는 쇼핑 데이로 자리매김했다”며 “최근 카테고리 별 상시 할인이 제공되는 T멤버십 탭을 모바일 앱에 오픈한 것처럼 SK텔레콤과 협업을 비롯해 다양한 제휴로 고객들이 더 큰 혜택을 누릴 수 있도록 할 것”이라고 말했다.송주오 (juoh413@edaily.co.kr)네이버에서 이데일리 [구독하기▶]빡침해소! 청춘뉘우스~ [스냅타임▶]＜ⓒ종합 경제정보 미디어 이데일리 - 무단전재 &amp; 재배포 금지＞ ]",[],http://news.mt.co.kr/mtview.php?no=2019012110524174669,https://n.news.naver.com/mnews/article/018/0004289896?sid=101
2019-01-29 12:01:03,인사이트,,"""설 선물 지금 싸게 사세요""…11번가, '설 마중' 기획전 진행",,,https://www.insight.co.kr/news/202930,http://news1.kr/
2019-01-28 09:59:15,인벤,경제,"MSI, 고사양 게이밍 PC 11번가 단독 기획전 진행","[ 실리콘·스테인리스·종이빨대 무료배송, 총 3천개 판매    © News1(서울=뉴스1) 김민석 기자 = 11번가는 새해 친환경 캠페인 '세이브 디 어스(Save the Earth)'의 일환으로 '플라스틱 빨대 안쓰기'를 진행한다고 8일 밝혔다.11번가 관계자는 ""해양 생물에게 치명적이고 인체에 유해한 미세 플라스틱을 만드는 것으로 알려진 플라스틱 빨대 대체하는 실리콘, 스테인리스, 종이로 만든 '대안 빨대'를 판매한다""고 말했다.제품별 1000개씩 총 3000개를 판매한다. 11번가가 배송비를 지원해 무료로 배송하며 11번가 ID당 1제품씩 구매할 수 있다. 가격은 개당 2500원이다. 쉽게 구부러져 보관이 쉬운 '실리콘 100% 빨대'는 내부가 팔각형으로 제작돼 열고 닫을 수 있는 형태다. 세척 시 열어서 세제로 닦아주면 돼 세척솔이 필요 없다. 끓는 물로 소독도 가능하다.  '스테인리스 빨대'는 가볍고 튼튼해 반영구적으로 사용할 수 있다. 커브형과 일자형 두 가지 형태다. 세척을 위한 세척솔도 따로 판매한다.'종이빨대(100개 세트)'는 흰색과 검은색 2가지 색상으로 검은색 빨대의 경우 콩기름 식용잉크를 사용했다.11번가는 작은 실천으로 환경을 위할 수 있는 '친환경 제품'도 모아 소개한다. 일회용컵 대신 사용하는 텀블러의 경우 스테인리스 소재로 만든 모던한 디자인의 '트래블 텀블러'와 '콕시클 텀블러'를 판매한다. 11번가는 자연소재인 코르크로 만든 '비핏 코르크 TPE 요가매트'와 자연분해가 가능한 산화생분해 원료로 만든 코멕스의 위생백, 지퍼백, 다용도 플라스틱 정리용기와 산화생분해제가 첨가된 '착한리필 휴지통 리필봉투' 등도 준비했다. 김주희 11번가 사업운영담당은 ""우리나라 소비자의 절반 이상이 플라스틱 빨대를 습관적으로 사용하고 있어 11번가 고객들이 플라스틱 소비를 줄일 수 있는 '대안 빨대'를 부담 없이 경험할 수 있도록 했다""고 말했다.ideaed@news1.kr▶ [ 크립토허브 ]  [ 터닝포인트 2019 ] ▶ 에어팟&amp;스타벅스 커피 경품(~1/25)[© 뉴스1코리아(news1.kr), 무단 전재 및 재배포 금지] ]",[],http://www.inven.co.kr/webzine/news/?news=213729&site=msi,https://n.news.naver.com/mnews/article/421/0003774271?sid=101
2019-01-11 11:33:47,전자신문,,"11번가, 'V센터'·'데이터프리' 종료...서비스 체질 개선",,,http://www.etnews.com/20190114000273,http://it.chosun.com/
2019-01-08 10:19:54,디지털투데이,,오늘의 간추린 키뉴스 (2019.1.24),,,http://www.digitaltoday.co.kr/news/articleView.html?idxno=206598,http://www.busan.com/
2019-01-15 19:17:25,파이낸셜뉴스,경제,"11번가, 워너원 콘서트 'Therefore' 굿즈 '단독' 예약판매","[     ㈜필립스코리아가 오는 1월 31일까지 온라인 쇼핑몰 11번가를 통해 '2019 새해맞이 11번가 단독 기획전'(사진)을 진행한다고 15일 밝혔다.필립스코리아는 2019년 새해를 맞아 이번 기획전을 마련하고, 자사 대표 무선 청소기 '스피드프로 맥스(FC6813)'와 로봇 청소기 '스마트프로 컴팩트 XL'(FC8766)를 구매하는 소비자 대상 최대 43% 할인 혜택을 제공한다. 이와 함께 2월 10일까지 '100% 당첨 후기 이벤트'를 실시하고 다양한 사은품을 증정한다.'스피드프로 맥스 100% 당첨 후기 이벤트'는 11번가 기획전 페이지 내 '포토상품평 작성하기' 버튼을 클릭한 후, 제품 구매 인증사진과 후기 및 간단한 개인정보를 기입함으로써 참여 가능하다. 참여자 전원에게는 3만 원 상당의 스타벅스 상품권을 제공한다.'스마트프로 컴팩트 XL 100% 당첨 후기 이벤트'도 11번가 기획전 페이지를 통해 참여 가능하다. 해당 제품 구매 후 상품평을 작성한 전원에게 2019 카카오 프렌즈 다이어리를 증정한다. 경품은 2월 25일부터 순차 배송된다.필립스코리아 생활가전 청소기 마케팅 관계자는 ""'삼한사미'라는 신조어가 나올 정도로 추위와 미세먼지가 반복되는 올겨울, 소비자들의 호흡기 건강을 지키기 위해 이번 청소기 기획전을 마련했다""며 ""소비자들이 필립스 청소기로 빠르고 깨끗하게 집안 미세먼지를 청소해 건강한 새해맞이를 하기를 바란다""고 말했다.필립스 스피드프로 맥스는 지난해 6월에 출시된 제품으로, 360도 서라운드 흡입 기술을 탑재해 기존 청소기와 달리, 후진 방향으로 당길 때도 먼지를 흡입해 빠르고 깨끗한 청소가 가능하다. 또 청소기 헤드에 적용된 전방향 지그재그 노즐은 여타 제품에 비해 흡입구를 좁혀, 청소 시 흡입 가속도를 높임으로써 더욱 빠른 청소를 가능하게 해 준다.이번 기획전 및 이벤트에 대한 보다 자세한 내용은 필립스 홈 리빙 페이스북과 11번가 필립스 기획전 페이지에서 확인할 수 있다.황상욱 기자 eyes@busan.com ]",[],http://www.fnnews.com/news/201901021417126998,https://n.news.naver.com/mnews/article/082/0000870996?sid=101
2019.01.08.,뉴스웨이,,"11번가, ‘플라스틱 빨대 안쓰기’ 캠페인",,,http://www.newsway.co.kr/news/view?tp=1&ud=2019010815164390144,http://news1.kr/
2019.01.21.,파이낸셜뉴스,경제,"착한텔레콤, 무선이어폰 '스카이 핏 프로' 사전예약","[ 실리콘·스테인리스·종이빨대 무료배송, 총 3천개 판매    © News1(서울=뉴스1) 김민석 기자 = 11번가는 새해 친환경 캠페인 '세이브 디 어스(Save the Earth)'의 일환으로 '플라스틱 빨대 안쓰기'를 진행한다고 8일 밝혔다.11번가 관계자는 ""해양 생물에게 치명적이고 인체에 유해한 미세 플라스틱을 만드는 것으로 알려진 플라스틱 빨대 대체하는 실리콘, 스테인리스, 종이로 만든 '대안 빨대'를 판매한다""고 말했다.제품별 1000개씩 총 3000개를 판매한다. 11번가가 배송비를 지원해 무료로 배송하며 11번가 ID당 1제품씩 구매할 수 있다. 가격은 개당 2500원이다. 쉽게 구부러져 보관이 쉬운 '실리콘 100% 빨대'는 내부가 팔각형으로 제작돼 열고 닫을 수 있는 형태다. 세척 시 열어서 세제로 닦아주면 돼 세척솔이 필요 없다. 끓는 물로 소독도 가능하다.  '스테인리스 빨대'는 가볍고 튼튼해 반영구적으로 사용할 수 있다. 커브형과 일자형 두 가지 형태다. 세척을 위한 세척솔도 따로 판매한다.'종이빨대(100개 세트)'는 흰색과 검은색 2가지 색상으로 검은색 빨대의 경우 콩기름 식용잉크를 사용했다.11번가는 작은 실천으로 환경을 위할 수 있는 '친환경 제품'도 모아 소개한다. 일회용컵 대신 사용하는 텀블러의 경우 스테인리스 소재로 만든 모던한 디자인의 '트래블 텀블러'와 '콕시클 텀블러'를 판매한다. 11번가는 자연소재인 코르크로 만든 '비핏 코르크 TPE 요가매트'와 자연분해가 가능한 산화생분해 원료로 만든 코멕스의 위생백, 지퍼백, 다용도 플라스틱 정리용기와 산화생분해제가 첨가된 '착한리필 휴지통 리필봉투' 등도 준비했다. 김주희 11번가 사업운영담당은 ""우리나라 소비자의 절반 이상이 플라스틱 빨대를 습관적으로 사용하고 있어 11번가 고객들이 플라스틱 소비를 줄일 수 있는 '대안 빨대'를 부담 없이 경험할 수 있도록 했다""고 말했다.ideaed@news1.kr▶ [ 크립토허브 ]  [ 터닝포인트 2019 ] ▶ 에어팟&amp;스타벅스 커피 경품(~1/25)[© 뉴스1코리아(news1.kr), 무단 전재 및 재배포 금지] ]",[],http://www.fnnews.com/news/201901210913547936,https://n.news.naver.com/mnews/article/421/0003774271?sid=101
2019.01.15.,전자신문,,"11번가, 'V센터'·'데이터프리' 종료...서비스 체질 개선",,,http://www.etnews.com/20190114000273,http://it.chosun.com/
2019.01.14.,디지털투데이,,오늘의 간추린 키뉴스 (2019.1.24),,,http://www.digitaltoday.co.kr/news/articleView.html?idxno=206598,http://www.busan.com/
2019.01.21.,뉴스웍스,경제,"11번가, 매월 11일 '11번가Day' 진행, T멤버십 고객 모두에게 추가 할인","[     ㈜필립스코리아가 오는 1월 31일까지 온라인 쇼핑몰 11번가를 통해 '2019 새해맞이 11번가 단독 기획전'(사진)을 진행한다고 15일 밝혔다.필립스코리아는 2019년 새해를 맞아 이번 기획전을 마련하고, 자사 대표 무선 청소기 '스피드프로 맥스(FC6813)'와 로봇 청소기 '스마트프로 컴팩트 XL'(FC8766)를 구매하는 소비자 대상 최대 43% 할인 혜택을 제공한다. 이와 함께 2월 10일까지 '100% 당첨 후기 이벤트'를 실시하고 다양한 사은품을 증정한다.'스피드프로 맥스 100% 당첨 후기 이벤트'는 11번가 기획전 페이지 내 '포토상품평 작성하기' 버튼을 클릭한 후, 제품 구매 인증사진과 후기 및 간단한 개인정보를 기입함으로써 참여 가능하다. 참여자 전원에게는 3만 원 상당의 스타벅스 상품권을 제공한다.'스마트프로 컴팩트 XL 100% 당첨 후기 이벤트'도 11번가 기획전 페이지를 통해 참여 가능하다. 해당 제품 구매 후 상품평을 작성한 전원에게 2019 카카오 프렌즈 다이어리를 증정한다. 경품은 2월 25일부터 순차 배송된다.필립스코리아 생활가전 청소기 마케팅 관계자는 ""'삼한사미'라는 신조어가 나올 정도로 추위와 미세먼지가 반복되는 올겨울, 소비자들의 호흡기 건강을 지키기 위해 이번 청소기 기획전을 마련했다""며 ""소비자들이 필립스 청소기로 빠르고 깨끗하게 집안 미세먼지를 청소해 건강한 새해맞이를 하기를 바란다""고 말했다.필립스 스피드프로 맥스는 지난해 6월에 출시된 제품으로, 360도 서라운드 흡입 기술을 탑재해 기존 청소기와 달리, 후진 방향으로 당길 때도 먼지를 흡입해 빠르고 깨끗한 청소가 가능하다. 또 청소기 헤드에 적용된 전방향 지그재그 노즐은 여타 제품에 비해 흡입구를 좁혀, 청소 시 흡입 가속도를 높임으로써 더욱 빠른 청소를 가능하게 해 준다.이번 기획전 및 이벤트에 대한 보다 자세한 내용은 필립스 홈 리빙 페이스북과 11번가 필립스 기획전 페이지에서 확인할 수 있다.황상욱 기자 eyes@busan.com ]",[],http://www.newsworks.co.kr/news/articleView.html?idxno=326722,https://n.news.naver.com/mnews/article/082/0000870996?sid=101
2019.01.17.,파이낸셜뉴스,,"11번가, 워너원 콘서트 'Therefore' 굿즈 '단독' 예약판매",,,http://www.fnnews.com/news/201901021417126998,http://www.etoday.co.kr
2019.01.11.,케이벤치,,"필립스, ‘2019 새해맞이 11번가 단독 기획전’ 개최",,,http://kbench.com/?q=node/195260,http://www.mediapen.com
2019.01.28.,뉴스1,,"11번가, 새해 첫 할인행사…""뉴트로지나 LED 마스크를 4만9900원에""",,,http://news1.kr/articles/?3513743,http://www.g-enews.com/
2019.01.24.,이뉴스투데이,,"11번가, 설 선물 최대 50% 할인 사전판매 행사",,,http://www.enewstoday.co.kr/news/articleView.html?idxno=1260660,http://www.etnews.com
2019.01.18.,IT조선,IT/과학,"[오늘의 쇼핑가] 인터파크 ""홈트레이닝 제품 인기↑""…이베이코리아·위메프·...","[    11번가(대표 이상호)는 11일 올해 첫 '11번가 데이(Day)'를 실시한다. 주방용품, 인테리어소품, 가공식품, 브랜드 의류 등 총 122개 카테고리에서 T멤버십 11% 할인 혜택을 제공한다.T멤버십 고객이라면 누구나 이 날 하루 1회 혜택(최대 5000원 할인)을 받을 수 있다. 주문 결제 시 다른 할인 혜택도 중복해 적용 가능하다. 일부 상품은 최대 22% T멤버십 할인율을 제공한다.매일 다른 브랜드 할인 상품을 만날 수 있는 '워너비(Wanna B)' 행사에서는 해피콜 20%(1000원 이상 최대 2만원 할인), 빈폴 20%(1000원 이상 최대 2만원 할인), 나이키 10%(1000원 이상 최대 5만원 할인) 할인쿠폰을 각각 발급한다.박준영 11번가 제휴시너지그룹장은 “SK텔레콤 협업을 비롯한 다양한 제휴로 고객에게 더 큰 혜택을 제공하겠다”고 말했다.    윤희석 유통 전문기자 pioneer@etnews.com▶ 네이버 모바일에서 [전자신문] 채널 구독하기▶ 전자신문 바로가기 [Copyright ⓒ 전자신문 &amp; 전자신문인터넷, 무단전재 및 재배포 금지] ]",[],http://it.chosun.com/site/data/html_dir/2019/01/17/2019011701314.html,https://n.news.naver.com/mnews/article/030/0002775019?sid=105
2019-01-08 10:19:54,뉴스1,,"11번가, 새해 첫 할인행사…""뉴트로지나 LED 마스크를 4만9900원에""",,,http://news1.kr/articles/?3513743,http://www.naeil.com
2019-01-15 19:17:25,이뉴스투데이,,"11번가, 설 선물 최대 50% 할인 사전판매 행사",,,http://www.enewstoday.co.kr/news/articleView.html?idxno=1260660,http://www.dt.co.kr/
2019-01-11 09:35:49,글로벌경제,경제,"11번가, ‘플라스틱 빨대 안쓰기’ 캠페인","[         네일트렌드를 리드하는 브랜드 데싱디바가 2018년 한 해 드럭스토어와오픈 마켓에서 모두 우수한 성적을 냈다. 국내 최대 헬스앤뷰티 스토어올리브영의'2018 올리브영H&amp;B어워즈'와 오픈마켓 최대 행사 11번가의 '2018 십일절어워즈'에서 베스트 아이템으로 선정되었다.1초 젤네일로셀프 네일 트렌드를 이끈데싱디바의 '매직프레스'가 2018 올리브영H&amp;B 어워즈에서 네일/페디 부문 1위와 3위에랭크되었다. 국내 대표 헬스&amp;뷰티 스토어 올리브영의 '올리브영 헬스&amp;뷰티어워즈'는 카테고리 별로 한 해 동안 매출을 기준으로 올리브영에서 소비자들에게 많은 사랑을 받았던 베스트 아이템에게 선정되는 시상이다. 여름 시즌 필수 아이템이라고도 불리는 매직프레스 페디가 부문 1위를 하고, 작은 손톱을 위한 매직프레스 숏사이즈가3위로 선정되었다.또한 2018년은 데싱디바가오픈 마켓에서도 큰 두각을 나타낸 한 해였다. 지난 2018년 11월 1일부터 열흘간 진행된 '십일절'은 국내 오픈 마켓 행사 중 가장 크고, 소비자들의 많은 관심을 받는 행사이다. 십일절 동안 거래액이 카테고리 1위에 랭크되고,행사 기간 동안 소비자와 기업간 적극적인 커뮤니케이션을 진행한 브랜드에게 수상되는 '십일절어워드'에서 데싱디바가 네일 카테고리 1위에 선정되었다.데싱디바 관계자는 ""국내 헬스&amp;뷰티의트렌드를 주도하는 올리브영과, 큰 행사인 십일절 행사에서 이렇게 좋은 성과를 내게 되어 기쁘다""며""2018년 한 해 데싱디바에 대한 소비자들의 사랑을 확인할 수 있었고, 앞으로도 더 건강하고 아름다운 네일을 위해 지속적으로 노력할 것""이라고 전했다. 2018년 한 해 사랑을 받았던 데싱디바의 제품들은 데싱디바 공식 온라인 쇼핑몰과 올리브영, 11번가에서 만나볼 수 있다.imkt@dt.co.kr 디지털타임스 홈페이지 바로가기 / 디지털타임스 뉴스 더보기네이버 채널에서 '디지털타임스'를 구독해주세요. ]",[],http://www.getnews.co.kr/view.php?ud=20190108093514864141d0c69529_16,https://n.news.naver.com/mnews/article/029/0002505133?sid=101
2019-01-24 17:19:36,IT조선,,"[오늘의 쇼핑가] 인터파크 ""홈트레이닝 제품 인기↑""…이베이코리아·위메프·...",,,http://it.chosun.com/site/data/html_dir/2019/01/17/2019011701314.html,http://www.sedaily.com
2019-01-18 10:28:32,머니S,경제,"11번가, '워너원' 공식 콘서트 굿즈 22종 단독 판매","[ 1월 18일 단 하루 동안 11번가에서 구매 시 30% 다운로드 쿠폰 제공    [서울경제] 최근 유산균 시장의 화두로 보장균수가 떠오르고 있다. 보장균수는 1회 분량으로 섭취할 수 있는 유산균 수로, CJ제일제당이 최근 출시한 'BYO 20억 생유산균'은 보장균수 증가에 중점을 둔 제품이다. 유산균 생명력이 강화된 'BYO 20억 생유산균'을 오픈마켓 11번가에서 구매하면 다양한 혜택이 제공된다. 구매자 전원에게 11번가 30% 다운로드 쿠폰을 지급하는 한편 암앤해머 베이킹소다(400g, 5천개 한정)도 증정한다. 또한 신제품 출시를 기념해 'BYO 20억 생유산균' 제품 2개를 구매하면 제품 1개를 추가로 받을 수 있기 때문에 더 알뜰한 쇼핑을 할 수 있다. 이벤트는 1월 18일 단 하루 동안 11번가 긴급공수를 통해 진행된다.'BYO 20억 생유산균'은 CJ제일제당이 자체 개발한 4중 코팅 기술을 적용해 특허받은 장(腸)유산균 CJLP243이 장까지 최대한 살아서 도달하도록 한 것이 특징. 보장균수는 약 20억 마리로 기존 BYO 장유산균 제품(스틱형)에 비해 2배 이상 늘어난 점이 눈에 띈다. 4중 코팅 기술 외에도 다양한 첨단 기술이 적용됐다. 유산균(프로바이오틱스)의 장 내 증식을 돕는 프리바이오틱스(부원료) 성분을 함께 넣는 신바이오틱스(SYN Biotics) 공법에 BYO 유산균만의 배합기술을 적용, 유산균이 장에 잘 정착할 수 있도록 했다. 분말이 굳는 것을 방지하기 위해 유산균 제품에 일반적으로 사용되는 고결방지제 이산화규소를 첨가하지 않는 점도 특징 중 하나. 이를 통해 유산균을 보다 온전히 섭취할 수 있도록 했다. 맛도 놓치지 않았다. CJ제일제당은 제품 출시 전 자체 소비자조사를 통해 소비자가 가장 선호하는 맛을 찾았다. 조사 결과 선호도가 가장 높았던 요거트맛이 적용되었고, 덕분에 남녀노소 누구나 폭넓게 즐길 수 있는 제품으로 인정받고 있다. CJ제일제당은 유산균의 강한 생명력을 강조하는 ‘생(生) 유산균’ 키워드를 앞세워 지난해 기준 5천억 원 이상 규모로 추정되는 국내 유산균 시장 공략을 강화한다는 계획이다. 특히 최근 유산균 소비 트렌드로 떠오르고 있는 ‘보장균수’와 ‘가성비’를 모두 충족할 수 있는 제품으로 기대하고 있다. CJ제일제당 관계자는 'BYO 20억 생유산균' 제품에 대해 “위(胃)에서는 강한 생명력으로, 장(腸)에서는 높은 부착력으로 장 건강에 도움을 줄 수 있다”며, “이번 11번가 긴급공수 이벤트를 통해 소비자들이 다양한 혜택을 누릴 수 있길 기대한다”고 말했다. /김동호 기자 dongho@sedaily.com[서울경제 바로가기]Telegram으로 서울경제 뉴스를 실시간으로 받아보세요 [바로가기▶]프리미엄 미디어 Signal이 투자의 바른 길을 안내합니다 [바로가기▶]저작권자 ⓒ 서울경제, 무단 전재 및 재배포 금지   ]",[],http://moneys.mt.co.kr/news/mwView.php?no=2019010210318089841,https://n.news.naver.com/mnews/article/011/0003488837?sid=101
2019.01.24.,IT조선,,"젠하이저, 11번가에서 ‘모멘텀 트루 와이어리스’ 이벤트 진행",,,http://it.chosun.com/site/data/html_dir/2019/01/10/2019011002318.html,http://www.dt.co.kr/
2019.01.18.,로이슈,경제,"11번가, 올해 첫 ‘11번가 데이(Day)’ 진행","[         네일트렌드를 리드하는 브랜드 데싱디바가 2018년 한 해 드럭스토어와오픈 마켓에서 모두 우수한 성적을 냈다. 국내 최대 헬스앤뷰티 스토어올리브영의'2018 올리브영H&amp;B어워즈'와 오픈마켓 최대 행사 11번가의 '2018 십일절어워즈'에서 베스트 아이템으로 선정되었다.1초 젤네일로셀프 네일 트렌드를 이끈데싱디바의 '매직프레스'가 2018 올리브영H&amp;B 어워즈에서 네일/페디 부문 1위와 3위에랭크되었다. 국내 대표 헬스&amp;뷰티 스토어 올리브영의 '올리브영 헬스&amp;뷰티어워즈'는 카테고리 별로 한 해 동안 매출을 기준으로 올리브영에서 소비자들에게 많은 사랑을 받았던 베스트 아이템에게 선정되는 시상이다. 여름 시즌 필수 아이템이라고도 불리는 매직프레스 페디가 부문 1위를 하고, 작은 손톱을 위한 매직프레스 숏사이즈가3위로 선정되었다.또한 2018년은 데싱디바가오픈 마켓에서도 큰 두각을 나타낸 한 해였다. 지난 2018년 11월 1일부터 열흘간 진행된 '십일절'은 국내 오픈 마켓 행사 중 가장 크고, 소비자들의 많은 관심을 받는 행사이다. 십일절 동안 거래액이 카테고리 1위에 랭크되고,행사 기간 동안 소비자와 기업간 적극적인 커뮤니케이션을 진행한 브랜드에게 수상되는 '십일절어워드'에서 데싱디바가 네일 카테고리 1위에 선정되었다.데싱디바 관계자는 ""국내 헬스&amp;뷰티의트렌드를 주도하는 올리브영과, 큰 행사인 십일절 행사에서 이렇게 좋은 성과를 내게 되어 기쁘다""며""2018년 한 해 데싱디바에 대한 소비자들의 사랑을 확인할 수 있었고, 앞으로도 더 건강하고 아름다운 네일을 위해 지속적으로 노력할 것""이라고 전했다. 2018년 한 해 사랑을 받았던 데싱디바의 제품들은 데싱디바 공식 온라인 쇼핑몰과 올리브영, 11번가에서 만나볼 수 있다.imkt@dt.co.kr 디지털타임스 홈페이지 바로가기 / 디지털타임스 뉴스 더보기네이버 채널에서 '디지털타임스'를 구독해주세요. ]",[],http://www.lawissue.co.kr/view.php?ud=201901110809536911204ead0791_12,https://n.news.naver.com/mnews/article/029/0002505133?sid=101
2019.01.08.,아이티비즈,,"샤오미 미에어2, 11번가 타임딜에서 파격 세일 판매 진행",,,http://www.it-b.co.kr/news/articleView.html?idxno=27448,http://www.sedaily.com
2019.01.28.,데일리한국,경제,"부활한 스카이(SKY) 브랜드, 무선 이어폰 사전예약 진행","[ 1월 18일 단 하루 동안 11번가에서 구매 시 30% 다운로드 쿠폰 제공    [서울경제] 최근 유산균 시장의 화두로 보장균수가 떠오르고 있다. 보장균수는 1회 분량으로 섭취할 수 있는 유산균 수로, CJ제일제당이 최근 출시한 'BYO 20억 생유산균'은 보장균수 증가에 중점을 둔 제품이다. 유산균 생명력이 강화된 'BYO 20억 생유산균'을 오픈마켓 11번가에서 구매하면 다양한 혜택이 제공된다. 구매자 전원에게 11번가 30% 다운로드 쿠폰을 지급하는 한편 암앤해머 베이킹소다(400g, 5천개 한정)도 증정한다. 또한 신제품 출시를 기념해 'BYO 20억 생유산균' 제품 2개를 구매하면 제품 1개를 추가로 받을 수 있기 때문에 더 알뜰한 쇼핑을 할 수 있다. 이벤트는 1월 18일 단 하루 동안 11번가 긴급공수를 통해 진행된다.'BYO 20억 생유산균'은 CJ제일제당이 자체 개발한 4중 코팅 기술을 적용해 특허받은 장(腸)유산균 CJLP243이 장까지 최대한 살아서 도달하도록 한 것이 특징. 보장균수는 약 20억 마리로 기존 BYO 장유산균 제품(스틱형)에 비해 2배 이상 늘어난 점이 눈에 띈다. 4중 코팅 기술 외에도 다양한 첨단 기술이 적용됐다. 유산균(프로바이오틱스)의 장 내 증식을 돕는 프리바이오틱스(부원료) 성분을 함께 넣는 신바이오틱스(SYN Biotics) 공법에 BYO 유산균만의 배합기술을 적용, 유산균이 장에 잘 정착할 수 있도록 했다. 분말이 굳는 것을 방지하기 위해 유산균 제품에 일반적으로 사용되는 고결방지제 이산화규소를 첨가하지 않는 점도 특징 중 하나. 이를 통해 유산균을 보다 온전히 섭취할 수 있도록 했다. 맛도 놓치지 않았다. CJ제일제당은 제품 출시 전 자체 소비자조사를 통해 소비자가 가장 선호하는 맛을 찾았다. 조사 결과 선호도가 가장 높았던 요거트맛이 적용되었고, 덕분에 남녀노소 누구나 폭넓게 즐길 수 있는 제품으로 인정받고 있다. CJ제일제당은 유산균의 강한 생명력을 강조하는 ‘생(生) 유산균’ 키워드를 앞세워 지난해 기준 5천억 원 이상 규모로 추정되는 국내 유산균 시장 공략을 강화한다는 계획이다. 특히 최근 유산균 소비 트렌드로 떠오르고 있는 ‘보장균수’와 ‘가성비’를 모두 충족할 수 있는 제품으로 기대하고 있다. CJ제일제당 관계자는 'BYO 20억 생유산균' 제품에 대해 “위(胃)에서는 강한 생명력으로, 장(腸)에서는 높은 부착력으로 장 건강에 도움을 줄 수 있다”며, “이번 11번가 긴급공수 이벤트를 통해 소비자들이 다양한 혜택을 누릴 수 있길 기대한다”고 말했다. /김동호 기자 dongho@sedaily.com[서울경제 바로가기]Telegram으로 서울경제 뉴스를 실시간으로 받아보세요 [바로가기▶]프리미엄 미디어 Signal이 투자의 바른 길을 안내합니다 [바로가기▶]저작권자 ⓒ 서울경제, 무단 전재 및 재배포 금지   ]",[],http://daily.hankooki.com/lpage/ittech/201901/dh20190121144934138250.htm,https://n.news.naver.com/mnews/article/011/0003488837?sid=101
15면 TOP,뉴스핌,,"[종합] SK텔레콤 “통신비 인하 영향, 5G 경쟁력 강화 주력”",,,http://www.newspim.com/news/view/20190131001041,http://www.donga.com/
2019.01.11.,로이슈,경제,"11번가, 올해 첫 ‘11번가 데이(Day)’ 진행","[     11번가는 새해 친환경 캠페인 '세이브 디 어스(Save the Earth)'를 시작하고 첫 행사로 '플라스틱 빨대 안쓰기'를 진행한다고 8일 밝혔다. 해양 생물에게 치명적이고 인체에 유해한 미세 플라스틱을 만드는 것으로 알려진 플라스틱 빨대를 대체해 쓸 수 있도록 실리콘과 스테인리스, 종이로 만든 ‘대안 빨대’를 판매한다.가격은 개당 2500원으로, 제품별 1000개씩 총 3000개 판매하며 11번가 ID당 1제품씩 구매가 가능하다. 11번가는 더욱 많은 고객들이 대안빨대를 경험할 수 있도록 무료 배송 혜택을 준다. 쉽게 구부러져 보관이 쉬운 ‘실리콘 100% 빨대’는 내부가 팔각형으로 제작돼 열고 닫을 수 있는 형태다. 세척 시 열어서 세제로 닦아주면 돼 세척솔이 필요 없는 것이 장점이다. 끓는 물에 열탕 소독도 가능하다. ‘스테인리스 빨대’는 가볍고 튼튼해 반영구적으로 사용이 가능한 제품으로, 커브형과 일자형 두 가지 형태다. 세척을 위한 세척솔도 따로 판매한다. ‘종이빨대’(100개 세트)는 흰색과 검은색 두 가지 색상으로 검은색 빨대의 경우 콩기름 식용잉크를 사용했다고 회사측은 설명했다. 11번가는 ‘친환경 제품’도 모아 소개한다. 일회용컵 대신 사용하는 텀블러의 경우 스테인리스 소재로 만든 모던한 디자인의 '트래블 텀블러'와 ‘콕시클 텀블러’를 판매한다.  자연소재인 코르크로 만든 '비핏 코르크 TPE 요가매트'와 자연분해가 가능한 산화생분해 원료로 만든 코멕스의 위생백, 지퍼백, 다용도 플라스틱 정리용기와 산화생분해제가 첨가된 '착한리필 휴지통 리필봉투' 등 이색제품도 준비했다. 김주희 11번가 사업운영담당은 “최근 한 소비자단체 조사결과에 따르면 우리나라 소비자의 절반 이상이 플라스틱 빨대를 습관적으로 사용하고 있어 11번가 고객들이 플라스틱 소비를 줄일 수 있는 ‘대안 빨대’를 부담 없이 경험할 수 있도록 했다”면서 “환경과 건강을 생각하는 더 나은 소비를 위한 ‘친환경 캠페인’을 꾸준히 진행하겠다”고 말했다.동아닷컴 박지수 기자 jisu@donga.com▶ 동아일보 단독 / 우아한 : 우리 아이들의 &amp; 아름다운 한반도▶ 동아일보 채널 구독하고 아이패드 받자! 커피는 매주 2000명에게 증정~ⓒ 동아일보 &amp; donga.com, 무단 전재 및 재배포 금지   ]",[],http://www.lawissue.co.kr/view.php?ud=201901110809536911204ead0791_12,https://n.news.naver.com/mnews/article/020/0003191760?sid=101
2019.01.17.,뉴스워커,,[뉴스워커_11번가] '플라스틱 빨대 안쓰기' 캠페인,,,http://www.newsworker.co.kr/news/articleView.html?idxno=24794,http://www.fnnews.com/
2019.01.14.,아이티비즈,경제,"샤오미 미에어2, 11번가 타임딜에서 파격 세일 판매 진행","[     역대 최악 미세먼지의 공습으로 1월 온라인 장보기를 하는 고객이 급증했다.  28일 11번가에 따르면 미세먼지 긴급재난문자가 전송된 지난 11일부터 최근까지 가공·신선식품·생필품 거래액이 지난달 대비 최대 6배 이상 급증했다. 마스크·공기청정기 거래액은 5배 이상 늘었다.  특히 반찬·통조림 등 '간편식' 거래액이 지난달 대비 크게 치솟았다. 미세먼지로 소비자들이 외출을 꺼리면서 집 앞 편의점에서 구매할 수 있는 간단한 간편식도 온라인으로 주문하는 수요가 크게 늘어났기 때문이다. '통조림' 거래액은 지난달 대비 6배 이상(+554%), '반찬·간편식'은 2배 이상(+102%) 증가했다.  대형마트 장보기, 외식도 꺼리면서 기저귀, 분유, 쌀, 과일과 같은 생필품 주문도 늘었다. 기저귀는 3배 이상(+209%), 분유는 4배 가까이(+298%) 증가했다. 쌀은 53%, 과일은 61%, 냉동·간편과일 95%, 그 외 생선류와 육류는 각각 51%, 54% 증가했다.  마스크, 공기청정기, 산소캔 등 미세먼지 차단상품도 불티나게 팔렸다. '미세먼지 마스크'는 지난달 대비 5배 이상(+424%) 판매됐고 최악의 미세먼지 농도를 보였던 지난 14일 하루 거래액은 전주 같은 날(7일) 보다 무려 20배 이상 치솟았다.  공기청정기도 지난달 대비 3배 가까이(+188%) 팔렸다. 특히 이달 초 출시된 위닉스 2019년형 '제로2.0' 공기청정기는 신규 론칭임에도 불구하고 하루에 500대 이상 팔렸고 올해는 유모차 전용 포터블 공기청정기 '에어토리' 등의 이색상품도 주목 받고 있다. 공기청정 기능도 있으면서 인테리어 효과도 있는 '공기정화식물' 거래액 역시 35% 늘었다.  휴대가 간편한 '산소캔' 거래액은 지난달 대비 61%, 지난해 대비 3000% 이상 급증했다. 최근엔 가루형태의 고체산소가 공기 중의 이산화탄소와 수분을 흡수해 산소를 만들어내는 자연 산소 발생용품인 '하루산소'가 SNS 등에서 인기다. 미세먼지, 각종 유해물질로 인한 모공 속 노폐물을 씻어내는 '모공 브러쉬', '각질제거제'와 같은 뷰티아이템은 지난달 대비 거래액이 각각 53%, 68% 늘었다. yjjoe@fnnews.com 조윤주 기자   ▶ 세상의 모든 골 때리는 이야기 'fn파스'▶ 속보이는 연예뉴스 fn스타  ※ 저작권자 ⓒ 파이낸셜뉴스. 무단 전재-재배포 금지   ]",[],http://www.it-b.co.kr/news/articleView.html?idxno=27448,https://n.news.naver.com/mnews/article/014/0004167864?sid=101
2019.01.22.,데일리한국,,"부활한 스카이(SKY) 브랜드, 무선 이어폰 사전예약 진행",,,http://daily.hankooki.com/lpage/ittech/201901/dh20190121144934138250.htm,http://www.munhwa.com/
2019.01.21.,뉴스핌,사회,"[종합] SK텔레콤 “통신비 인하 영향, 5G 경쟁력 강화 주력”","[     올해부터 3년간 1665억 투입 오수정화조 부지에 ‘혁신센터’ 굴포천 구간을 생태하천으로 부평공원, 사운드파크 탈바꿈 문화·역사 연계한 상권 조성‘부평 11번가’로 통하는 경인전철 부평역 주변에서 인천 제 1호 도시재생 뉴딜사업이 추진된다.17일 인천시와 부평구 등에 따르면 부평구 부평1동 캠프마켓(미군기지) 오수 정화조에서 갈산동 먹거리 타운까지 1.5㎞ 구간 22만6795㎡에 대한 ‘부평 11번가’ 조성사업이 2022년 준공을 목표로 올해 착수된다. 부평 11번가는 유엔지속가능발전 의제가 채택한 11번째 과제인 ‘포용적이고 안전하며 회복력 있는 정주지 조성’을 목표로 한다는 의미에서 이름 붙여졌다. 인천의 중심 시가지형 도시재생사업으로 추진되는 이번 사업에는 360억 원의 정부예산을 포함해 400억 원의 공공기관 투자 등 총 1665억 원의 사업비가 들어간다. 시는 부평 11번가 사업이 단순히 노후 주거환경 개선에 그치지 않고, 주변 문화와 역사 자산을 연계한 상권을 조성, 원도심을 활성화하는 마중물 사업이 될 것으로 기대하고 있다.    부평 11번가는 1960년대 고밀도 개발이 이뤄지면서 인천에서 가장 높은 지가가 형성된 곳이다. 하지만 캠프마켓 이전과 함께 부평역 주변 상권이 급속히 쇠퇴하면서 이곳은 최근 30년간 인구가 가장 많았던 시기와 비교해 20% 이상 인구가 줄었다. 또 사업부지 내 20년 이상 된 노후 건축물만 73.2%에 달하는 것으로 조사됐다.구는 이곳에 일자리 창출과 지역상권 활성화, 지역상권 확산, 보행환경개선 등 4개 분야 핵심개발전략을 수립하고, 혁신센터건립과 보행 인프라 구축, 굴포둥지마을 조성 등 11개 단위 사업을 확정했다. 이 중 오수정화조 부지에 지어지는 혁신센터(연면적 4만7000㎡·조감도)에는 지상에 350가구 규모의 공공임대주택과 60여 곳의 공공임대상가가 들어서고 지하 공간에 276대의 차량을 주차할 수 있는 공영주차장이 만들어진다. 구는 이곳 혁신센터 건립과 함께 현재 주차장으로 쓰이는 굴포천 복개구간(500m)을 뜯어내 생태하천으로 복원할 계획이다. 이렇게 조성된 생태하천을 따라 먹거리 타운이 조성되고 기존의 부평공원은 음악이 흐르는 사운드 파크로 탈바꿈한다. 이들 사업은 모두 지역 주민이 지방자치단체와 협력적 거버넌스를 구축, 계획 수립 단계부터 참여했다.정성균 시 재생역량팀장은 “부평 11번가는 인천시가 추구하는 ‘더불어 잘 사는 균형발전’이란 원도심 도시재생의 대표 모델로 ‘11번가의 기적’이 이곳에서도 실현될 수 있기를 기대한다”고 말했다. 인천에는 부평 11번가 외에도 중구 개항창조도시와 서구 사람의 길 등 13개 도시재생 뉴딜사업이 진행 중이다. 인천=지건태 기자 jus216@munhwa.com[ 문화닷컴 바로가기 | 문화일보가 직접 편집한 뉴스 채널 | 모바일 웹 ][Copyrightⓒmunhwa.com '대한민국 오후를 여는 유일석간 문화일보' 무단 전재 및 재배포 금지(구독신청:02)3701-5555)]   ]",[],http://www.newspim.com/news/view/20190131001041,https://n.news.naver.com/mnews/article/021/0002378987?sid=102
2019-01-24 17:19:36,아시아경제,,"카카오페이·KT, 제로페이 합류한다…밴사도 참여해 결제편의↑",,,http://view.asiae.co.kr/news/view.htm?idxno=2019012115052689467,http://www.fnnews.com/
2019-01-18 10:28:32,프라임경제,경제,"유통가, 풍성한 '설 선물세트' 마련…다양한 할인혜택 제공","[ -매월 11일 ‘11번가Day’ 진행, T멤버십 모두에게 추가 할인-T멤버십 최대 22% 까지 할인… 거래액 평균 60% 증가               11번가가 11일 올해 첫 '11번가 데이(Day)'를 진행한다. 주방용품, 인테리어소품, 가공식품, 브랜드 의류 등 총 122개 카테고리의 모든 상품에 T멤버십 11% 할인이 제공된다.  T멤버십 고객이라면 누구나 이날 하루 1회 혜택(최대 5000원 할인)을 받을 수 있으며, 주문 결제 시 다른 할인혜택과 중복해서 할인 받을 수 있다. 일부 상품은 최대 22% T멤버십 할인이 제공된다.  '11번가Day'는 매월 진행되는 대표 프로모션으로 같은 달 같은 요일 대비 평균 60% 정도 거래액이 증가한다.  새해 첫 '11번가Day'를 맞아 11번가는 소셜 미디어를 통해 인기 '핵인싸템'으로 뜨고 있는 '만능믹서 텀블러'(정가 3만 9800원)를 오전 11시부터 25% 할인 판매한다. 충전식으로 휴대가 가능하며 간편하게 텀블러에 재료를 담고 어디서든 믹서기능으로 갈아 마실 수 있어 새해를 맞아 건강한 식단을 준비중인 사람들에게 큰 인기를 끌고 있는 상품이다.  매일 다른 브랜드의 할인 상품을 만날 수 있는 '워너비(Wanna B)' 행사에서는 해피콜 20%(1000원 이상 최대 2만원 할인), 빈폴 20%(1000원 이상 최대 2만원 할인), 나이키 10%(1000원 이상 최대 5만원 할인) 할인쿠폰을 제공한다.  11번가 박준영 제휴시너지그룹장은 ""매달 11일은 T멤버십 할인 등 11번가에서 제공되는 혜택이 강화되면서 고객 분들이 기대하는 쇼핑 데이로 자리매김했다""며 ""최근 카테고리 별 상시 할인이 제공되는 T멤버십 탭을 모바일 앱에 오픈한 것처럼 SK텔레콤과 협업을 비롯해 다양한 제휴로 고객들이 더 큰 혜택을 누릴 수 있도록 할 것""이라고 말했다.   fnkhy@fnnews.com 김호연 기자   ▶ 세상의 모든 골 때리는 이야기 'fn파스'▶ 속보이는 연예뉴스 fn스타  ※ 저작권자 ⓒ 파이낸셜뉴스. 무단 전재-재배포 금지   ]",[],http://www.newsprime.co.kr/news/article.html?no=443167,https://n.news.naver.com/mnews/article/014/0004158860?sid=101
2019-01-08 09:37:21,지디넷코리아,,"11번가, 워너원 마지막 콘서트 굿즈 22종 판매",,,http://www.zdnet.co.kr/ArticleView.asp?artice_id=20190102084252,http://www.biztribune.co.kr/
2019-01-28 09:23:38,PC사랑,,"제이씨현시스템, 11번가에서 지포스 RTX 2060 이벤트 진행",,,http://www.ilovepc.co.kr/news/articleView.html?idxno=21376,http://www.insight.co.kr
2019-01-17 14:50:34,아시아경제,,11번가의 ‘2019 인싸템’…LED마스크부터 스타일러까지,,,http://view.asiae.co.kr/news/view.htm?idxno=2019010109324404325,http://www.newsworks.co.kr/
2019-01-11 11:28:39,이투데이,,"스카이, 첫 복귀작은… 무선이어폰 ‘스카이 핏 프로’",,,http://www.etoday.co.kr/news/section/newsview.php?idxno=1712903,http://www.bloter.net/
2019-01-21 11:32:30,서울경제,IT/과학,"워너원 콘서트 굿즈 11번가 단독 예약판매, 현장수령 가능","[    스카이 브랜드 무선 이어폰이 나온다. 스카이 브랜드 복귀를 알린 후 첫 제품이다. 앞서 팬택과 스카이 브랜드 라이선스 계약을 맺은 착한텔레콤은 '가성비(가격 대비 성능)'를 앞세워 국내외 대기업과 중국 기업 사이에서 판로를 찾을 계획이다.착한텔레콤은 1월21일 11번가와 함께 완전 무선 이어폰 '스카이 핏 프로' 사전예약을 실시한다고 밝혔다. 스카이 핏 프로는 블루투스 5.0 기반에 8mm 다이내믹 드라이버를 채택한 무선 이어폰이다. 이어폰 양쪽에 노이즈를 제거한 듀얼마이크를 장착해 통화 기능을 제공한다.    3개의 멀티 버튼을 적용해 볼륨 조절과 곡 전환이 가능하며, 애플 '시리'와 '구글 어시스턴트'를 호출할 수 있다. 무게는 4.9g으로 4g 수준인 애플 '에어팟'보다는 살짝 무겁다. 6시간 연속 재생이 가능하며, 충전 크래들을 이용하면 최대 24시간 사용할 수 있다.휴대폰 유통 전문 기업 착한텔레콤은 지난 14일 팬택과 포괄적 협력 계약을 통해 스카이 브랜드 휴대폰과 사물인터넷(IoT) 기기를 출시한다고 밝혔다. 착한텔레콤은 올해 상반기 중으로 스카이 이름을 단 스마트폰 1종과 폴더폰 1종을 출시할 계획이다.이번 무선 이어폰은 협력 계약 이후 첫 스카이 브랜드 제품이다. 특히 가격 경쟁력을 전략적으로 앞세웠다. 스카이 핏 프로의 가격은 5만9900원으로, 기존 20만원 안팎의 무선 이어폰 제품보다 저렴하고 2만-3만원대 중국 기업 제품보다는 조금 비싸다. 착한텔레콤 측은 ""기존 대기업 제품과는 가격 차별화를, 중국 브랜드와는 성능 차별화를 추구했다""라고 밝혔다. 향후 출시될 스카이 스마트폰 제품도 같은 전략을 취할 계획이다.스카이 핏 프로는 21일부터 27일까지 11번가를 통해 사전예약이 진행된다. 싱글팩(1개 제품)은 10% 할인된 5만3900원, 커플팩(2개 제품)은 18% 할인된 9만9천원에 판매된다. 정식 출시일은 28일부터다.박종일 착한텔레콤 대표는 ""선이 없는 무선이어폰 시장은 전년 대비 2배 이상으로 급성장하고 있으며 삼성전자와 애플을 비롯해 샤오미, 모토로라와 같은 스마트폰 제조사들도 경쟁적으로 뛰어들고 있다""라며 ""스카이의 첫 복귀작인 스카이 핏 프로는 타사 제품보다 품질은 높이고 가격은 낮추는 전략으로 더 많은 고객들에게 스카이의 부활을 알리고 싶다""라고 밝혔다.이기범 기자(spirittiger@bloter.net)[저작권자 (주)블로터앤미디어, 저작권자를 명기하고 내용을 변경하지 않으며, 비상업적으로 이용하는 조건아래 재배포 가능합니다.]   ]","['지금 전세계적으로 탈중국(화웨이 등) 하려고하는데 이정도 가격에 성능괜찮으면 살만할 듯', '', '', '']",http://www.sedaily.com/NewsView/1VDVQMINVZ,https://n.news.naver.com/mnews/article/293/0000023464?sid=105
2019.01.22.,PC사랑,,"제이씨현시스템, 11번가에서 지포스 RTX 2060 이벤트 진행",,,http://www.ilovepc.co.kr/news/articleView.html?idxno=21376,http://www.newsworks.co.kr/
2019.01.21.,아시아경제,,11번가의 ‘2019 인싸템’…LED마스크부터 스타일러까지,,,http://view.asiae.co.kr/news/view.htm?idxno=2019010109324404325,http://www.bloter.net/
2019.01.11.,이데일리언론사 선정,IT/과학,"네이버, ‘자급제폰’ 유통 진출…갤S10 싸게 살 수 있을까","[    스카이 브랜드 무선 이어폰이 나온다. 스카이 브랜드 복귀를 알린 후 첫 제품이다. 앞서 팬택과 스카이 브랜드 라이선스 계약을 맺은 착한텔레콤은 '가성비(가격 대비 성능)'를 앞세워 국내외 대기업과 중국 기업 사이에서 판로를 찾을 계획이다.착한텔레콤은 1월21일 11번가와 함께 완전 무선 이어폰 '스카이 핏 프로' 사전예약을 실시한다고 밝혔다. 스카이 핏 프로는 블루투스 5.0 기반에 8mm 다이내믹 드라이버를 채택한 무선 이어폰이다. 이어폰 양쪽에 노이즈를 제거한 듀얼마이크를 장착해 통화 기능을 제공한다.    3개의 멀티 버튼을 적용해 볼륨 조절과 곡 전환이 가능하며, 애플 '시리'와 '구글 어시스턴트'를 호출할 수 있다. 무게는 4.9g으로 4g 수준인 애플 '에어팟'보다는 살짝 무겁다. 6시간 연속 재생이 가능하며, 충전 크래들을 이용하면 최대 24시간 사용할 수 있다.휴대폰 유통 전문 기업 착한텔레콤은 지난 14일 팬택과 포괄적 협력 계약을 통해 스카이 브랜드 휴대폰과 사물인터넷(IoT) 기기를 출시한다고 밝혔다. 착한텔레콤은 올해 상반기 중으로 스카이 이름을 단 스마트폰 1종과 폴더폰 1종을 출시할 계획이다.이번 무선 이어폰은 협력 계약 이후 첫 스카이 브랜드 제품이다. 특히 가격 경쟁력을 전략적으로 앞세웠다. 스카이 핏 프로의 가격은 5만9900원으로, 기존 20만원 안팎의 무선 이어폰 제품보다 저렴하고 2만-3만원대 중국 기업 제품보다는 조금 비싸다. 착한텔레콤 측은 ""기존 대기업 제품과는 가격 차별화를, 중국 브랜드와는 성능 차별화를 추구했다""라고 밝혔다. 향후 출시될 스카이 스마트폰 제품도 같은 전략을 취할 계획이다.스카이 핏 프로는 21일부터 27일까지 11번가를 통해 사전예약이 진행된다. 싱글팩(1개 제품)은 10% 할인된 5만3900원, 커플팩(2개 제품)은 18% 할인된 9만9천원에 판매된다. 정식 출시일은 28일부터다.박종일 착한텔레콤 대표는 ""선이 없는 무선이어폰 시장은 전년 대비 2배 이상으로 급성장하고 있으며 삼성전자와 애플을 비롯해 샤오미, 모토로라와 같은 스마트폰 제조사들도 경쟁적으로 뛰어들고 있다""라며 ""스카이의 첫 복귀작인 스카이 핏 프로는 타사 제품보다 품질은 높이고 가격은 낮추는 전략으로 더 많은 고객들에게 스카이의 부활을 알리고 싶다""라고 밝혔다.이기범 기자(spirittiger@bloter.net)[저작권자 (주)블로터앤미디어, 저작권자를 명기하고 내용을 변경하지 않으며, 비상업적으로 이용하는 조건아래 재배포 가능합니다.]   ]","['지금 전세계적으로 탈중국(화웨이 등) 하려고하는데 이정도 가격에 성능괜찮으면 살만할 듯', '', '', '']",http://www.edaily.co.kr/news/newspath.asp?newsid=01262806622355424,https://n.news.naver.com/mnews/article/293/0000023464?sid=105
2019.01.18.,비지니스코리아,,"11번가, '플라스틱 빨대No' 인체에 무해한 '대안 빨대' 판매",,,http://www.businesskorea.co.kr/news/articleView.html?idxno=28089,http://www.dailian.co.kr/
2019.01.14.,디스이즈게임,경제,"브랜드 게이밍 PC 사고 혜택받자! MSI, 11번가 단독 기획전 진행","[     11번가가 11일 올해 첫 ‘11번가 데이(Day)’를 진행한다. 매월 11일은 11번가의 날로 주방용품, 인테리어소품, 가공식품, 브랜드 의류 등 총 122개 카테고리의 모든 상품에 T멤버십 11% 할인이 제공된다. T멤버십 고객이라면 누구나 이날 하루 1회 혜택(최대 5000원 할인)을 받을 수 있으며, 주문 결제 시 다른 할인혜택과 중복해서 할인 받을 수 있다. 일부 상품은 최대 22% T멤버십 할인이 제공된다.‘11번가Day’는 매월 진행되는 프로모션으로 11번가 고객들에게 큰 인기를 끌고 있다. 매월 11일은 같은 달 같은 요일 대비 평균 60% 정도 거래액이 증가한다. ‘11일을 기다려 쇼핑한다’는 고객의 반응이 있을 정도로 11번가의 대표 프로모션으로 자리매김했다. 새해 첫 ‘11번가Day’를 맞아 11번가는 소셜 미디어를 통해 인기 ‘핵인싸템’으로 뜨고 있는 ‘만능믹서 텀블러’(정가 3만9800원)를 오전 11시부터 25% 할인된 2만9800원에 판매할 예정이다. 충전식으로 휴대가 가능하며 간편하게 텀블러에 재료를 담고 어디서든 믹서기능으로 갈아 마실 수 있어 새해를 맞아 건강한 식단을 준비 중인 사람들에게 큰 인기를 끌고 있는 상품이다. 매일 다른 브랜드의 할인 상품을 만날 수 있는 ‘워너비(Wanna B)’ 행사에서는 해피콜 20%(1천원 이상 최대 2만원 할인), 빈폴 20%(1천원 이상 최대 2만원 할인), 나이키 10%(1천원 이상 최대 5만원 할인) 할인쿠폰을 제공한다.11번가 박준영 제휴시너지그룹장은 “매달 11일은 T멤버십 할인 등 11번가에서 제공되는 혜택이 강화되면서 고객 분들이 기대하는 쇼핑 데이로 자리매김했다”며 “최근 카테고리 별 상시 할인이 제공되는 T멤버십 탭을 모바일 앱에 오픈한 것처럼 SK텔레콤과 협업을 비롯해 다양한 제휴로 고객들이 더 큰 혜택을 누릴 수 있도록 할 것”이라고 밝혔다. 데일리안 최승근 기자 (csk3480@dailian.co.kr)ⓒ (주)데일리안 - 무단전재, 변형, 무단배포 금지   ]",[],http://www.thisisgame.com/webzine/game/nboard/225/?n=90493&utm_source=naver&utm_medium=outlink&utm_campaign=thisisgame&utm_content=90493&nogate,https://n.news.naver.com/mnews/article/119/0002305092?sid=101
2019.01.07.,뉴스워커,,[뉴스워커_11번가] 설 선물 사전판매 돌입,,,http://www.newsworker.co.kr/news/articleView.html?idxno=24740,http://www.ajunews.com
2019.01.17.,아시아경제,,쿠팡의 진격…이커머스 모바일 앱 방문자 수 1위,,,http://view.asiae.co.kr/news/view.htm?idxno=2019011815441344140,http://www.newdaily.co.kr/
2019.01.11.,EBN,,"11번가, 11일 'T멤버십' 고객 최대 22% 할인",,,http://www.ebn.co.kr/news/view/968511,http://www.edaily.co.kr/
2019.01.29.,데일리안,경제,"11번가, 워너원 공식 콘서트 굿즈 22종 단독 판매","[ 고객 선호도 높은 신선·가공 선물세트 더블할인연휴 위한 여행상품·놀거리 상품도 저렴하게 판매대량구매 고객에 OK캐쉬백 최대 15% 적립 혜택까지    11번가의 설 명절 사전특가 행사인 ‘설 마중’ 기획전.(사진=11번가)[이데일리 함지현 기자]11번가는 오는 13일까지 설 명절 사전특가 행사인 ‘설 마중’ 기획전을 연다고 7일 밝혔다. 11번가에 따르면 우선 오는 14일부터 시작될 본 판매보다 저렴한 가격에 선보이는 한정특가 상품을 일주일 동안 매일 5개씩 선보인다. 전통한과, 건강식품, 커피, 견과 등 가공선물세트부터 한우, 굴비, 갈치, 옥돔, 과일 등 신선선물세트와 생활선물세트가 해당된다. 한정특가 상품 전용 ‘더블할인’ 혜택까지 받으면 더욱 저렴한 가격에 구매 가능하다.또한 매년 설 시즌마다 고객들이 많이 검색하고 찾은 상품 데이터를 기반으로 ‘핫 키워드’ 8개를 선정해 각 키워드별 대표상품을 최대 50% 저렴한 가격에 선보인다. 한우, 건강식품, 한복, 과일, 스팸·햄, 샴푸·바디·치약, 화장품, 주방가전·용품 등이다.명절선물 사전구매 고객 중에는 법인이나 대량구매 고객들의 수요 또한 높은 편인만큼 대량구매 고객들을 위한 ‘설 선물세트 대량구매 OK캐쉬백 최대 15% 적립’ 기획전도 마련한다.아울러 이번 설 명절은 이틀 휴가를 붙여 쓰면 최대 9일까지 쉴 수 있는 만큼 휴가 계획을 세우는 직장인들을 위한 ‘완벽한 설연휴 준비’ 기획전도 마련했다. 국내숙박, 해외여행, 각종 놀거리 티켓 등을 최대 15% 할인가에 판매한다. 대표상품으로는 켄싱턴호텔앤리조트 6개 지점 숙박권, 나트랑 빈펄패키지, 에바알머슨 전시 관람권, 뮤지컬 호두까기 인형 관람권 등이 있다. 임현동 11번가 마트 담당은 “본격적인 설 시즌에 앞서 미리 준비하는 고객들에게 더 많은 혜택을 드리기 위해 사전판매 행사를 마련했다”며 “10년간의 설 행사로 쌓인 데이터를 기반으로 고객들이 매년 명절마다 자주 찾고, 구매하는 인기상품들로만 엄선했다”고 말했다.함지현 (hamz@edaily.co.kr)네이버에서 이데일리 [구독하기▶]빡침해소! 청춘뉘우스~ [스냅타임▶]＜ⓒ종합 경제정보 미디어 이데일리 - 무단전재 &amp; 재배포 금지＞ ]",[],http://www.dailian.co.kr/news/view/762337/?sc=naver,https://n.news.naver.com/mnews/article/018/0004286637?sid=101
2019.01.02.,아시아경제,,쿠팡의 진격…이커머스 모바일 앱 방문자 수 1위,,,http://view.asiae.co.kr/news/view.htm?idxno=2019011815441344140,http://www.ebn.co.kr
2019-01-21 11:32:30,녹색경제신문,,"11번가, 설 선물 지금 사면 득템... 사전 판매 돌입",,,http://www.greened.kr/news/articleView.html?idxno=89710,http://it.chosun.com/
2019-01-11 09:25:28,데일리한국,,"11번가, ‘2019 SNS 인기 아이템’으로 쇼핑콘텐츠 강화",,,http://daily.hankooki.com/lpage/industry/201901/dh20190101090021147990.htm,http://www.goodkyung.com/
2019-01-07 11:03:05,뉴스투데이,,"[뉴스투데이 E] 11번가, ‘친환경 빨대’ 2500원에 판매",,,http://www.news2day.co.kr/118299,https://www.yna.co.kr/
2019-01-02 11:20:10,EBN,경제,"11번가, 11일 'T멤버십' 고객 최대 22% 할인","[    (서울=연합뉴스) 이신영 기자 = 11번가는 오는 24일부터 27일까지 나흘간 고척 스카이돔에서 열리는 워너원 공식 콘서트의 굿즈를 단독 예약판매한다고 2일 밝혔다.     공식 콘서트 굿즈는 응원봉과 파우치, 머플러, 와펜, 명찰 등 22종이다.     11번가에서는 이날 오후 2시부터 예약판매를 시작하고 이외에는 콘서트 현장에서만 구매할 수 있다.     워너원 리멤버세트(배지 16개·인화사진·삽지·패키지케이스)는 11번가 온라인에서만 단독으로 판매된다.     상품 배송은 21일부터 일괄 진행되고, 현장 수령을 선택하면 콘서트 당일 현장에서 받을 수도 있다.     워너원 콘서트 공식 굿즈 11번가서 판매[11번가 제공=연합뉴스]    eshiny@yna.co.kr▶연합뉴스 채널 구독하고 스타벅스 커피 드세요▶뭐 하고 놀까? #흥  ▶쇼미더뉴스! 오늘 많이 본 뉴스영상  ]",[],http://www.ebn.co.kr/news/view/968511,https://n.news.naver.com/mnews/article/001/0010557683?sid=101
2019.01.17.,이데일리,,"SK텔레콤 “5G투자 합리적으로..매출 목표 18조로 상향""(컨콜종합)",,,http://www.edaily.co.kr/news/newspath.asp?newsid=05231606622363296,http://www.ebn.co.kr
2019.01.11.,KPI뉴스,,"필립스, 11번가 단독 기획전…무선&로봇 청소기 최대 43% 할인",,,https://www.kpinews.kr/newsView/1065581202388952,http://www.insight.co.kr
2019.01.11.,에너지경제,,11번가 ‘완벽한 설날’ 프로모션…선물세트 최대 52% 할인,,,http://www.ekn.kr/news/article.html?no=409209,http://it.chosun.com/
2019.01.29.,스포츠동아,,카카오페이 등 15개 사업자 ‘제로페이’ 참여,,,http://sports.donga.com/3/all/20190121/93795910/1,http://www.goodkyung.com/
2019.01.14.,지디넷코리아,,"11번가, &apos;인싸템&apos; 할인…LED마스크 4만9천900원",,,http://www.zdnet.co.kr/ArticleView.asp?artice_id=20190101010138,http://www.newsworks.co.kr/
2019.01.02.,헤럴드경제,,"11번가, 13일까지 설 선물 사전판매 돌입",,,http://news.heraldcorp.com/view.php?ud=20190107000148,https://www.yna.co.kr/
2019.01.15.,이데일리,경제,"SK텔레콤 “5G투자 합리적으로..매출 목표 18조로 상향""(컨콜종합)","[    (서울=연합뉴스) 이신영 기자 = 11번가는 오는 24일부터 27일까지 나흘간 고척 스카이돔에서 열리는 워너원 공식 콘서트의 굿즈를 단독 예약판매한다고 2일 밝혔다.     공식 콘서트 굿즈는 응원봉과 파우치, 머플러, 와펜, 명찰 등 22종이다.     11번가에서는 이날 오후 2시부터 예약판매를 시작하고 이외에는 콘서트 현장에서만 구매할 수 있다.     워너원 리멤버세트(배지 16개·인화사진·삽지·패키지케이스)는 11번가 온라인에서만 단독으로 판매된다.     상품 배송은 21일부터 일괄 진행되고, 현장 수령을 선택하면 콘서트 당일 현장에서 받을 수도 있다.     워너원 콘서트 공식 굿즈 11번가서 판매[11번가 제공=연합뉴스]    eshiny@yna.co.kr▶연합뉴스 채널 구독하고 스타벅스 커피 드세요▶뭐 하고 놀까? #흥  ▶쇼미더뉴스! 오늘 많이 본 뉴스영상  ]",[],http://www.edaily.co.kr/news/newspath.asp?newsid=05231606622363296,https://n.news.naver.com/mnews/article/001/0010557683?sid=101
2019.01.14.,KPI뉴스,,"필립스, 11번가 단독 기획전…무선&로봇 청소기 최대 43% 할인",,,https://www.kpinews.kr/newsView/1065581202388952,http://www.newsworks.co.kr/
2019.01.21.,에너지경제,,11번가 ‘완벽한 설날’ 프로모션…선물세트 최대 52% 할인,,,http://www.ekn.kr/news/article.html?no=409209,http://www.digitaltoday.co.kr/
2019.01.08.,스포츠동아,,카카오페이 등 15개 사업자 ‘제로페이’ 참여,,,http://sports.donga.com/3/all/20190121/93795910/1,http://www.kbench.com/
2019-01-02 11:20:10,연합뉴스,,MBC '언더나인틴' 파이널 콘서트 티켓 오픈,,,http://yna.kr/AKR20190118127500005?did=1195m,http://www.etnews.com
2019-01-08 10:23:48,로이슈,IT/과학,"11번가, ‘플라스틱 빨대 안쓰기’ 캠페인 실시","[    11번가(대표 이상호)는 친환경 캠페인 '세이브 디 어스(Save the Earth)'을 시작한다고 8일 밝혔다. 첫 행사로 '플라스틱 빨대 안쓰기'를 전개한다.플라스틱 빨대를 대체하는 실리콘, 스테인리스, 종이로 만든 '대안 빨대'를 판매한다. 판매 가격은 개 당 2500원이다. 제품 별 1000개씩 총 3000개를 준비했다. 11번가 ID당 한 제품씩 구매할 수 있다. 11번가가 배송비를 지원해 무료배송을 받을 수 있다.'실리콘 100% 빨대'는 쉽게 구부러져 간편하게 보관할 수 있다. 팔각형 모양으로 내부를 제작해 열고 닫을 수 있는 형태다. 세척 시 열어서 세제로 닦아주면 된다. 끓는 물에 열탕 소독 할 수 있다.'스테인리스 빨대'는 가볍고 튼튼해 반영구적으로 사용이 가능하다. 커브형과 일자형 두 가지다. 세척을 위한 세척솔은 별도 판매한다. '종이빨대'(100개 세트)는 흰색과 검은색 두 개 색상이다. 검은색 빨대는 콩기름 식용잉크를 사용했다.김주희 11번가 사업운영담당은 “환경과 건강을 생각하는 소비를 위한 '친환경 캠페인'을 꾸준히 진행하겠다”고 말했다.    윤희석 유통 전문기자 pioneer@etnews.com▶ 5G가 열어갈 미래 세상 ""5G 그랜드 비전 2019""▶ 네이버 모바일에서 [전자신문] 채널 구독하기▶ 전자신문 바로가기 [Copyright ⓒ 전자신문 &amp; 전자신문인터넷, 무단전재 및 재배포 금지] ]",[],http://www.lawissue.co.kr/view.php?ud=201901080818217509204ead0791_12,https://n.news.naver.com/mnews/article/030/0002773769?sid=105
2019.01.15.,시사매거진,,"커즈와일 전자피아노, 신디사이저 1월 23일 11번가 단독 '긴급공수' 특가 세일...",,,http://www.sisamagazine.co.kr/news/articleView.html?idxno=170558,http://www.newsworks.co.kr/
2019.01.14.,메트로신문,,"돌아온 스카이, 무선이어폰 선봬…판매가 5만9900원",,,http://www.metroseoul.co.kr/news/newsview?newscd=2019012100033,http://www.digitaltoday.co.kr/
2019.01.21.,에너지경제,,"카카오페이, '제로페이' 사업 추가 참여",,,http://www.ekn.kr/news/article.html?no=410678,http://www.kbench.com/
2019.01.11.,로이슈,,"11번가, ‘플라스틱 빨대 안쓰기’ 캠페인 실시",,,http://www.lawissue.co.kr/view.php?ud=201901080818217509204ead0791_12,http://www.etoday.co.kr
2019.01.08.,시사매거진,,"커즈와일 전자피아노, 신디사이저 1월 23일 11번가 단독 '긴급공수' 특가 세일...",,,http://www.sisamagazine.co.kr/news/articleView.html?idxno=170558,http://www.etnews.com
2019.01.29.,뉴스웍스,IT/과학,"11번가, 설 선물 사전판매 돌입… 신선, 가공 선물세트 엄선해 더블할인","[    11번가(대표 이상호)는 친환경 캠페인 '세이브 디 어스(Save the Earth)'을 시작한다고 8일 밝혔다. 첫 행사로 '플라스틱 빨대 안쓰기'를 전개한다.플라스틱 빨대를 대체하는 실리콘, 스테인리스, 종이로 만든 '대안 빨대'를 판매한다. 판매 가격은 개 당 2500원이다. 제품 별 1000개씩 총 3000개를 준비했다. 11번가 ID당 한 제품씩 구매할 수 있다. 11번가가 배송비를 지원해 무료배송을 받을 수 있다.'실리콘 100% 빨대'는 쉽게 구부러져 간편하게 보관할 수 있다. 팔각형 모양으로 내부를 제작해 열고 닫을 수 있는 형태다. 세척 시 열어서 세제로 닦아주면 된다. 끓는 물에 열탕 소독 할 수 있다.'스테인리스 빨대'는 가볍고 튼튼해 반영구적으로 사용이 가능하다. 커브형과 일자형 두 가지다. 세척을 위한 세척솔은 별도 판매한다. '종이빨대'(100개 세트)는 흰색과 검은색 두 개 색상이다. 검은색 빨대는 콩기름 식용잉크를 사용했다.김주희 11번가 사업운영담당은 “환경과 건강을 생각하는 소비를 위한 '친환경 캠페인'을 꾸준히 진행하겠다”고 말했다.    윤희석 유통 전문기자 pioneer@etnews.com▶ 5G가 열어갈 미래 세상 ""5G 그랜드 비전 2019""▶ 네이버 모바일에서 [전자신문] 채널 구독하기▶ 전자신문 바로가기 [Copyright ⓒ 전자신문 &amp; 전자신문인터넷, 무단전재 및 재배포 금지] ]",[],http://www.newsworks.co.kr/news/articleView.html?idxno=324980,https://n.news.naver.com/mnews/article/030/0002773769?sid=105
2019.01.14.,메트로신문,,"돌아온 스카이, 무선이어폰 선봬…판매가 5만9900원",,,http://www.metroseoul.co.kr/news/newsview?newscd=2019012100033,http://www.newsprime.co.kr
2019.01.07.,이투데이,,"“폭풍인기 아이템 할인” 11번가, ‘2019 인싸템’으로 쇼핑콘텐츠 강화",,,http://www.etoday.co.kr/news/section/newsview.php?idxno=1705824,http://www.newsway.kr
2019.01.14.,이뉴스투데이,,"11번가, 워너원 2019년 콘서트 굿즈 22종 단독 판매",,,http://www.enewstoday.co.kr/news/articleView.html?idxno=1259306,http://www.etnews.com
2019.01.21.,NSP통신,IT/과학,"에누리 가격비교, 홈트레이닝 제품 중복할인 프로모션","[    11번가(대표 이상호)는 오는 13일까지 '설 마중' 기획전을 연다고 7일 밝혔다.해당 기간 한정특가 상품을 매일 5개씩 선보인다. 전통한과, 건강식품, 커피, 견과 등 가공선물세트부터 한우, 굴비, 갈치, 옥돔, 과일 등 신선선물세트와 생활선물세트까지 다양한 상품군을 준비했다. 한정특가 상품 전용 '더블할인'(상품별 11~20% 할인쿠폰+T멤버십할인) 혜택을 받으면 한층 저렴하게 구매할 수 있다.대표 상품은 제주 전통한과 '신효 귤향과즐'(2만30원), '순수식품 배도라지즙'(1만6910원), '사조해표 안심특선 S31호 선물세트'(1만960원) 등이다.같은 기간 매년 설 시즌 고객이 많이 검색하고 찾은 상품 데이터베이스(DB)를 기반으로 'HOT 키워드' 8개를 선정해 대표상품을 최대 50% 할인 가격에 선보인다.임현동 11번가 마트 담당은 “본격적 설 시즌을 미리 준비하는 고객에게 많은 혜택을 제공하기 위한 행사”라면서 “지난 10년간 축적한 설 행사 데이터를 기반으로 인기상품을 엄선했다”고 말했다.11번가는 '완벽한 설연휴 준비' 기획전도 마련했다. 국내숙박, 해외여행, 각종 놀거리 티켓 등을 최대 15% 할인가에 판매한다. 대표 상품은 켄싱턴호텔앤리조트 6개 지점 숙박권, 나트랑 빈펄패키지, 에바알머슨 전시 관람권, 뮤지컬 호두까기 인형 관람권 등이다.    윤희석 유통 전문기자 pioneer@etnews.com▶ 5G가 열어갈 미래 세상 ""5G 그랜드 비전 2019""▶ 네이버 모바일에서 [전자신문] 채널 구독하기▶ 전자신문 바로가기 [Copyright ⓒ 전자신문 &amp; 전자신문인터넷, 무단전재 및 재배포 금지] ]",['대표님!  1월 4일에 주문한 65만원정도의 건조기가\n본사직배.3일정도소요라고하는데....\n\n도데체 언제 받나요? 나는?'],http://www.nspna.com/news/?mode=view&newsid=335506,https://n.news.naver.com/mnews/article/030/0002773374?sid=105
2019-01-08 10:23:48,IT조선,,"이베이·11번가·인터파크, 판매수수료 인상 '일제히 최대 13%'",,,http://it.chosun.com/site/data/html_dir/2019/01/11/2019011100500.html,https://zdnet.co.kr/
2019-01-07 11:03:34,IT조선,IT/과학,온라인 쇼핑 즐기는 2030 쇼핑족…설 선물세트 구매량도 늘어,"[    하루 3개씩 ‘세배 딜’로 3번 할인(지디넷코리아=백봉삼 기자)11번가(대표 이상호)가 가성비 좋은 설 선물세트 3천여 개(최대 52% 할인)를 앞세워 14일부터 30일까지 설 이벤트 '완벽한 설날'을 실시한다.총 세 번의 중복할인을 받을 수 있는 '세배 딜'부터 지역생산자, 브랜드사와 협업한 실속형 선물세트를 마련했다. 11번가는 고객들이 원하는 상품을 가장 빠르고 편리하게 구매할 수 있도록 돕는 상품 추천, 큐레이션 영역에 집중했다.하루 3개씩 내놓는 '세배 딜'은 설 맞이 10% 할인쿠폰에 상품별 중복 보너스쿠폰(최대 22%)을 더하고 T멤버십 할인(최대 22%)까지 총 3번의 트리플 할인을 받으면 보다 합리적인 설 선물 구매가 가능하다. 14일에는 '정관장 홍삼원세트 50ml 20포(2세트)'를 최종혜택가 3만6천810원에 구매할 수 있고 그 외 11번가 단독 실속구성 'LG생활건강 촉촉 그린 가드닝 세트' 등도 만나볼 수 있다.    이번 설 행사는 지역생산자나 브랜드사와의 협업을 통해 가성비 좋은 상품 수급에 집중한 것이 특징이다.11번가 임현동 마트 담당은 ""고객들이 매년 명절 때마다 수많은 설 행사와 선물세트 사이에서 어떤 상품을 사야 할지 고민하고 여러 상품의 품질과 가격을 비교하는 과정에서 겪는 선택 스트레스를 줄이기 위해, 품질 좋은 상품 수급에 힘썼다""며 ""큰 고민 없이도 믿고 구매할 수 있도록 지역생산자들의 이름을 내건 신선 선물세트나 제조사와의 협업을 통해 가성비를 앞세운 11번가 단독구성 상품 마련에 집중했다""고 설명했다.▲지역생산자와 협업한 신선 선물세트 대표 상품으로 지리산이 키워낸 명품 '산청 고종시 곶감(1kg)'은 2만9천900원 ▲전남 장성의 문영철 농부가 건강하게 재배해 잎과 줄기와 뿌리를 동시에 먹는 인삼인 '장성 새싹삼(30뿌리)'은 9천800원 ▲제주 탐라왕농장에서 재배한 신선한 '제주 한라봉(4kg)'은 2만4천900원이다. 또 정관장, LG생활건강, CJ, 오설록, 종근당, 샘표, 세노비스 등 고객들이 명절 때마다 많이 찾은 믿을만한 브랜드 상품들도 선보인다.11번가에서만 만날 수 있는 단독기획 선물세트는 꼭 필요한 상품으로만 구성해 가성비를 극대화하거나 젊은 고객들이 선호할만한 트렌디한 패키지로 차별화를 둔 것이 특징이다. 수입과일 대표 브랜드 Dole과 함께 열대과일, 슈퍼푸드 등 단독구성으로 준비한 '19년 설 수입과일 실속선물세트'는 2만1천900원, 오드리헵번 모델 디자인을 입힌 고급스러운 패키지의 '애경 선물세트 모던 C호'는 8천500원이다.최근 트렌드를 반영해 퓨전, 신품종을 테마로 한 이색상품도 마련했다. ▲블랙앵거스 스테이크에 레시피와 시즈닝까지 구성한 '스테이크 세트'는 4만6천900원 ▲한우세트에 굴비까지 혼합 구성한 '한우+굴비 선물세트'는 9만7천900원 ▲한 알 한 알 개별 박스 포장이 돼 있어 주변인들과 나눌 수 있는 뉴질랜드 신품종 사과 '엔비사과 선물세트'는 4만9천900원 ▲목살, 갈빗살, 항정살 등으로 구성된 '이베리코 명절 선물세트 5구'는 4만7천900원이다.11번가는 고객들이 직접 비교검색 하지 않아도 추천, 큐레이션을 통해 선물 대상이나 목적에 맞는 상품을 제안해 고객편의를 극대화한 선물 검색추천서비스도 금주 중 선보일 예정이다.쇼핑 목적에 맞는 다양한 상품 큐레이션도 선보인다. ▲테마별 명절 준비(준비식품, 주방용품, 가전용품, 차례용품, 안전귀향, 가족놀거리)를 위한 '준비용품' ▲해외직구로 건강식품을 주로 구매하는 고객들을 위한 '해외직구' ▲대량구매 고객들에게 OK캐쉬백 적립혜택을 제공하는 '다다익선' 등 여러 고객들의 니즈를 모두 만족시키기 위한 세분화된 상품 큐레이션을 제공한다.백봉삼 기자(paikshow@zdnet.co.kr)  ▶ 네이버 채널에서 ‘지디넷코리아’를 구독해주세요  ]","['이게뉴스냐?', '11번가 아직 살아있냐;']",http://it.chosun.com/site/data/html_dir/2019/01/18/2019011800997.html,https://n.news.naver.com/mnews/article/092/0002154336?sid=105
2019-01-14 08:25:42,IT조선,,"이베이·11번가·인터파크, 판매수수료 인상 '일제히 최대 13%'",,,http://it.chosun.com/site/data/html_dir/2019/01/11/2019011100500.html,http://www.newsis.com
2019-01-21 11:12:22,IT조선,경제,온라인 쇼핑 즐기는 2030 쇼핑족…설 선물세트 구매량도 늘어,"[ 공식 판매가 5만9900원...사전 예약 시 최대 18% 할인 ""스카이 핏 프로, 가성비 강점...품질↑, 가격↓""    【서울=뉴시스】최선윤 기자 = 착한텔레콤은 11번가와 함께 완전무선 이어폰 '스카이 핏 프로 (SKY Fit pro)'의 사전예약을 실시한다고 21일 밝혔다.스카이 핏 프로는 블루투스 5.0 기반에 8㎜ 다이내믹 드라이버를 채택해 하이파이 사운드의 음질을 느낄 수 있다. 이어폰 양쪽에 노이즈(잡음)를 제거한 듀얼마이크를 장착해 깨끗한 통화 품질을 제공한다. 이어폰의 무게를 4.9g으로 경량화했음에도 6시간 연속 재생에 충전크래들 이용시 최대 24시간을 사용할 수 있다.다른 무선이어폰과의 가장 큰 차이점은 '멀티 버튼'이다. 기존 무선이어폰은 버튼 하나로 전화 연결 및 음악 재생만을 컨트롤 할 수 있지만, 스카이 핏 프로는 3개의 버튼을 탑재해 볼륨 조절 및 다음곡·전곡으로 전환이 가능하다. 멀티 버튼을 통해 스마트폰의 음성인식 서비스인 애플의 시리(Siri), 구글의 어시스턴트(Assistant)를 호출할 수 있다.스카이 핏 프로의 공식 판매 가격은 5만9900원이며 11번가의 사전 예약을 통해 최대 18%의 할인이 제공된다. 싱글팩(1개 제품)은 10% 할인된 5만3900원, 커플팩(2개 제품)은 18% 할인된 9만9000원으로 구매가 가능하다. 기존 20만원 안팎의 대기업 제품과는 가격 차별화를, 2~3만원대의 중국 브랜드와는 성능 차별화를 추구했다. 공식 판매는 1월28일이며 사전예약 할인 혜택은 종료된다. 박종일 착한텔레콤 대표는 ""선이 없는 무선이어폰 시장은 전년 대비 2배 이상으로 급성장 하고 있으며 삼성전자와 애플을 비롯해 샤오미, 모토로라와 같은 스마트폰 제조사들도 경쟁적으로 뛰어들고 있다""며 ""스카이의 첫 복귀작인 스카이 핏 프로는 타사 제품에 비해 품질은 높이고 가격은 낮추는 전략으로 더 많은 고객들에게 스카이의 부활을 알리고 싶다""고 말했다.csy625@newsis.com▶ 뉴시스 빅데이터 MSI 주가시세표 바로가기 ▶ 네이버에서 뉴시스 채널 구독하기&lt;저작권자ⓒ 공감언론 뉴시스통신사. 무단전재-재배포 금지.&gt; ]",[],http://it.chosun.com/site/data/html_dir/2019/01/18/2019011800997.html,https://n.news.naver.com/mnews/article/003/0009021804?sid=101
2019.01.29.,뉴스웍스,,"11번가, '2019 인싸템'으로 쇼핑 콘텐츠 강화",,,http://www.newsworks.co.kr/news/articleView.html?idxno=323519,http://www.lawissue.co.kr
2019.01.11.,아이티데일리,,'유통 퍼스트' 전략 기반한 '쿠팡' 성장세 주목,,,http://www.itdaily.kr/news/articleView.html?idxno=92758,http://www.newsway.kr
2019.01.14.,프라임경제,,"11번가, 워너원 공식 콘서트 굿즈 단독 예약 판매",,,http://www.newsprime.co.kr/news/article.html?no=441815,http://www.enewstoday.co.kr/
2019.01.08.,EBN,,"11번가, '플라스틱 빨대 안쓰기' 캠페인",,,http://www.ebn.co.kr/news/view/967970,https://zdnet.co.kr/
2019.01.14.,아주경제,IT/과학,"추억의 '스카이', 무선이어폰 '핏 프로'로 돌아온다…사전예약 실시","[    실리콘·스테인리스·종이 빨대 판매(지디넷코리아=백봉삼 기자)11번가(대표 이상호)가 새해 친환경 캠페인 ‘세이브 디 어스’(Save the Earth)를 시작, 첫 행사로 '플라스틱 빨대 안쓰기'를 진행한다.해양 생물에게 치명적이고 인체에 유해한 미세 플라스틱을 만드는 것으로 알려진 플라스틱 빨대를 대체해 쓸 수 있도록 실리콘과 스테인리스, 종이로 만든 '대안 빨대'를 판매한다.가격은 개당 2천500원으로, 제품별 1천개씩 총 3천개 판매하며 11번가 ID당 1제품씩 구매가 가능하다. 더욱 많은 고객들이 대안빨대를 경험할 수 있도록 11번가가 배송비를 지원, 무료 배송 혜택을 제공한다.쉽게 구부러져 보관이 쉬운 '실리콘 100% 빨대'는 내부가 팔각형으로 제작돼 열고 닫을 수 있는 형태다. 세척 시 열어서 세제로 닦아주면 돼 세척솔이 필요 없는 것이 장점이다. 끓는 물에 열탕 소독도 가능하다.    '스테인리스 빨대'는 가볍고 튼튼해 반영구적으로 사용이 가능한 제품으로, 커브형과 일자형 두 가지 형태다. 세척을 위한 세척솔도 따로 판매한다. '종이빨대'(100개 세트)는 흰색과 검은색 두 가지 색상으로 검은색 빨대의 경우 콩기름 식용잉크를 사용했다.11번가는 작은 실천으로 환경을 위할 수 있는 '친환경 제품'도 모아 소개한다. 일회용컵 대신 사용하는 텀블러의 경우 스테인리스 소재로 만든 모던한 디자인의 '트래블 텀블러'와 '콕시클 텀블러'를 판매한다.자연소재인 코르크로 만든 '비핏 코르크 TPE 요가매트'와 자연분해가 가능한 산화생분해 원료로 만든 코멕스의 위생백, 지퍼백, 다용도 플라스틱 정리용기와 산화생분해제가 첨가된 '착한리필 휴지통 리필봉투' 등 이색제품도 준비했다.11번가 김주희 사업운영담당은 ""11번가 고객들이 플라스틱 소비를 줄일 수 있는 '대안 빨대'를 부담 없이 경험할 수 있도록 했다""면서 ""환경과 건강을 생각하는 더 나은 소비를 위한 '친환경 캠페인'을 꾸준히 진행하겠다""고 말했다.백봉삼 기자(paikshow@zdnet.co.kr)  ▶ 네이버 채널에서 ‘지디넷코리아’를 구독해주세요  ]",[],http://www.ajunews.com/view/20190121161807476,https://n.news.naver.com/mnews/article/092/0002153966?sid=105
2019.01.21.,디지털데일리,,“이커머스 순방문자 1위 앱 ‘쿠팡’…가장 오래 머문 앱은 ‘당근마켓’”,,,http://www.ddaily.co.kr/news/article.html?no=177082,https://zdnet.co.kr/
15면 3단,IT조선,IT/과학,"신세계아이앤씨, 새로운 크롬캐스트 단독 판매","[    하루 3개씩 ‘세배 딜’로 3번 할인(지디넷코리아=백봉삼 기자)11번가(대표 이상호)가 가성비 좋은 설 선물세트 3천여 개(최대 52% 할인)를 앞세워 14일부터 30일까지 설 이벤트 '완벽한 설날'을 실시한다.총 세 번의 중복할인을 받을 수 있는 '세배 딜'부터 지역생산자, 브랜드사와 협업한 실속형 선물세트를 마련했다. 11번가는 고객들이 원하는 상품을 가장 빠르고 편리하게 구매할 수 있도록 돕는 상품 추천, 큐레이션 영역에 집중했다.하루 3개씩 내놓는 '세배 딜'은 설 맞이 10% 할인쿠폰에 상품별 중복 보너스쿠폰(최대 22%)을 더하고 T멤버십 할인(최대 22%)까지 총 3번의 트리플 할인을 받으면 보다 합리적인 설 선물 구매가 가능하다. 14일에는 '정관장 홍삼원세트 50ml 20포(2세트)'를 최종혜택가 3만6천810원에 구매할 수 있고 그 외 11번가 단독 실속구성 'LG생활건강 촉촉 그린 가드닝 세트' 등도 만나볼 수 있다.    이번 설 행사는 지역생산자나 브랜드사와의 협업을 통해 가성비 좋은 상품 수급에 집중한 것이 특징이다.11번가 임현동 마트 담당은 ""고객들이 매년 명절 때마다 수많은 설 행사와 선물세트 사이에서 어떤 상품을 사야 할지 고민하고 여러 상품의 품질과 가격을 비교하는 과정에서 겪는 선택 스트레스를 줄이기 위해, 품질 좋은 상품 수급에 힘썼다""며 ""큰 고민 없이도 믿고 구매할 수 있도록 지역생산자들의 이름을 내건 신선 선물세트나 제조사와의 협업을 통해 가성비를 앞세운 11번가 단독구성 상품 마련에 집중했다""고 설명했다.▲지역생산자와 협업한 신선 선물세트 대표 상품으로 지리산이 키워낸 명품 '산청 고종시 곶감(1kg)'은 2만9천900원 ▲전남 장성의 문영철 농부가 건강하게 재배해 잎과 줄기와 뿌리를 동시에 먹는 인삼인 '장성 새싹삼(30뿌리)'은 9천800원 ▲제주 탐라왕농장에서 재배한 신선한 '제주 한라봉(4kg)'은 2만4천900원이다. 또 정관장, LG생활건강, CJ, 오설록, 종근당, 샘표, 세노비스 등 고객들이 명절 때마다 많이 찾은 믿을만한 브랜드 상품들도 선보인다.11번가에서만 만날 수 있는 단독기획 선물세트는 꼭 필요한 상품으로만 구성해 가성비를 극대화하거나 젊은 고객들이 선호할만한 트렌디한 패키지로 차별화를 둔 것이 특징이다. 수입과일 대표 브랜드 Dole과 함께 열대과일, 슈퍼푸드 등 단독구성으로 준비한 '19년 설 수입과일 실속선물세트'는 2만1천900원, 오드리헵번 모델 디자인을 입힌 고급스러운 패키지의 '애경 선물세트 모던 C호'는 8천500원이다.최근 트렌드를 반영해 퓨전, 신품종을 테마로 한 이색상품도 마련했다. ▲블랙앵거스 스테이크에 레시피와 시즈닝까지 구성한 '스테이크 세트'는 4만6천900원 ▲한우세트에 굴비까지 혼합 구성한 '한우+굴비 선물세트'는 9만7천900원 ▲한 알 한 알 개별 박스 포장이 돼 있어 주변인들과 나눌 수 있는 뉴질랜드 신품종 사과 '엔비사과 선물세트'는 4만9천900원 ▲목살, 갈빗살, 항정살 등으로 구성된 '이베리코 명절 선물세트 5구'는 4만7천900원이다.11번가는 고객들이 직접 비교검색 하지 않아도 추천, 큐레이션을 통해 선물 대상이나 목적에 맞는 상품을 제안해 고객편의를 극대화한 선물 검색추천서비스도 금주 중 선보일 예정이다.쇼핑 목적에 맞는 다양한 상품 큐레이션도 선보인다. ▲테마별 명절 준비(준비식품, 주방용품, 가전용품, 차례용품, 안전귀향, 가족놀거리)를 위한 '준비용품' ▲해외직구로 건강식품을 주로 구매하는 고객들을 위한 '해외직구' ▲대량구매 고객들에게 OK캐쉬백 적립혜택을 제공하는 '다다익선' 등 여러 고객들의 니즈를 모두 만족시키기 위한 세분화된 상품 큐레이션을 제공한다.백봉삼 기자(paikshow@zdnet.co.kr)  ▶ 네이버 채널에서 ‘지디넷코리아’를 구독해주세요  ]","['이게뉴스냐?', '11번가 아직 살아있냐;']",http://it.chosun.com/site/data/html_dir/2019/01/22/2019012201071.html,https://n.news.naver.com/mnews/article/092/0002154336?sid=105
2019.01.17.,메트로신문,,"늘어난 자급제폰 시장, 네이버·11번가 등 온라인몰 경쟁 예고",,,http://www.metroseoul.co.kr/news/newsview?newscd=2019010800152,http://www.newsis.com
2019.01.18.,IT조선,경제,"신세계아이앤씨, 새로운 크롬캐스트 단독 판매","[ 공식 판매가 5만9900원...사전 예약 시 최대 18% 할인 ""스카이 핏 프로, 가성비 강점...품질↑, 가격↓""    【서울=뉴시스】최선윤 기자 = 착한텔레콤은 11번가와 함께 완전무선 이어폰 '스카이 핏 프로 (SKY Fit pro)'의 사전예약을 실시한다고 21일 밝혔다.스카이 핏 프로는 블루투스 5.0 기반에 8㎜ 다이내믹 드라이버를 채택해 하이파이 사운드의 음질을 느낄 수 있다. 이어폰 양쪽에 노이즈(잡음)를 제거한 듀얼마이크를 장착해 깨끗한 통화 품질을 제공한다. 이어폰의 무게를 4.9g으로 경량화했음에도 6시간 연속 재생에 충전크래들 이용시 최대 24시간을 사용할 수 있다.다른 무선이어폰과의 가장 큰 차이점은 '멀티 버튼'이다. 기존 무선이어폰은 버튼 하나로 전화 연결 및 음악 재생만을 컨트롤 할 수 있지만, 스카이 핏 프로는 3개의 버튼을 탑재해 볼륨 조절 및 다음곡·전곡으로 전환이 가능하다. 멀티 버튼을 통해 스마트폰의 음성인식 서비스인 애플의 시리(Siri), 구글의 어시스턴트(Assistant)를 호출할 수 있다.스카이 핏 프로의 공식 판매 가격은 5만9900원이며 11번가의 사전 예약을 통해 최대 18%의 할인이 제공된다. 싱글팩(1개 제품)은 10% 할인된 5만3900원, 커플팩(2개 제품)은 18% 할인된 9만9000원으로 구매가 가능하다. 기존 20만원 안팎의 대기업 제품과는 가격 차별화를, 2~3만원대의 중국 브랜드와는 성능 차별화를 추구했다. 공식 판매는 1월28일이며 사전예약 할인 혜택은 종료된다. 박종일 착한텔레콤 대표는 ""선이 없는 무선이어폰 시장은 전년 대비 2배 이상으로 급성장 하고 있으며 삼성전자와 애플을 비롯해 샤오미, 모토로라와 같은 스마트폰 제조사들도 경쟁적으로 뛰어들고 있다""며 ""스카이의 첫 복귀작인 스카이 핏 프로는 타사 제품에 비해 품질은 높이고 가격은 낮추는 전략으로 더 많은 고객들에게 스카이의 부활을 알리고 싶다""고 말했다.csy625@newsis.com▶ 뉴시스 빅데이터 MSI 주가시세표 바로가기 ▶ 네이버에서 뉴시스 채널 구독하기&lt;저작권자ⓒ 공감언론 뉴시스통신사. 무단전재-재배포 금지.&gt; ]",[],http://it.chosun.com/site/data/html_dir/2019/01/22/2019012201071.html,https://n.news.naver.com/mnews/article/003/0009021804?sid=101
2019.01.07.,메트로신문,,"늘어난 자급제폰 시장, 네이버·11번가 등 온라인몰 경쟁 예고",,,http://www.metroseoul.co.kr/news/newsview?newscd=2019010800152,http://www.etnews.com
2019-01-08 08:17:18,아시아경제,IT/과학,온라인몰 새해부터 '특급 세일'…설 앞두고 소비자 유혹한다(종합),"[    새로운 한 해가 시작됐다. 황금 돼지 해를 맞아 건강 관리와 자기 계발 등 새해 목표를 다짐하는 직장인이 많다. 신년을 맞아 새로운 마음으로 회사생활을 시작하려는 직장인을 위한 다양한 사무 아이템이 눈길을 끈다. 오픈마켓 11번가가 2019년 슬기로운 직장생활에 도움을 주는 아이템을 소개한다.    3M 정보보안필름    로지텍 MX VERTICAL    동글이 모니터 후사경◇'입사 준비물에 주목'...신입사원을 위한 꿀템첫 입사를 앞둔 신입사원 마음은 긴장과 설렘이 교차한다. 모든 것이 새로울 신입사원을 위한 유용한 사무 아이템을 소개한다.'3M 정보보안필름(5만6400원)'은 모니터 화면에 부착하는 아이템이다. 정면에서만 선명한 화면을 볼 수 있다. 블루라이트 차단 기능 덕에 장시간 사용해도 눈이 쉽게 피로해 지지 않는다.마우스 사용에 따른 손목 통증이 우려된다면 '로지텍 MX VERTICAL(11만9000원)'을 추천한다. 57도 수직 각도로 손목 아래 통증을 최소화한다. 특별 설계된 받침대가 엄지 손가락을 지지해 편안하다'동글이 모니터 후사경(1000원)'은 업무 중 뒤에서 일어나는 상황을 바로 확인할 수 있는 제품이다. 5개 색상 중 고를 수 있다. 후면 스티커를 떼어 모니터에 부착하면 된다.    애플 에어팟    애플 워치 시리즈4    몽블랑 머니클립 5525◇'꼰대 탈출!'...시니어 직장인을 위한 아이템90년대생 신입 사원과 세대 차이가 걱정인 시니어 직장인을 위한 아이템을 소개한다. 최신 인기 제품으로 세대 차이를 줄여보자.애플 무선 이어폰 '에어팟(21만9000원)'은 케이스에서 꺼내면 바로 켜지고, 귀에 꽂으면 자동으로 연결된다. 케이스에 15분 넣어두면 3시간 동안 재생할 수 있다.애플 워치 시리즈4(49만9000원)'는 64비트 듀얼코어 프로세서를 탑재, 기존 버전보다 향상된 성능을 구현했다. 심전도 측정, 걸음 수 등 건강까지 측정할 수 있다.'몽블랑 머니클립 5525(12만8000원)'은 클립에 현금을 끼어 깔끔하게 정리할 수 있다. 이름이나 메시지를 지갑에 각인해 세련된 디자인을 연출할 수 있다.    바디프랜드 팬텀 브레인 안마의자    필립스 이지 카푸치노 에스프레소 커피머신 HD865205    보니타빈백 대형파우치 p202◇'직원을 위해서라면'...복지를 위한 힐링 아이템최근 기업들은 사무 공간에 휴식 공간을 마련하거나 커피 머신을 비치하는 등 직원 복지를 위한 다양한 노력을 기울인다.'바디프랜드 팬텀 브레인 안마의자(421만원)'는 업무에 지친 직원에게 편안한 휴식공간을 제공한다. 수면, 스트레칭, 브레인 집중력 등 15개 자동 안마 모드를 선택할 수 있다. 등과 엉덩이 부분 온열 기능으로 한층 포근한 안마 기능을 느낄 수 있다.필립스 이지 카푸치노 에스프레소 커피머신 HD8652/05(41만9000원)'는 최상의 커피를 만들어준다. 세라믹 그라인더로 곱고 균일하게 원두를 분쇄한다. 간편하게 분리해 세척할 수 있다.'보니타빈백 대형파우치 p202(9만6370원)'는 편안한 자세로 쉴 수 있도록 고안된 빈백이다. 방수 기능이 있는 시트를 탈부착해 세척할 수 있다.윤희석 유통 전문기자 pioneer@etnews.com▶ 내 USB가 산업제어시스템 보안을 흔들고 있다?▶ 네이버 모바일에서 [전자신문] 채널 구독하기▶ 전자신문 바로가기 [Copyright ⓒ 전자신문 &amp; 전자신문인터넷, 무단전재 및 재배포 금지] ]",[''],http://view.asiae.co.kr/news/view.htm?idxno=2019011110252815897,https://n.news.naver.com/mnews/article/030/0002776501?sid=105
2019-01-14 08:25:42,로이슈,,"11번가, 워너원 공식 콘서트 굿즈 22종 단독 판매",,,http://www.lawissue.co.kr/view.php?ud=201901020842157314204ead0791_12,http://www.ekn.kr
2019-01-21 11:12:22,서울경제,,"GNM자연의품격, ‘설날 맞이 건강식품 특가전’으로 설 선물 추천",,,http://www.sedaily.com/NewsView/1VE32TXWXP,http://biz.chosun.com/
2019-01-17 11:00:44,디지털투데이,,"스카이, 무선이어폰으로 돌아오다...'스카이 핏 프로'","[    최근 유산균 시장의 화두로 보장균수가 떠오르고 있다. 보장균수는 1회 분량으로 섭취할 수 있는 유산균 수로, CJ제일제당이 최근 출시한 ‘BYO 20억 생유산균’은 보장균수 증가에 중점을 둔 제품이다.    사진:CJ바이오 유산균유산균 생명력이 강화된 ‘BYO 20억 생유산균’을 오픈마켓 11번가에서 구매하면 다양한 혜택이 제공된다. 구매자 전원에게 11번가 30% 다운로드 쿠폰을 지급하는 한편 암앤해머 베이킹소다(400g, 5천개 한정)도 증정한다. 또한 신제품 출시를 기념해 ‘BYO 20억 생유산균’ 제품 2개를 구매하면 제품 1개를 추가로 받을 수 있기 때문에 더 알뜰한 쇼핑을 할 수 있다. 이벤트는 1월 18일 단 하루 동안 11번가 긴급공수를 통해 진행된다.‘BYO 20억 생유산균’은 CJ제일제당이 자체 개발한 4중 코팅 기술을 적용해 특허받은 장(腸)유산균 CJLP243이 장까지 최대한 살아서 도달하도록 한 것이 특징. 보장균수는 약 20억 마리로 기존 BYO 장유산균 제품(스틱형)에 비해 2배 이상 늘어난 점이 눈에 띈다.4중 코팅 기술 외에도 다양한 첨단 기술이 적용됐다. 유산균(프로바이오틱스)의 장 내 증식을 돕는 프리바이오틱스(부원료) 성분을 함께 넣는 신바이오틱스(SYN Biotics) 공법에 BYO 유산균만의 배합기술을 적용, 유산균이 장에 잘 정착할 수 있도록 했다. 분말이 굳는 것을 방지하기 위해 유산균 제품에 일반적으로 사용되는 고결방지제 이산화규소를 첨가하지 않는 점도 특징 중 하나. 이를 통해 유산균을 보다 온전히 섭취할 수 있도록 했다.맛도 놓치지 않았다. CJ제일제당은 제품 출시 전 자체 소비자조사를 통해 소비자가 가장 선호하는 맛을 찾았다. 조사 결과 선호도가 가장 높았던 요거트맛이 적용되었고, 덕분에 남녀노소 누구나 폭넓게 즐길 수 있는 제품으로 인정받고 있다.CJ제일제당은 유산균의 강한 생명력을 강조하는 ‘생(生) 유산균’ 키워드를 앞세워 지난해 기준 5천억 원 이상 규모로 추정되는 국내 유산균 시장 공략을 강화한다는 계획이다. 특히 최근 유산균 소비 트렌드로 떠오르고 있는 ‘보장균수’와 ‘가성비’를 모두 충족할 수 있는 제품으로 기대하고 있다.CJ제일제당 관계자는 ‘BYO 20억 생유산균’ 제품에 대해 ""위(胃)에서는 강한 생명력으로,장(腸)에서는 높은 부착력으로 장 건강에 도움을 줄 수 있다""며, ""이번 11번가 긴급공수 이벤트를 통해 소비자들이 다양한 혜택을 누릴 수 있길 기대한다""고 말했다.[콘텐츠부]chosunbiz.com   ]",[],http://www.digitaltoday.co.kr/news/articleView.html?idxno=206494,https://n.news.naver.com/mnews/article/366/0000424858?sid=004
2019-01-18 10:31:59,로이슈,,"11번가, ‘2019 인싸템’으로 쇼핑콘텐츠 강화",,,http://www.lawissue.co.kr/view.php?ud=201901011006038117204ead0791_12,http://www.newsis.com
2019-01-07 09:22:24,내일신문,경제,모바일 옷가게도 부산이 '제일 잘나가',"[ 설 선물 사전특가와 연휴를 위한 여행상품 등 판매【서울=뉴시스】표주연 기자 = 11번가는 최장 9일까지 쉴 수 있는 설 연휴를 앞두고 이달 13일까지 사전특가 행사인 ‘설 마중’ 기획전을 연다고 7일 밝혔다. 14일부터 대대적으로 진행될 본 판매 시작에 앞서 이번 사전판매다. 얼리버드 고객들을 위한 설 선물 사전특가와 연휴를 위한 여행상품, 각종 놀거리 상품들을 저렴하게 판매한다. 우선, 한정특가 상품을 단 일주일 동안 매일 5개씩 선보인다. 전통한과, 건강식품, 커피, 견과 등 가공선물세트부터 한우, 굴비, 갈치, 옥돔, 과일 등 신선선물세트와 생활선물세트가 해당된다. 한정특가 상품 전용 ‘더블할인’(상품별 11%~20% 할인쿠폰+T멤버십할인) 혜택까지 받으면 더욱 저렴한 가격에 구매 가능하다.대표 상품은 본 판매보다 30% 저렴하게 제공하는 제주 전통한과 ‘신효 귤향과즐’(2만30원), 20% 할인해 판매하는 인기 건강식품 ‘순수식품 배도라지즙’(1만6910원), 20% 할인해 판매하는 ‘사조해표 안심특선 S31호 선물세트’(1만960원) 등이다. 7일에는 ‘이디야 비니스트 스페셜 프리미엄 선물세트’를 2만2170원, ‘고려은단 골드플러스 360정’을 4만2900원, ‘블랙앵거스 스테이크 1.2㎏ 선물세트’는 4만6900원, ‘돌 풍성 과일 선물세트’는 4만6900원, ‘메디플라워 퍼퓸 스토리즈 핸드크림 3종세트’는 2620원에 구매할 수 있다.11번가 임현동 마트 담당은 “본격적인 설 시즌에 앞서 미리 준비하는 고객들에게 더 많은 혜택을 드리기 위해 사전판매 행사를 마련했다”고 말했다pyo000@newsis.com▶ 뉴시스 빅데이터 MSI 주가시세표 바로가기 ▶ 네이버에서 뉴시스 채널 구독하기&lt;저작권자ⓒ 공감언론 뉴시스통신사. 무단전재-재배포 금지.&gt;   ]",[],http://www.naeil.com/news_view/?id_art=301672,https://n.news.naver.com/mnews/article/003/0008996798?sid=101
2019.01.18.,뉴스웍스,,"젠하이저, 11번가에서 '모멘텀 트루 와이어리스' 이벤트 진행",,,http://www.newsworks.co.kr/news/articleView.html?idxno=326496,http://biz.chosun.com/
2019.01.08.,디지털투데이,,오늘의 간추린 키뉴스 (2019.1.21),"[    최근 유산균 시장의 화두로 보장균수가 떠오르고 있다. 보장균수는 1회 분량으로 섭취할 수 있는 유산균 수로, CJ제일제당이 최근 출시한 ‘BYO 20억 생유산균’은 보장균수 증가에 중점을 둔 제품이다.    사진:CJ바이오 유산균유산균 생명력이 강화된 ‘BYO 20억 생유산균’을 오픈마켓 11번가에서 구매하면 다양한 혜택이 제공된다. 구매자 전원에게 11번가 30% 다운로드 쿠폰을 지급하는 한편 암앤해머 베이킹소다(400g, 5천개 한정)도 증정한다. 또한 신제품 출시를 기념해 ‘BYO 20억 생유산균’ 제품 2개를 구매하면 제품 1개를 추가로 받을 수 있기 때문에 더 알뜰한 쇼핑을 할 수 있다. 이벤트는 1월 18일 단 하루 동안 11번가 긴급공수를 통해 진행된다.‘BYO 20억 생유산균’은 CJ제일제당이 자체 개발한 4중 코팅 기술을 적용해 특허받은 장(腸)유산균 CJLP243이 장까지 최대한 살아서 도달하도록 한 것이 특징. 보장균수는 약 20억 마리로 기존 BYO 장유산균 제품(스틱형)에 비해 2배 이상 늘어난 점이 눈에 띈다.4중 코팅 기술 외에도 다양한 첨단 기술이 적용됐다. 유산균(프로바이오틱스)의 장 내 증식을 돕는 프리바이오틱스(부원료) 성분을 함께 넣는 신바이오틱스(SYN Biotics) 공법에 BYO 유산균만의 배합기술을 적용, 유산균이 장에 잘 정착할 수 있도록 했다. 분말이 굳는 것을 방지하기 위해 유산균 제품에 일반적으로 사용되는 고결방지제 이산화규소를 첨가하지 않는 점도 특징 중 하나. 이를 통해 유산균을 보다 온전히 섭취할 수 있도록 했다.맛도 놓치지 않았다. CJ제일제당은 제품 출시 전 자체 소비자조사를 통해 소비자가 가장 선호하는 맛을 찾았다. 조사 결과 선호도가 가장 높았던 요거트맛이 적용되었고, 덕분에 남녀노소 누구나 폭넓게 즐길 수 있는 제품으로 인정받고 있다.CJ제일제당은 유산균의 강한 생명력을 강조하는 ‘생(生) 유산균’ 키워드를 앞세워 지난해 기준 5천억 원 이상 규모로 추정되는 국내 유산균 시장 공략을 강화한다는 계획이다. 특히 최근 유산균 소비 트렌드로 떠오르고 있는 ‘보장균수’와 ‘가성비’를 모두 충족할 수 있는 제품으로 기대하고 있다.CJ제일제당 관계자는 ‘BYO 20억 생유산균’ 제품에 대해 ""위(胃)에서는 강한 생명력으로,장(腸)에서는 높은 부착력으로 장 건강에 도움을 줄 수 있다""며, ""이번 11번가 긴급공수 이벤트를 통해 소비자들이 다양한 혜택을 누릴 수 있길 기대한다""고 말했다.[콘텐츠부]chosunbiz.com   ]",[],http://www.digitaltoday.co.kr/news/articleView.html?idxno=206492,https://n.news.naver.com/mnews/article/366/0000424858?sid=004
2019.01.11.,CNB뉴스,,"11번가, 워너원 ‘Therefore’ 콘서트 굿즈 22종 판매",,,http://www.cnbnews.com/news/article.html?no=395832,https://www.asiae.co.kr/
2019.01.07.,디지털투데이,경제,오늘의 간추린 키뉴스 (2019.1.21),"[     [아시아경제 이지은 기자] 11번가 새해 친환경 캠페인 '세이브 디 어스'를 시작하고 첫 행사로 플라스틱 빨대를 대체하는 대안 빨대 판매 행사를 시작한다고 8일 밝혔다. 11번가는 이날부터 해양 생물에게 치명적이고 인체에 유해한 미세 플라스틱을 만드는 것으로 알려진 플라스틱 빨대를 대체해 쓸 수 있도록 실리콘과 스테인리스, 종이로 만든 대안 빨대를 판매한다. 가격은 개당 2500원으로, 제품별 1000개씩 총 3000개 판매하며 11번가 ID당 1제품씩 구매 가능하다. 더욱 많은 고객들이 대안빨대를 경험할 수 있도록 11번가가 배송비를 지원, 무료 배송 혜택을 제공한다.쉽게 구부러져 보관이 쉬운 실리콘 100% 빨대는 내부가 팔각형으로 제작돼 열고 닫을 수 있는 형태다. 세척시 열어서 세제로 닦아주면 돼 세척솔이 필요 없는 것이 장점이다. 끓는 물에 열탕 소독도 가능하다.스테인리스 빨대는 가볍고 튼튼해 반영구적으로 사용이 가능한 제품으로, 커브형과 일자형 두 가지 형태다. 세척을 위한 세척솔도 따로 판매한다. 종이빨대(100개 세트)는 흰색과 검은색 두 가지 색상으로 검은색 빨대의 경우 콩기름 식용잉크를 사용했다.11번가는 작은 실천으로 환경을 위할 수 있는 친환경 제품도 모아 소개한다. 일회용컵 대신 사용하는 텀블러의 경우 스테인리스 소재로 만든 모던한 디자인의 '트래블 텀블러'와 '콕시클 텀블러'를 판매한다.자연소재인 코르크로 만든 '비핏 코르크 TPE 요가매트'와 자연분해가 가능한 산화생분해 원료로 만든 코멕스의 위생백, 지퍼백, 다용도 플라스틱 정리용기와 산화생분해제가 첨가된 '착한리필 휴지통 리필봉투' 등 이색제품도 준비했다.김주희 11번가 사업운영담당은 ""11번가 고객들이 플라스틱 소비를 줄일 수 있는 대안 빨대를 부담 없이 경험할 수 있도록 했다""며 ""환경과 건강을 생각하는 더 나은 소비를 위한 친환경 캠페인을 꾸준히 진행하겠다""고 말했다.이지은 기자 leezn@asiae.co.kr▶ 네이버 홈에서 '아시아경제' 뉴스 확인하기▶ 재미와 신기 '과학을읽다' ▶ 꿀잼 '인기만화'&lt;ⓒ경제를 보는 눈, 세계를 보는 창 아시아경제 무단전재 배포금지&gt;   ]",[''],http://www.digitaltoday.co.kr/news/articleView.html?idxno=206492,https://n.news.naver.com/mnews/article/277/0004389893?sid=101
2019.01.02.,IT조선,,"컴포인트, 슬림 게이밍 노트북 ‘기기바이트 에어로 15W V8’ 예판 시작",,,http://it.chosun.com/site/data/html_dir/2019/01/25/2019012502561.html,http://www.getnews.co.kr
2019.01.23.,넥스트데일리,,"‘필(必)환경 시대’…11번가, ‘플라스틱 빨대 안쓰기’ 캠페인 전개",,,http://www.nextdaily.co.kr/news/article.html?id=20190115800008,http://www.newsis.com
2019.01.21.,데이터넷,경제,"다이나톤, 11번가에서 디지털피아노 ST1100 타임딜 특가 행사","[ 설 선물 사전특가와 연휴를 위한 여행상품 등 판매【서울=뉴시스】표주연 기자 = 11번가는 최장 9일까지 쉴 수 있는 설 연휴를 앞두고 이달 13일까지 사전특가 행사인 ‘설 마중’ 기획전을 연다고 7일 밝혔다. 14일부터 대대적으로 진행될 본 판매 시작에 앞서 이번 사전판매다. 얼리버드 고객들을 위한 설 선물 사전특가와 연휴를 위한 여행상품, 각종 놀거리 상품들을 저렴하게 판매한다. 우선, 한정특가 상품을 단 일주일 동안 매일 5개씩 선보인다. 전통한과, 건강식품, 커피, 견과 등 가공선물세트부터 한우, 굴비, 갈치, 옥돔, 과일 등 신선선물세트와 생활선물세트가 해당된다. 한정특가 상품 전용 ‘더블할인’(상품별 11%~20% 할인쿠폰+T멤버십할인) 혜택까지 받으면 더욱 저렴한 가격에 구매 가능하다.대표 상품은 본 판매보다 30% 저렴하게 제공하는 제주 전통한과 ‘신효 귤향과즐’(2만30원), 20% 할인해 판매하는 인기 건강식품 ‘순수식품 배도라지즙’(1만6910원), 20% 할인해 판매하는 ‘사조해표 안심특선 S31호 선물세트’(1만960원) 등이다. 7일에는 ‘이디야 비니스트 스페셜 프리미엄 선물세트’를 2만2170원, ‘고려은단 골드플러스 360정’을 4만2900원, ‘블랙앵거스 스테이크 1.2㎏ 선물세트’는 4만6900원, ‘돌 풍성 과일 선물세트’는 4만6900원, ‘메디플라워 퍼퓸 스토리즈 핸드크림 3종세트’는 2620원에 구매할 수 있다.11번가 임현동 마트 담당은 “본격적인 설 시즌에 앞서 미리 준비하는 고객들에게 더 많은 혜택을 드리기 위해 사전판매 행사를 마련했다”고 말했다pyo000@newsis.com▶ 뉴시스 빅데이터 MSI 주가시세표 바로가기 ▶ 네이버에서 뉴시스 채널 구독하기&lt;저작권자ⓒ 공감언론 뉴시스통신사. 무단전재-재배포 금지.&gt;   ]",[],http://www.datanet.co.kr/news/articleView.html?idxno=130273,https://n.news.naver.com/mnews/article/003/0008996798?sid=101
2019.01.15.,문화저널21,,11번가 '플라스틱 빨대 안쓰기' 캠페인…친환경 제품 내놔,,,http://www.mhj21.com/118642,http://www.newsis.com
2019.01.14.,에너지경제,경제,"11번가, 11일 ‘11번가 데이’ 진행…‘T멤버십’ 최대 22% 할인","[     (사진=11번가)【서울=뉴시스】이예슬 기자 = 11번가는 워너원의 2019년 콘서트 'Therefore'의 굿즈를 단독 예약판매한다고 2일 밝혔다.공식 응원봉과 파우치, 머플러, 와펜·배지 세트, 명찰, 엽서, 티셔츠, 키링 등 다양한 종류의 상품을 오직 11번가에서만 구입할 수 있다.제작과 판매는 종합디자인회사 ㈜로운컴퍼니가 맡았다. 상품 배송은 21일부터 일괄 진행된다. 결제시 현장수령을 선택하면 원하는 콘서트 날짜에 맞춰 현장에서 상품을 받을 수도 있다.해외 팬들을 위해 글로벌 11번가를 통해서도 판매한다.ashley85@newsis.com▶ 뉴시스 빅데이터 MSI 주가시세표 바로가기 ▶ 네이버에서 뉴시스 채널 구독하기&lt;저작권자ⓒ 공감언론 뉴시스통신사. 무단전재-재배포 금지.&gt; ]",[],http://www.ekn.kr/news/article.html?no=408834,https://n.news.naver.com/mnews/article/003/0008989878?sid=101
2019.01.01.,디지털데일리언론사 선정,,이커머스 ‘설맞이 특수’ 경쟁 점화… 각 사 전략 살펴보니,,,http://www.ddaily.co.kr/news/article.html?no=176927,http://www.4th.kr
2019-01-18 10:31:59,파이낸셜투데이,,"스카이, '가성비' 내세운 무선이어폰 사전예약 실시",,,http://www.ftoday.co.kr/news/articleView.html?idxno=106129,https://www.yna.co.kr/
2019-01-08 08:31:56,아이뉴스24,IT/과학,"[종합] ""올라갈 일만 남았다"" SKT, 올해 뉴ICT 성과로 턴어라운드","[    (서울=연합뉴스) 채새롬 기자 = 다시 돌아온 스카이(SKY) 브랜드가 무선이어폰으로 소비자를 처음 만난다.    스카이 핏 프로[착한텔레콤 제공]    착한텔레콤은 21일 11번가와 무선이어폰 '스카이 핏 프로'의 사전예약을 시작해 28일 출시한다.    이 제품은 블루투스 5.0 기반에 8㎜ 다이내믹 드라이버를 채택해 하이파이 사운드의 음질을 제공한다. 이어폰 양쪽에 노이즈(잡음)를 제거한 듀얼마이크를 장착했다. 6시간 연속 재생에 충전 크래들을 이용하면 최대 24시간을 사용할 수 있다.    기존 무선이어폰이 버튼 하나로 전화 연결, 음악 재생 등을 조절하는 것과 달리 스카이 핏 프로는 3개의 버튼을 탑재해 볼륨 조절과 곡 전환을 할 수 있다. 스마트폰 음성 인식 서비스인 애플 시리, 구글 어시스턴트를 호출할 수 있다.    출고가는 5만9천900원이며, 사전예약 시 최대 18%가 할인된다.    박종일 착한텔레콤 대표는 ""무선이어폰 시장은 전년 대비 2배 이상 급성장하고 있으며 삼성전자와 애플을 비롯해 샤오미, 모토로라와 같은 스마트폰 제조사들도 경쟁적으로 뛰어들고 있다""며 ""스카이 핏 프로는 품질은 높이고 가격은 낮춘 제품""이라고 밝혔다.    srchae@yna.co.kr▶연합뉴스 채널 구독하고 스타벅스 커피 드세요▶뭐 하고 놀까? #흥  ▶쇼미더뉴스! 오늘 많이 본 뉴스영상  ]","['', '오.. 버튼식...']",http://www.inews24.com/view/1155288,https://n.news.naver.com/mnews/article/001/0010590790?sid=105
2019-01-07 09:22:24,아이뉴스24,,"[종합] ""올라갈 일만 남았다"" SKT, 올해 뉴ICT 성과로 턴어라운드",,,http://www.inews24.com/view/1155288,http://www.kfenews.co.kr/
2019-01-02 09:26:26,뉴스엔,,‘언더나인틴’ 예비돌 파이널 콘서트 오늘(24일) 티켓전쟁 시작,,,http://www.newsen.com/news_view.php?uid=201901240819502410,http://it.chosun.com/
2019-01-21 09:42:26,아시아경제,,우연히 겹친 이벤트…온라인 쇼핑 하기 좋은 날 '11일의 금요일',,,http://view.asiae.co.kr/news/view.htm?idxno=2019011115235402176,https://www.yna.co.kr/
2019-01-01 09:45:06,글로벌이코노믹,경제,"11번가, 워너원 공식 콘서트 굿즈 예약 판매","[    (서울=연합뉴스) 이신영 기자 = 11번가는 황금돼지해를 맞아 올 한 해 인기를 끌 것으로 기대되는 제품들을 모아 '11번가와 함께, 새해엔 다 돼지!' 프로모션을 실시한다고 1일 밝혔다.     SNS등을 통해 입소문이 나면서 인기를 끌고 있는 LED마스크나 히말라야 핑크소금, 탈모치료기 등 1일부터 11일까지 오전 11시에 매일 다른 제품을 선보인다.     또 워너원 보조배터리나 마약 베개, 귤 맛 우유 등 인기 아이템들을 할인하고, 매일 카테고리별로 할인 혜택을 제공하는 골든 세일도 실시한다.     1일에는 패션, 2일은 뷰티, 3일은 푸드, 4일은 해외직구, 5일은 어린이 카테고리 상품에 대한 할인 혜택을 제공한다.     11번가, 1일부터 SNS 인기 아이템 선보여[11번가 제공=연합뉴스]    eshiny@yna.co.kr▶연합뉴스 채널 구독하고 스타벅스 커피 드세요▶뭐 하고 놀까? #흥  ▶쇼미더뉴스! 오늘 많이 본 뉴스영상  ]",[],http://www.g-enews.com/ko-kr/news/article/news_all/20190102102925115c176748603_1/article.html,https://n.news.naver.com/mnews/article/001/0010555926?sid=101
2019.01.07.,동아일보,,네이버도 자급제폰 판매… 갤S10 싸게 살 길 열리나,,,http://news.donga.com/3/all/20190107/93592584/1,https://zdnet.co.kr/
2019.01.01.,디지털타임스,IT/과학,이커머스업계 ‘유료 멤버십’ 경쟁…혜택 가장 좋은 곳은,"[    신선, 가공 선물세트 엄선...더블할인(지디넷코리아=백봉삼 기자)올해의 첫 황금연휴인 설 명절이 한 달 앞으로 다가온 가운데, 11번가(대표 이상호)가 설 선물 사전판매 행사를 실시한다.11번가는 최장 9일까지 쉴 수 있는 설 연휴를 앞두고 7일부터 오는 13일까지 사전특가 행사인 '설 마중' 기획전을 연다. 14일부터 대대적으로 진행될 본 판매 시작에 앞서 이번 사전판매에서는 얼리버드 고객들을 위한 설 선물 사전특가와 연휴를 위한 여행상품, 각종 놀거리 상품들을 저렴하게 판매한다.먼저 본 판매(14일)보다 저렴한 가격에 선보이는 한정특가 상품을 단 일주일 동안 매일 5개씩 선보인다. 전통한과, 건강식품, 커피, 견과 등 가공선물세트부터 한우, 굴비, 갈치, 옥돔, 과일 등 신선선물세트와 생활선물세트가 해당된다. 한정특가 상품 전용 '더블할인'(상품별 11%~20% 할인쿠폰+T멤버십할인) 혜택까지 받으면 더욱 저렴한 가격에 구매 가능하다.    대표 상품으로는 본 판매보다 30% 저렴하게 판매하는 제주 전통한과 '신효 귤향과즐'(2만30원), 20% 할인해 판매하는 인기 건강식품 '순수식품 배도라지즙'(1만6천910원), 20% 할인해 판매하는 '사조해표 안심특선 S31호 선물세트'(1만960원) 등이 있다.7일에는 '이디야 비니스트 스페셜 프리미엄 선물세트'를 2만2천170원, '고려은단 골드플러스 360정'을 4만2천900원, '블랙앵거스 스테이크 1.2kg 선물세트'는 4만6천900원, '돌 풍성 과일 선물세트'는 4만6천900원, '메디플라워 퍼퓸 스토리즈 핸드크림 3종세트'는 2천620원에 구매할 수 있다.또 매년 설 시즌마다 고객들이 많이 검색하고 찾은 상품 데이터를 기반으로 'HOT 키워드' 8개를 선정해 각 키워드별 대표상품을 최대 50% 저렴한 가격에 선보인다. ▲한우 ▲건강식품 ▲한복 ▲과일 ▲스팸/햄 ▲샴푸/바디/치약 ▲화장품 ▲주방가전/용품이 해당된다.11번가 임현동 마트 담당은 ""본격적인 설 시즌에 앞서 미리 준비하는 고객들에게 더 많은 혜택을 드리기 위해 사전판매 행사를 마련했다""며 ""10년간의 설 행사로 쌓인 데이터를 기반으로 고객들이 매년 명절마다 자주 찾고, 구매하는 인기상품들로만 엄선했다""고 설명했다.이번 설 명절은 이틀 휴가를 붙여 쓰면 최대 9일까지 쉴 수 있다. 올해의 최대 황금연휴인 설을 맞아 휴가 계획을 세우는 직장인들을 위한 '완벽한 설연휴 준비' 기획전도 마련했다.국내숙박, 해외여행, 각종 놀거리 티켓 등을 최대 15% 할인가에 판매해 고객들이 미리부터 연휴 계획을 알차게 세울 수 있도록 했다. 대표상품으로는 켄싱턴호텔앤리조트 6개 지점 숙박권, 나트랑 빈펄패키지, 에바알머슨 전시 관람권, 뮤지컬 호두까기 인형 관람권 등이 있다.11번가는 14일부터 본격적인 설 행사에 돌입한다. 사전판매 더블할인에 이어 '트리플할인'의 파격적인 혜택과 그 동안의 설 행사로 축적된 판매데이터를 기반으로 한 고객 타겟형 선물 큐레이션 등을 선보일 예정이다.백봉삼 기자(paikshow@zdnet.co.kr)  ▶ 네이버 채널에서 ‘지디넷코리아’를 구독해주세요  ]",[],http://www.dt.co.kr/contents.html?article_no=2019012302109932060002&ref=naver,https://n.news.naver.com/mnews/article/092/0002153869?sid=105
2019.01.11.,뉴스웨이,,"설 선물 미리 준비하면 가격↓…11번가, 사전판매 시작…최대 30% 저렴",,,http://www.newsway.co.kr/news/view?tp=1&ud=2019010717433416655,https://www.yna.co.kr/
2019.01.14.,이코노믹리뷰,경제,"부활 스카이의 첫 이어폰, 스카이 핏 프로 눈길","[    (서울=연합뉴스) 이신영 기자 = 11번가는 황금돼지해를 맞아 올 한 해 인기를 끌 것으로 기대되는 제품들을 모아 '11번가와 함께, 새해엔 다 돼지!' 프로모션을 실시한다고 1일 밝혔다.     SNS등을 통해 입소문이 나면서 인기를 끌고 있는 LED마스크나 히말라야 핑크소금, 탈모치료기 등 1일부터 11일까지 오전 11시에 매일 다른 제품을 선보인다.     또 워너원 보조배터리나 마약 베개, 귤 맛 우유 등 인기 아이템들을 할인하고, 매일 카테고리별로 할인 혜택을 제공하는 골든 세일도 실시한다.     1일에는 패션, 2일은 뷰티, 3일은 푸드, 4일은 해외직구, 5일은 어린이 카테고리 상품에 대한 할인 혜택을 제공한다.     11번가, 1일부터 SNS 인기 아이템 선보여[11번가 제공=연합뉴스]    eshiny@yna.co.kr▶연합뉴스 채널 구독하고 스타벅스 커피 드세요▶뭐 하고 놀까? #흥  ▶쇼미더뉴스! 오늘 많이 본 뉴스영상  ]",[],http://www.econovill.com/news/articleView.html?idxno=355055,https://n.news.naver.com/mnews/article/001/0010555926?sid=101
2019.01.24.,지디넷코리아,,"CES 찾은 이상호 11번가 대표 ""역직구 사업 키울 것""",,,http://www.zdnet.co.kr/ArticleView.asp?artice_id=20190109151945,http://www.enewstoday.co.kr/
2019.01.08.,화이트페이퍼,,"'서울시 제로페이'에 카카오페이, KT 새로 합류",,,http://www.whitepaper.co.kr/news/articleView.html?idxno=139515,http://www.g-enews.com/
2019.01.15.,파이낸셜뉴스,,"""핫 트렌드 제품 정보 얻고 구매하세요""… 11번가, 새해 '인싸템' 소개",,,http://www.fnnews.com/news/201901011718364098,http://www.heraldpop.com/
2019.01.21.,디지털데일리언론사 선정,,"SKT, 2018년 무선 부진 ‘지속’…사업다각화로 ‘탈출구’ 모색(종합)","[   [헤럴드POP=고명진 기자]‘언더나인틴’의 파이널 콘서트 티켓이 오늘(24일) 오후8시 11번가 사이트에서 단독 오픈한다.‘언더나인틴’이 오는 2월 23일(토) 파이널 콘서트를 개최한다고 밝히며 화제를 모으고 있는 가운데 오늘(24일) 오후8시 티켓예매를 오픈한다고 알려져 티켓 전쟁을 예고했다.오는 2월9일(토) 파이널 무대를 앞두고 있는 언더나인틴은 그 동안 성원해주신 서포터즈들과의 특별한 만남을 위해 파이널 콘서트를 개최한다고 밝혔고 마지막 방송 종료 후 예비돌들은 파이널 콘서트를 통해 서포터즈들과 만날 예정이다.‘언더나인틴’을 통해 눈부시게 성장한 예비돌들이 파이널 콘서트를 통해 어떠한 무대를 보여줄지 기대감을 높이고 있으며 예비돌들은 경연무대가 아닌 콘서트 무대에서 그 동안 성원해주신 서포터즈들의 사랑을 보답할 것으로 알려졌다.또한 ‘언더나인틴’을 통해 긴 경연의 여정을 마친 예비돌이 파이널 콘서트를 통해 아이돌로 거듭날 것이라 밝혔다.한편 오늘(24일) 오후8시 11번가에서 단독으로 티켓을 오픈하는 ‘언더나인틴’ 파이널 콘서트는 오는 2월23일(토) 오후5시 올림픽공원 올림픽 홀에서 진행한다.popnews@heraldcorp.com▶ 팬커뮤 난리난 방탄 워너원 엑소 트와이스 리얼직캠 [헤럴드팝 네이버TV]- Copyrights ⓒ 헤럴드POP &amp; heraldpop.com, 무단 전재 및 재배포 금지 -    ]",[],http://www.ddaily.co.kr/news/article.html?no=177561,https://n.news.naver.com/mnews/article/112/0003123647?sid=106
2019.01.31.,게임포커스,,"젠하이저, 11번가 '모멘텀 트루 와이어리스' 이벤트 진행",,,http://gamefocus.co.kr/detail.php?number=89987,http://www.asiatoday.co.kr
2019.01.21.,게임톡,,이커머스 방문자 1위 앱은 '쿠팡'…체류시간은 '당근마켓',,,http://www.gametoc.co.kr/news/articleView.html?idxno=50560,http://www.greened.kr/
2019-01-07 08:46:49,이뉴스투데이,,"유통가, 공기청정기 판매 ‘껑충’…미세먼지 공습에 ‘함박웃음’",,,http://www.enewstoday.co.kr/news/articleView.html?idxno=1262982,http://www.sedaily.com
2019-01-01 09:45:06,경인일보,경제,"워너원 공식 콘서트 굿즈, 오늘(2일) 오후 2시 11번가 단독 예약판매…리멤버...","[ 중기부, 결제사업자 및 밴사 추가모집 15개사 신청    [서울경제] 카카오페이·KT·11번가 등이 소상공인 간편결제 서비스 ‘제로페이’ 본사업에 참여한다. 21일 중소벤처기업부에 따르면 지난 7~18일 제로페이에 참여할 결제사업자와 밴(VAN)사를 추가 모집한 결과 모두 15개 사업자가 신청했다고 21일 밝혔다.눈에 뛰는 것은 카카오페이와 KT, 이베이코리아(스마일페이), 11번가(11페이) 등 대형 결제사업자가 참여하기로 한 점이다. 지난달 제로페이 시범사업이 시작될 당시 카카오페이는 자체 시행 중인 오프라인 결제 사업과 병행 가능 여부가 명확하지 않다는 이유로 참여하지 않았다.카카오페이 관계자는 “중기부가 ‘제로페이 4대 원칙에 합의한 사업자라면 누구나 참여할 수 있고 개별기업의 서비스 정책에 관여하지 않는다’는 기본입장을 확인해줘 본사업 참여를 결정했다”고 말했다. 제로페이 4대 원칙은 △소상공인에 대해 수수료 0%대 적용 △간편결제 사업자와 은행 등 누구나 참여 가능한 개방형 △새로운 기술·수단이 적용될 수 있도록 구현 △금융권 수준의 정보기술(IT) 보안기술 확보 등이다.이밖에 한국전자영수증, KG이니시스, 코스콤, 한패스, 핀크, 이비카드(캐시비), 디셈버앤컴퍼니자산운용, 티모넷, 하렉스인포텍(유비페이), KIS정보통신, KSNET 등 사업자도 신청했다.밴사업자로는 페이콕, 코스콤, 금융결제원, 나이스정보통신, KIS정보통신, 페이민트, 코밴, 퍼스트데이터코리아, 한국신용카드결제, 한국스마트카드, 스마트로, KICC, KSNET, 다우데이터, 제이티넷, NHN_KCP, KIS정보통신 등 총 16개사가 신청했다.소상공인간편결제추진사업단은 다음 달 이들 기업의 자격요건을 심사해 협약을 맺는다.사업단은 3월부터 가맹점 결제 단말기(POS)와 연계하고, 결제 서비스와 시스템 개발을 거쳐 5월 초 서비스를 시작할 계획이다. /서민우기자 ingaghi@sedaily.com[서울경제 바로가기]Telegram으로 서울경제 뉴스를 실시간으로 받아보세요 [바로가기▶]프리미엄 미디어 Signal이 투자의 바른 길을 안내합니다 [바로가기▶]저작권자 ⓒ 서울경제, 무단 전재 및 재배포 금지   ]",[],http://www.kyeongin.com/main/view.php?key=20190102010000378,https://n.news.naver.com/mnews/article/011/0003490295?sid=101
2019-01-24 08:09:00,EBN,,"11번가, 설 선물 사전판매 돌입",,,http://www.ebn.co.kr/news/view/967776,http://www.wikitree.co.kr
2019-01-21 13:04:58,데이터넷,,"착한텔레콤, 스카이 첫 복귀작 무선이어폰 '스카이 핏 프로' 예판",,,http://www.datanet.co.kr/news/articleView.html?idxno=130434,https://www.nocutnews.co.kr
2019-01-21 09:37:11,아주경제,경제,미세먼지 특수…미세먼지 마스크부터 차량용 공기청정기까지 불티,"[ '스카이 핏 프로' 사전예약 실시[CBS노컷뉴스 김수영 기자]    시장 복귀를 선언한 스카이(SKY)가 첫 복귀작으로 무선이어폰을 내놓았다. 착한텔레콤은 21일 11번가와 함께 완전무선 이어폰 '스카이 핏 프로 (SKY Fit pro)'의 사전예약을 실시한다고 밝혔다.스카이 핏 프로는 블루투스 5.0 기반에 8mm 다이내믹 드라이버를 채택해 하이파이 사운드의 음질을 느낄 수 있다. 이어폰 양쪽에 노이즈(잡음)를 제거한 듀얼마이크를 장착하여 깨끗한 통화 품질도 제공한다. 6시간 연속 재생에 충전크래들 이용시 최대 24시간을 사용할 수 있다. 기존 무선이어폰은 버튼 하나로 전화 연결과 음악 재생만을 컨트롤 할 수 있는 반면, 스카이 핏 프로는 3개의 버튼을 탑재하여 볼륨 조절 및 다음곡‧전곡으로 전환이 가능하고 멀티 버튼을 통해 스마트폰의 음성인식 서비스인 애플의 시리(Siri), 구글의 어시스턴트(Assistant)를 호출할 수 있다는 것이 착한텔레콤의 설명이다. 박종일 착한텔레콤 대표는 ""선이 없는 무선이어폰 시장은 전년 대비 2배 이상으로 급성장 하고 있으며 삼성전자와 애플을 비롯해 샤오미, 모토로라와 같은 스마트폰 제조사들도 경쟁적으로 뛰어들고 있다""며 ""스카이의 첫 복귀작인 스카이 핏 프로는 타사 제품에 비해 품질은 높이고 가격은 낮추는 전략으로 더 많은 고객들에게 스카이의 부활을 알리고 싶다""고 밝혔다. 앞서 착한텔레콤은 팬택과 포괄적 협력 계약을 통해 올해 상반기 중 스카이 브랜드의 휴대폰과 사물인터넷(IoT) 기기를 출시하기로 했다고 밝힌 바 있다. ▶ 확 달라진 노컷뉴스▶ 진실지킴이 노컷뉴스를 지켜주세요▶ CBS가 만든 동영상 뉴스 구경하기sykim@cbs.co.kr저작권자 © CBS 노컷뉴스 무단전재 및 재배포 금지   ]",[],http://www.ajunews.com/view/20190115092832865,https://n.news.naver.com/mnews/article/079/0003187089?sid=101
2019.01.11.,뉴스1,,"우정청, 폐기 위기 해남군 배추 판로 개척",,,http://news1.kr/articles/?3525140,http://www.g-enews.com/
14면 1단,한국경제,,"11번가, SNS 인기상품 선보인다",,,http://news.hankyung.com/article/2019010114761,http://www.dt.co.kr/
2019.01.24.,아주경제,IT/과학,미세먼지 특수…미세먼지 마스크부터 차량용 공기청정기까지 불티,"[ 영업익 21% 감소한 1조2018억선택약정할인發 이통 수익 줄어SK브로드밴드는 사상최대 실적    SK텔레콤이 올해 지주회사 전환을 완료하고 5G 상용화를 통해 MNO(이동통신)와 탈통신 사업에 함께 무게를 싣는다. 작년 영업이익이 급감한 가운데 올해가 회사의 변곡점이 될 것이란 판단이다.  31일 SK텔레콤이 지난해 연결 재무제표 기준 연간 매출 16조8740억원, 영업이익 1조2018억원, 순이익 3조1320억원을 기록했다고 밝혔다. 매출은 전년에 비해 3.7%, 영업익은 21.8% 줄어든 수치다.실적하락 이유로 회사 측은 ""연간 선택약정할인 가입자가 늘어나면서 이동통신사업 수익 감소가 불가피했다""고 설명했다. 순이익은 SK하이닉스의 역대 최고 실적에 따른 지분법 이익 영향으로 전년 대비 17.9% 증가했다. SK텔레콤은 연결기준 올해 매출액 목표로 18조원을 제시했다.  ◇SK브로드밴드는 사상 최대 실적=SK텔레콤은 미디어·보안 사업에 힘입어 4분기 매출 4조3517억원을 달성했다. 이는 전분기 대비 3.9% 증가한 수치다. 특히 SK브로드밴드가 연간 매출 3조2537억원, 영업이익 1756억원으로 사상 최대 실적을 기록했다. IPTV 가입자가 전년 대비 약 10% 증가한 473만명에 달했고, 프리미엄 서비스인 UHD 가입 비중은 4분기에 처음으로 50%를 넘어섰다.보안 사업은 지난해 ADT캡스·NSOK 합병과 SK인포섹 인수가 마무리됨에 따라 물리보안에서 정보보안까지 통합 서비스 체계를 구축했다.  ◇올해 5G 서비스에 집중=5G 서비스는 5G 스마트폰 출시에 맞춰 수도권과 주요 도시를 중심으로 확대한다. AI 기반 네트워크 운용기술과 세계 최고 수준의 양자암호 기술을 바탕으로 차별화된 네트워크 품질을 제공할 방침이다. 통신사업의 매출 턴어라운드 시점은 올 하반기로 제시했다.윤풍영 SK텔레콤 CFO는 ""올해는 5G 상용화로 매출이 작년보다 1조원 이상 늘어날 것으로 본다""면서 ""무선매출이 연간으로는 역성장이 불가피하지만 하반기부터 가입자 유치, ARPU 증대를 통해 매출이 반전될 것""이라고 말했다. 이어 ""5G 투자로 총 케펙스(시설투자)가 증가할 수 있으나 수익과 연계해 정할 것""이라면서 ""5G 투자는 고객수요를 면밀히 따져 투자할 것""이라고 밝혔다.커머스 사업은 지난해 11번가의 5000억원 투자유치로 내실 있는 성장토대를 마련했다는 게 자체 평가다. 11번가는 올해 손익분기점 달성을 목표로 한다. SK텔레콤의 모든 유·무형 서비스를 11번가를 통해 판매한다는 계획이다. 윤풍영 CFO는 ""지난해 ICT 사업 포트폴리오를 재편해 MNO, 미디어, 보안, 커머스 4대 사업의 기본 틀을 갖췄다""며 ""올 한해 5G 서비스 경쟁력을 바탕으로 ICT 사업의 성장판을 여는 데 최선을 다할 것""이라고 밝혔다.  심화영기자 dorothy@dt.co.kr                                                                                                                                                                                                                                                                                                                                                                                                                                                                                                                                                                                                                                                                                                                                                                                                                                                                                                           디지털타임스 홈페이지 바로가기 / 디지털타임스 뉴스 더보기네이버 채널에서 '디지털타임스'를 구독해주세요. ]","['그것도 순이익ㆍ얼마나 등처묵는지 알겠네', '코딱지만한 땅에서 1조원 이사이라니  ㅅㅂ']",http://www.ajunews.com/view/20190115092832865,https://n.news.naver.com/mnews/article/029/0002506349?sid=105
2019.01.21.,에너지경제,,"11번가, 13일까지 ‘설 마중 기획전’ 진행",,,http://www.ekn.kr/news/article.html?no=407796,http://www.osen.co.kr
2019.01.29.,녹색경제신문,,"스카이, 무선이어폰으로 돌아오다 '스카이 핏 프로'","[   [OSEN=박소영 기자] ‘언더나인틴’ 예비돌들의 ‘FINAL CONCERT’(파이널 콘서트) 티켓이 오픈을 예고, 예매 전쟁을 알리고 있다. 24일 오후 8시 11번가를 통해 MBC ‘언더나인틴’의 ‘FINAL CONCERT’ 티켓이 오픈된다.‘언더나인틴’의 대미를 장식할 ‘FINAL CONCERT’는 14주간 경연 무대의 총 집합체다. 매회 미션을 통해 한층 성장한 모습을 보여줬던 예비돌들은 다양한 퍼포먼스부터 완성도 높은 무대까지 선보일 예정이다.특히 꾸준한 사랑과 응원을 보내준 서포터즈들의 아쉬움을 달래주고자 예비돌들은 가까이에서 소통하며 특별한 추억도 선물할 계획이다.  오는 2월 2일까지 데뷔조 그룹명 공모도 받고 있는 ‘언더나인틴’의 ‘FINAL CONCERT’는 2월 23일 오후 5시 올림픽공원 올림픽홀에서 진행되며, 공모 당첨자에겐 ‘FINAL CONCERT’의 VIP로 입장할 수 있는 초대권이 주어진다.120분 특별 편성으로 스페셜한 무대를 예고하고 있는 ‘언더나인틴’은 2월 9일 오후 1시까지 11번가 공식 홈페이지 및 모바일 어플을 통해 마지막 5차 투표를 진행하고 있다. 투표는 아이디(ID) 당 매일 오전과 오후 하루 두 번씩 3명의 예비돌에게 가능하다./comet568@osen.co.kr[사진] 포켓돌스튜디오 ]",[],http://www.greened.kr/news/articleView.html?idxno=91489,https://n.news.naver.com/mnews/article/109/0003941533?sid=106
2019.01.08.,뉴스1,,"우정청, 폐기 위기 해남군 배추 판로 개척",,,http://news1.kr/articles/?3525140,https://www.nocutnews.co.kr
2019.01.22.,비즈니스워치,경제,"메디톡스, 특허 유산균으로 숙취해소 음료 '도전장'","[ '스카이 핏 프로' 사전예약 실시[CBS노컷뉴스 김수영 기자]    시장 복귀를 선언한 스카이(SKY)가 첫 복귀작으로 무선이어폰을 내놓았다. 착한텔레콤은 21일 11번가와 함께 완전무선 이어폰 '스카이 핏 프로 (SKY Fit pro)'의 사전예약을 실시한다고 밝혔다.스카이 핏 프로는 블루투스 5.0 기반에 8mm 다이내믹 드라이버를 채택해 하이파이 사운드의 음질을 느낄 수 있다. 이어폰 양쪽에 노이즈(잡음)를 제거한 듀얼마이크를 장착하여 깨끗한 통화 품질도 제공한다. 6시간 연속 재생에 충전크래들 이용시 최대 24시간을 사용할 수 있다. 기존 무선이어폰은 버튼 하나로 전화 연결과 음악 재생만을 컨트롤 할 수 있는 반면, 스카이 핏 프로는 3개의 버튼을 탑재하여 볼륨 조절 및 다음곡‧전곡으로 전환이 가능하고 멀티 버튼을 통해 스마트폰의 음성인식 서비스인 애플의 시리(Siri), 구글의 어시스턴트(Assistant)를 호출할 수 있다는 것이 착한텔레콤의 설명이다. 박종일 착한텔레콤 대표는 ""선이 없는 무선이어폰 시장은 전년 대비 2배 이상으로 급성장 하고 있으며 삼성전자와 애플을 비롯해 샤오미, 모토로라와 같은 스마트폰 제조사들도 경쟁적으로 뛰어들고 있다""며 ""스카이의 첫 복귀작인 스카이 핏 프로는 타사 제품에 비해 품질은 높이고 가격은 낮추는 전략으로 더 많은 고객들에게 스카이의 부활을 알리고 싶다""고 밝혔다. 앞서 착한텔레콤은 팬택과 포괄적 협력 계약을 통해 올해 상반기 중 스카이 브랜드의 휴대폰과 사물인터넷(IoT) 기기를 출시하기로 했다고 밝힌 바 있다. ▶ 확 달라진 노컷뉴스▶ 진실지킴이 노컷뉴스를 지켜주세요▶ CBS가 만든 동영상 뉴스 구경하기sykim@cbs.co.kr저작권자 © CBS 노컷뉴스 무단전재 및 재배포 금지   ]",[],http://news.bizwatch.co.kr/article/consumer/2019/01/21/0005/naver,https://n.news.naver.com/mnews/article/079/0003187089?sid=101
2019.01.07.,위클리오늘,,"젠하이저, '11번가'서 '모멘텀 트루 와이어리스' 이벤트 진행",,,http://www.weeklytoday.com/news/articleView.html?idxno=71203,http://www.newsworks.co.kr/
2019.01.14.,서울경제,,"경기도, 취약계층 대상 ‘오픈마켓 창업교육’ 실시",,,http://www.sedaily.com/NewsView/1VE4FURAVF,http://www.dt.co.kr/
2019.01.02.,ITWorld,경제,"화웨이, '미디어패드 M5 10' 및 '화웨이 밴드 3 프로' 출시...11번가에서 판매","[    [디지털타임스 김아름 기자] 11번가가 친환경 캠페인 '세이브 디 어스(Save the Earth)'의 첫 행사로 '플라스틱 빨대 안쓰기'를 진행한다고 8일 밝혔다. 11번가는 해양 생물에게 치명적이고 인체에 유해한 미세 플라스틱을 만드는 것으로 알려진 플라스틱 빨대를 대체해 쓸 수 있도록 실리콘과 스테인리스, 종이로 만든 '대안 빨대'를 판매한다. 가격은 개당 2500원으로 제품별 1000개씩 총 3000개를 판매하며 ID당 1제품씩 구매가 가능하다. 특히 더욱 많은 고객들이 대안빨대를 경험할 수 있도록 11번가가 배송비를 지원, 무료 배송 혜택을 제공한다.  쉽게 구부러져 보관이 쉬운 '실리콘 100% 빨대'는 내부가 팔각형으로 제작돼 열고 닫을 수 있는 형태다. 세척 시 열어서 세제로 닦아주면 돼 세척솔이 필요 없는 것이 장점이다. 끓는 물에 열탕 소독도 가능하다.  '스테인리스 빨대'는 가볍고 튼튼해 반영구적으로 사용이 가능한 제품으로, 커브형과 일자형 두 가지 형태다. 세척을 위한 세척솔도 따로 판매한다. '종이빨대'는 흰색과 검은색 두 가지 색상으로 검은색 빨대의 경우 콩기름 식용잉크를 사용했다.빨대 외 다른 친환경 제품도 모아 소개한다. 일회용컵 대신 사용하는 텀블러의 경우 스테인리스 소재로 만든 모던한 디자인의 트래블 텀블러와 콕시클 텀블러를 판매한다. 또한 코르크로 만든 '비핏 코르크 TPE 요가매트'와 자연분해가 가능한 산화생분해 원료로 만든 코멕스의 위생백, 지퍼백, 다용도 플라스틱 정리용기와 산화생분해제가 첨가된 '착한리필 휴지통 리필봉투' 등도 준비했다.김주희 11번가 사업운영담당은 ""11번가 고객들이 플라스틱 소비를 줄일 수 있는 '대안 빨대'를 부담 없이 경험할 수 있도록 행사를 준비했다""면서 ""환경과 건강을 생각하는 더 나은 소비를 위한 '친환경 캠페인'을 꾸준히 진행하겠다""고 말했다. 김아름기자 armijjang@dt.co.kr    &lt;11번가 제공&gt;     디지털타임스 홈페이지 바로가기 / 디지털타임스 뉴스 더보기네이버 채널에서 '디지털타임스'를 구독해주세요. ]",[],http://www.itworld.co.kr/news/114804,https://n.news.naver.com/mnews/article/029/0002502098?sid=101
2019-01-31 09:34:19,머니투데이방송,,"SKT ""올해 매출 목표 18조원…중간배당금 확대 고려 중""",,,http://news.mtn.co.kr/newscenter/news_viewer.mtn?gidx=2019013117383394160,https://www.moneys.co.kr/
2019-01-24 08:40:00,블로터언론사 선정,IT/과학,"화웨이, '미디어패드 M5 10'·'화웨이 밴드3 프로' 국내 출시","[     /사진=구글코리아구글코리아가 새로운 버전의 크롬캐스트를 한국에 공식 출시한다고 22일 밝혔다. 이번 제품은 화이트·차콜 두 가지 색상으로 출시됐다. 구글 스토어를 비롯해 하이마트, 옥션, 지마켓, 티몬, 11번가, 위메프, 쿠팡, GS샵, 인터파크, SSG.COM 등 다양한 채널에서 이날부터 구매할 수 있다. TV HDMI 포트에 연결되며 안드로이드 스마트폰·태블릿, 아이폰, 아이패드, 윈도 및 맥 노트북, 크롬북과 호환 가능하다.새 크롬캐스트는 기존 버전에 비해 15% 향상된 하드웨어 속도를 구현한다. 1080p 해상도를 최대 60fps(초당 프레임 수)로 구동해 풀HD급의 영상을 끊김 없이 재생한다고 구글 측은 설명했다. 크롬캐스트는 구글 홈과 연동할 경우 음성으로 조작할 수 있다. 애플리케이션에서 직접 콘텐츠를 전송하는 대신 구글 홈을 통해 “오케이 구글, 넷플릭스에서 옥자 틀어줘”와 같이 음성 명령이 가능하다. 유튜브 동영상, 넷플릭스 등 다양한 콘텐츠를 TV에서 볼 수 있다.스트리밍 하지 않을 때 원하는 화면으로 전환하거나 스피커와 연결해 활용 가능하다. 안드로이드 스마트폰이나 크롬 브라우저를 통해 미러링부터 구글포토 라이브 앨범을 활용한 사진감상까지 다양한 기능을 즐길 수 있다.한편 크롬캐스트는 미디어 스트리밍 기기로 2013년 출시 후 내장기기 포함 5500만대 이상 판매됐다.채성오 기자 cso86@mt.co.kr&lt;저작권자 ⓒ '성공을 꿈꾸는 사람들의 경제 뉴스' 머니S, 무단전재 및 재배포 금지&gt;▶ 고수들의 재테크 비법 ▶ 박학다식 '이건희칼럼'  ]",[],http://www.bloter.net/archives/328538,https://n.news.naver.com/mnews/article/417/0000373314?sid=105
2019-01-21 09:37:11,지디넷코리아,,‘스카이’ 브랜드 무선 이어폰 사전예약 진행,,,http://www.zdnet.co.kr/ArticleView.asp?artice_id=20190121091332,http://www.sportsseoul.com/
2019-01-08 11:55:51,머니투데이방송,경제,"SKT ""올해 매출 목표 18조원…중간배당금 확대 고려 중""","[     [스포츠서울 김자영기자] 11번가는 설 연휴를 앞두고 오는 13일까지 사전특가 행사인 ‘설 마중’ 기획전을 연다고 7일 밝혔다. 14일부터 대대적으로 진행될 본 판매 시작에 앞서 이번 사전판매에서는 얼리버드 고객들을 위한 설 선물 사전특가와 연휴를 위한 여행상품, 각종 놀거리 상품들을 저렴하게 판매한다.  먼저 본 판매(14일)보다 저렴한 가격에 선보이는 한정특가 상품을 단 일주일 동안 매일 5개씩 선보인다. 전통한과, 건강식품, 커피, 견과 등 가공선물세트부터 한우, 굴비, 갈치, 옥돔, 과일 등 신선선물세트와 생활선물세트가 해당된다. 한정특가 상품 전용 ‘더블할인’(상품별 11%~20% 할인쿠폰+T멤버십할인) 혜택까지 받으면 더욱 저렴한 가격에 구매 가능하다.대표 상품으로는 본 판매보다 30% 저렴하게 판매하는 제주 전통한과 ‘신효 귤향과즐’(2만30원), 20% 할인해 판매하는 인기 건강식품 ‘순수식품 배도라지즙’(1만6910원), 20% 할인해 판매하는 ‘사조해표 안심특선 S31호 선물세트’(1만960원) 등이 있다.  7일에는 ‘이디야 비니스트 스페셜 프리미엄 선물세트’를 2만2170원, ‘고려은단 골드플러스 360정’을 4만2900원, ‘블랙앵거스 스테이크 1.2kg 선물세트’는 4만6900원, ‘돌 풍성 과일 선물세트’는 4만6900원, ‘메디플라워 퍼퓸 스토리즈 핸드크림 3종세트’는 2620원에 구매할 수 있다. 또 매년 설 시즌마다 고객들이 많이 검색하고 찾은 상품 데이터를 기반으로 ‘HOT 키워드’ 8개를 선정해 각 키워드별 대표상품을 최대 50% 저렴한 가격에 선보인다. ▲한우 ▲건강식품 ▲한복 ▲과일 ▲스팸/햄 ▲샴푸/바디/치약 ▲화장품 ▲주방가전/용품이 해당된다. 명절선물 사전구매 고객 중에는 법인이나 대량구매 고객들의 수요 또한 높은 편이다. 대량구매 고객들을 위한 ‘설 선물세트 대량구매 OK캐쉬백 최대 15% 적립’ 기획전도 마련해 ‘동원선물세트’ 10종, ‘사조선물세트’ 15종, ‘순수식품 선물세트’ 14종 구매 시 OK캐쉬백 15% 적립 혜택을 제공한다. 이번 설 명절은 이틀 휴가를 붙여 쓰면 최대 9일까지 쉴 수 있다. 올해의 최대 황금연휴인 설을 맞아 휴가 계획을 세우는 직장인들을 위한 ‘완벽한 설연휴 준비’ 기획전도 마련했다. 국내숙박, 해외여행, 각종 놀거리 티켓 등을 최대 15% 할인가에 판매한다.   soul@sportsseoul.com▶스포츠서울 공식 페이스북▶팟캐스트 '스포츠서울 야구 X파일'▶스포츠서울 공식 유튜브 채널[기사제보 news@sportsseoul.com]  Copyright ⓒ 스포츠서울&amp;sportsseoul.com ]",[],http://news.mtn.co.kr/newscenter/news_viewer.mtn?gidx=2019013117383394160,https://n.news.naver.com/mnews/article/468/0000463264?sid=101
2019-01-22 10:01:16,데일리팝,,[유통가 설 선물대전] LG생활건강·CJ제일제당·오뚜기 外,,,http://www.dailypop.kr/news/articleView.html?idxno=37363,http://www.lawissue.co.kr
2019-01-07 14:49:28,내외경제tv,,"HDC영창 커즈와일 디지털피아노, 1월 23일(수) 11번가 단독 '긴급공수' 특가 ...",,,http://www.nbntv.co.kr/news/articleView.html?idxno=173072,http://www.mk.co.kr/
2019-01-02 08:56:04,매일경제,경제,물풀 판매 급증 알고 보니 `슬라임`이 있었네,"[     [사진 제공 : 11번가]  11번가는 2일 오후 2시부터 아이돌그룹 워너원의 2019년 콘서트 'Therefore'의 공식 콘서트 굿즈 22종을 단독 예약판매한다고 밝혔다.굿즈로는 ▲공식 응원봉 ▲파우치 ▲머플러 ▲와펜·배지 세트 ▲명찰 ▲엽서 ▲티셔츠 ▲키링 등이 있으며, 제작과 판매는 종합디자인 회사 로운컴퍼니가 맡았다. 상품 배송은 오는 21일부터 일괄적으로 시작하며, 결제 시 현장수령을 선택하면 원하는 콘서트 날짜에 맞춰 콘서트장 인근에서 상품을 받을 수 있다.이번 워너원 공식 콘서트 굿즈는 11번가외 콘서트 현장판매를 통해서도 구입할 수 있으며, 워너원 리멤버세트(11만원, 배지 16개, 인화사진, 삽지, 패키지케이스)는 11번가에서만 판매한다.또 11번가는 한류 열풍에 힘입어 한국 아이돌 굿즈를 구매하려는 해외 팬을 위해 글로벌11번가에서도 아이돌 굿즈를 판매하고 있으며, 워너원 공식 콘서트 굿즈는 영문과 중문 서비스를 이용해 해외에서도 구입 가능하다.'Therefore'는 이달 24일부터 27일까지 4일 동안 고척 스카이돔에서 열린다.[디지털뉴스국 배윤경 기자]▶매경 뉴스레터 '매콤달콤'을 지금 구독하세요▶뉴스 이상의 무궁무진한 프리미엄 읽을거리[ⓒ 매일경제 &amp; mk.co.kr, 무단전재 및 재배포 금지]   ]",[],http://premium.mk.co.kr/view.php?no=24485,https://n.news.naver.com/mnews/article/009/0004281413?sid=101
2019.01.07.,뉴스핌,,[미세먼지 공습] 마스크·공기청정기 또 불티나게 팔렸다,,,http://www.newspim.com/news/view/20190115000697,http://www.sportsseoul.com/
2019.01.08.,인벤,경제,"MSI GP73 Leopard 8RE, 11번가에서 한정 긴급공수 특가 판매","[     [스포츠서울 김자영기자] 11번가는 설 연휴를 앞두고 오는 13일까지 사전특가 행사인 ‘설 마중’ 기획전을 연다고 7일 밝혔다. 14일부터 대대적으로 진행될 본 판매 시작에 앞서 이번 사전판매에서는 얼리버드 고객들을 위한 설 선물 사전특가와 연휴를 위한 여행상품, 각종 놀거리 상품들을 저렴하게 판매한다.  먼저 본 판매(14일)보다 저렴한 가격에 선보이는 한정특가 상품을 단 일주일 동안 매일 5개씩 선보인다. 전통한과, 건강식품, 커피, 견과 등 가공선물세트부터 한우, 굴비, 갈치, 옥돔, 과일 등 신선선물세트와 생활선물세트가 해당된다. 한정특가 상품 전용 ‘더블할인’(상품별 11%~20% 할인쿠폰+T멤버십할인) 혜택까지 받으면 더욱 저렴한 가격에 구매 가능하다.대표 상품으로는 본 판매보다 30% 저렴하게 판매하는 제주 전통한과 ‘신효 귤향과즐’(2만30원), 20% 할인해 판매하는 인기 건강식품 ‘순수식품 배도라지즙’(1만6910원), 20% 할인해 판매하는 ‘사조해표 안심특선 S31호 선물세트’(1만960원) 등이 있다.  7일에는 ‘이디야 비니스트 스페셜 프리미엄 선물세트’를 2만2170원, ‘고려은단 골드플러스 360정’을 4만2900원, ‘블랙앵거스 스테이크 1.2kg 선물세트’는 4만6900원, ‘돌 풍성 과일 선물세트’는 4만6900원, ‘메디플라워 퍼퓸 스토리즈 핸드크림 3종세트’는 2620원에 구매할 수 있다. 또 매년 설 시즌마다 고객들이 많이 검색하고 찾은 상품 데이터를 기반으로 ‘HOT 키워드’ 8개를 선정해 각 키워드별 대표상품을 최대 50% 저렴한 가격에 선보인다. ▲한우 ▲건강식품 ▲한복 ▲과일 ▲스팸/햄 ▲샴푸/바디/치약 ▲화장품 ▲주방가전/용품이 해당된다. 명절선물 사전구매 고객 중에는 법인이나 대량구매 고객들의 수요 또한 높은 편이다. 대량구매 고객들을 위한 ‘설 선물세트 대량구매 OK캐쉬백 최대 15% 적립’ 기획전도 마련해 ‘동원선물세트’ 10종, ‘사조선물세트’ 15종, ‘순수식품 선물세트’ 14종 구매 시 OK캐쉬백 15% 적립 혜택을 제공한다. 이번 설 명절은 이틀 휴가를 붙여 쓰면 최대 9일까지 쉴 수 있다. 올해의 최대 황금연휴인 설을 맞아 휴가 계획을 세우는 직장인들을 위한 ‘완벽한 설연휴 준비’ 기획전도 마련했다. 국내숙박, 해외여행, 각종 놀거리 티켓 등을 최대 15% 할인가에 판매한다.   soul@sportsseoul.com▶스포츠서울 공식 페이스북▶팟캐스트 '스포츠서울 야구 X파일'▶스포츠서울 공식 유튜브 채널[기사제보 news@sportsseoul.com]  Copyright ⓒ 스포츠서울&amp;sportsseoul.com ]",[],http://www.inven.co.kr/webzine/news/?news=213616&site=msi,https://n.news.naver.com/mnews/article/468/0000463264?sid=101
2019.01.21.,인벤,,"MSI, 맞춤 보다 저렴한 게이밍 PC 11번가에서 기획전 열어",,,http://www.inven.co.kr/webzine/news/?news=213571,http://www.digitaltoday.co.kr/
2019.01.14.,인더뉴스,,"11번가, 황금돼지해 맞아 ‘2019 인싸템’ 선봬",,,http://www.inthenews.co.kr/news/article.html?no=12732,https://sports.khan.co.kr/
2019.01.02.,인벤,IT/과학,"MSI, 맞춤 보다 저렴한 게이밍 PC 11번가에서 기획전 열어","[    부활을 선언한 ‘스카이’가 먼저 무선 이어폰으로 돌아온다. ‘팬택’ 브랜드를 인수한 착한텔레콤은 오픈마켓 11번가에서 완전무선 이어폰 ‘스카이 핏 프로’ 사전예약판매를 진행한다고 21일 밝혔다.    스카이 핏 프로‘스카이 핏 프로’는 블루투스 5.0 기반에 8㎜ 다이내믹 드라이버를 채택해 스튜디오 원본 음질을 제공하는 하이파이 오디오를 지원한다. 이어폰 양쪽에 노이즈(잡음) 제거 기능을 갖춘 듀얼마이크를 장착해 깨끗한 통화 품질도 제공한다. 무게는 4.9g이며 6시간 연속 재생이 가능하다. 특히 ‘멀티 버튼’을 탑재해 볼륨 조절과 곡 전환이 가능하며 스마트폰 음성인식 서비스인 애플 시리·구글 어시스턴트도 호출할 수 있다. 공식 판매 가격은 5만 9900원. 사전예약을 하면 싱글팩(1개 제품)은 10% 할인된 5만 3900원에, 커플팩(2개 제품)은 18% 할인된 9만 9000원에 구매할 수 있다. 착한텔레콤은 “기존 20만원 안팎의 대기업 제품과는 가격 차별화를, 2만~3만원대 중국 브랜드와는 성능 차별화를 추구했다”고 설명했다.박종일 착한텔레콤 대표는 “스카이의 첫 복귀작인 스카이 핏 프로는 타사 제품에 비해 품질은 높이고 가격은 낮추는 전략으로 더 많은 고객들에게 스카이의 부활을 알리고 싶다”고 밝혔다. 한편, 착한텔레콤은 스카이 폴더폰 1종과 스마트폰 1종을 올 상반기에 출시할 예정이다. .폴더폰은 4G LTE 모델과 3G 모델 두가지 버전으로 오는 4월 출시 예정이며 출고가는 10만원대 중반이 될 것으로 보인다.스마트폰은 ‘스카이원’이라는 프로젝트명으로 개발되고 있으며 15.24㎝(6인치) 디스플레이와 퀄컴 스냅드래곤6 시리즈가 장착될 것으로 보인다. 가격은 20만~30만원대가 유력하며, 출시시점은 5~6월이다.조진호 기자 ftw@kyunghyang.com▶ [스포츠경향 인기 무료만화 보기]▶ [지금 옆사람이 보고있는 뉴스]©스포츠경향(sports.khan.co.kr), 무단전재 및 재배포 금지   ]",[],http://www.inven.co.kr/webzine/news/?news=213571,https://n.news.naver.com/mnews/article/144/0000592366?sid=105
2019.01.24.,인더뉴스,,"11번가, 황금돼지해 맞아 ‘2019 인싸템’ 선봬",,,http://www.inthenews.co.kr/news/article.html?no=12732,http://www.lawissue.co.kr
2019.01.11.,뉴스투데이,,"[뉴스투데이 E] 11번가, 워너원 공식 콘서트 굿즈 22종 단독 판매",,,http://www.news2day.co.kr/117940,http://www.mk.co.kr/
2019.01.01.,NSP통신,경제,"경기도, 취약계층 선발 ‘오픈마켓 창업교육’ 실시","[     [사진 제공 : 11번가]  11번가는 2일 오후 2시부터 아이돌그룹 워너원의 2019년 콘서트 'Therefore'의 공식 콘서트 굿즈 22종을 단독 예약판매한다고 밝혔다.굿즈로는 ▲공식 응원봉 ▲파우치 ▲머플러 ▲와펜·배지 세트 ▲명찰 ▲엽서 ▲티셔츠 ▲키링 등이 있으며, 제작과 판매는 종합디자인 회사 로운컴퍼니가 맡았다. 상품 배송은 오는 21일부터 일괄적으로 시작하며, 결제 시 현장수령을 선택하면 원하는 콘서트 날짜에 맞춰 콘서트장 인근에서 상품을 받을 수 있다.이번 워너원 공식 콘서트 굿즈는 11번가외 콘서트 현장판매를 통해서도 구입할 수 있으며, 워너원 리멤버세트(11만원, 배지 16개, 인화사진, 삽지, 패키지케이스)는 11번가에서만 판매한다.또 11번가는 한류 열풍에 힘입어 한국 아이돌 굿즈를 구매하려는 해외 팬을 위해 글로벌11번가에서도 아이돌 굿즈를 판매하고 있으며, 워너원 공식 콘서트 굿즈는 영문과 중문 서비스를 이용해 해외에서도 구입 가능하다.'Therefore'는 이달 24일부터 27일까지 4일 동안 고척 스카이돔에서 열린다.[디지털뉴스국 배윤경 기자]▶매경 뉴스레터 '매콤달콤'을 지금 구독하세요▶뉴스 이상의 무궁무진한 프리미엄 읽을거리[ⓒ 매일경제 &amp; mk.co.kr, 무단전재 및 재배포 금지]   ]",[],http://www.nspna.com/news/?mode=view&newsid=333504,https://n.news.naver.com/mnews/article/009/0004281413?sid=101
2019.01.21.,텐아시아,,"‘언더나인틴’, 2월 ‘파이널 콘서트’ 개최",,,http://www.tenasia.co.kr/archives/1642907,http://www.dailysmart.co.kr
2019.01.17.,문화일보,,차준택 부평구청장 “한때 가장 번화했던 원도심… 활력 되찾는 토대 마련할것...,,,http://www.munhwa.com/news/view.html?no=2019011701071527318002,http://wikileaks-kr.org
2019-01-07 14:49:28,이데일리,,"아침햇살, 출시 20주년 기념 ‘200원 기프티콘’ 이벤트",,,http://www.edaily.co.kr/news/newspath.asp?newsid=01918806622359032,http://biz.chosun.com/
2019-01-21 14:17:56,서울와이어,경제,"LG케어솔루션, '헬스케어몰' 신년 맞이 정수기, 공기청정기 등 11번가 특별행...","[    11번가는 황금돼지해를 맞아 1월 한 달간 ‘11번가와 함께, 새해엔 다 돼지!’ 행사를 열고, 올 한해 유행할 것으로 보이는 상품들을 판매할 예정이라고 1일 밝혔다.    11번가는 1일부터 11일까지 입소문으로 인기를 끌고 있는 아이템들을 판매할 예정이다. 행사 첫날에는 뉴트로지나의 LED 마스크·액티베이터를 4만9900원에 선보인다. 2일에는 LG전자 스타일러, 3일에는 오뚜기 쇠고기미역국 라면을 내놓는다.이외에도 필터교체형 황사마스크, 믹서기 텀블러, 리빙코랄색 화장품과 워너원 보조배터리, 청년떡집의 신상떡, 바디럽의 마약베개, 빙그레의 귤맛 우유 등 온라인 인기상품과 펩시의 레트로 에디션, 브리츠의 앤틱 블루투스 스피커 등 복고상품을 판매한다.11번가는 1~11일까지 매일 카테고리별로 할인 혜택을 주는 '골든 세일'도 실시한다. 1일엔 패션, 2일엔 화장품, 3일엔 식음료, 4일엔 해외직구상품 등을 할인한다. 5일에는 '어린이데이', 11일에는 '11번가 데이' 행사도 준비했다.11번가 측은 ""‘인싸템'(그룹 내 주류인 인사이더의 아이템이라는 준말)’ 판매를 시작으로 올 한 해 쇼핑상품을 다양화하겠다""고 밝혔다.[안소영 기자 seenrun@chosunbiz.com]chosunbiz.com   ]",[],http://www.seoulwire.com/news/articleView.html?idxno=50806,https://n.news.naver.com/mnews/article/366/0000423540?sid=101
2019-01-02 08:56:04,강원도민일보,,[원주]원주시네마 11번가 야간 꽃밭,,,http://www.kado.net/?mod=news&act=articleView&idxno=947208,http://news1.kr/
2019-01-01 09:02:50,씨넷코리아,사회,"프리즘코리아,사운드바 일체형TV 할인 이벤트","[ 2월 교육기관 선정, 3월부터 실무교육 진행    경기도청/© 뉴스1(경기=뉴스1) 송용환 기자 = 경기도는 3월부터 12월까지 장애인 등 취약계층 50명을 대상을 ‘오픈마켓 창업교육’을 실시한다고 21일 밝혔다. 오픈마켓은 G마켓이나 11번가 등 온라인상에서 상품을 등록해 판매하는 전자상거래 사이트로, 적은 자본에 점포가 없어도 창업이 가능하다는 장점이 있다. 창업교육은 Δ오픈마켓 쇼핑몰 등록 Δ판매제품 주문 교육 Δ사업자등록 신고 Δ노출마케팅 및 1:1 실전판매 교육 등으로 구성된다.도는 2월 중 교육기관을 선정하고 3월부터는 선정된 기관별로 교육생을 모집해 실무교육을 할 예정이다. 지난해의 경우 5개 교육기관이 75명을 대상으로 교육을 실시해 42명이 사업자등록을 하고 오픈마켓에서 상품을 판매했다. 도는 올해도 취약계층 대상 IT교육 역량을 갖춘 비영리법인 등 교육기관 5곳을 선정해 전문 강사와 보조강사, 상품판매 솔루션 등을 지원할 예정이다.도 관계자는 “취약계층이 오픈마켓 창업을 통해 경제적 자립을 이룰 수 있도록 적극 지원할 것”이라고 말했다.syh@news1.kr▶ [ 크립토허브 ]  [ 터닝포인트 2019 ] ▶ 에어팟&amp;스타벅스 커피 경품(~1/25)[© 뉴스1코리아(news1.kr), 무단 전재 및 재배포 금지] ]",[],https://www.cnet.co.kr/view/?no=20190122101138,https://n.news.naver.com/mnews/article/421/0003794876?sid=102
2019-01-21 10:15:25,케이벤치,,"스카이, 무선이어폰으로 돌아오다 ‘스카이 핏 프로’",,,http://kbench.com/?q=node/195444,http://www.inven.co.kr
None,이투데이,,[기해년 빛낼 ‘돼지띠 CEO’] 이상호 11번가 대표,[],[],http://www.etoday.co.kr/news/section/newsview.php?idxno=1706115,https://sports.news.naver.com/news.nhn?oid=442&aid=0000093079
2019.01.11.,EBN,,"11번가, 워너원 공식 콘서트 굿즈 단독 판매",,,http://www.ebn.co.kr/news/view/967361,http://wikileaks-kr.org
2019.01.01.,베타뉴스,,"프리즘코리아, 사운드바 일체형 UHD TV ‘PT65SUHD’ 출시",,,http://www.betanews.net:8080/article/963987.html,http://biz.chosun.com/
2019.01.08.,케이벤치,경제,"젠하이저, 11번가에서 ‘모멘텀 트루 와이어리스’ 이벤트 진행","[    11번가는 황금돼지해를 맞아 1월 한 달간 ‘11번가와 함께, 새해엔 다 돼지!’ 행사를 열고, 올 한해 유행할 것으로 보이는 상품들을 판매할 예정이라고 1일 밝혔다.    11번가는 1일부터 11일까지 입소문으로 인기를 끌고 있는 아이템들을 판매할 예정이다. 행사 첫날에는 뉴트로지나의 LED 마스크·액티베이터를 4만9900원에 선보인다. 2일에는 LG전자 스타일러, 3일에는 오뚜기 쇠고기미역국 라면을 내놓는다.이외에도 필터교체형 황사마스크, 믹서기 텀블러, 리빙코랄색 화장품과 워너원 보조배터리, 청년떡집의 신상떡, 바디럽의 마약베개, 빙그레의 귤맛 우유 등 온라인 인기상품과 펩시의 레트로 에디션, 브리츠의 앤틱 블루투스 스피커 등 복고상품을 판매한다.11번가는 1~11일까지 매일 카테고리별로 할인 혜택을 주는 '골든 세일'도 실시한다. 1일엔 패션, 2일엔 화장품, 3일엔 식음료, 4일엔 해외직구상품 등을 할인한다. 5일에는 '어린이데이', 11일에는 '11번가 데이' 행사도 준비했다.11번가 측은 ""‘인싸템'(그룹 내 주류인 인사이더의 아이템이라는 준말)’ 판매를 시작으로 올 한 해 쇼핑상품을 다양화하겠다""고 밝혔다.[안소영 기자 seenrun@chosunbiz.com]chosunbiz.com   ]",[],http://kbench.com/?q=node/195115,https://n.news.naver.com/mnews/article/366/0000423540?sid=101
2019.01.21.,디지털타임스,,`심박수 추적` 화웨이 웨어러블 밴드,,,http://www.dt.co.kr/contents.html?article_no=2019011402109931032005&ref=naver,http://www.newspim.com
2019.01.21.,쿠키뉴스,,[식음료 단신] 웅진식품·다향오리,,,http://www.kukinews.com/news/article.html?no=623843,http://news1.kr/
2019.01.07.,뉴스1,사회,필립스 청소기로 집안 미세먼지 잡고 100%당첨 경품까지,"[ 2월 교육기관 선정, 3월부터 실무교육 진행    경기도청/© 뉴스1(경기=뉴스1) 송용환 기자 = 경기도는 3월부터 12월까지 장애인 등 취약계층 50명을 대상을 ‘오픈마켓 창업교육’을 실시한다고 21일 밝혔다. 오픈마켓은 G마켓이나 11번가 등 온라인상에서 상품을 등록해 판매하는 전자상거래 사이트로, 적은 자본에 점포가 없어도 창업이 가능하다는 장점이 있다. 창업교육은 Δ오픈마켓 쇼핑몰 등록 Δ판매제품 주문 교육 Δ사업자등록 신고 Δ노출마케팅 및 1:1 실전판매 교육 등으로 구성된다.도는 2월 중 교육기관을 선정하고 3월부터는 선정된 기관별로 교육생을 모집해 실무교육을 할 예정이다. 지난해의 경우 5개 교육기관이 75명을 대상으로 교육을 실시해 42명이 사업자등록을 하고 오픈마켓에서 상품을 판매했다. 도는 올해도 취약계층 대상 IT교육 역량을 갖춘 비영리법인 등 교육기관 5곳을 선정해 전문 강사와 보조강사, 상품판매 솔루션 등을 지원할 예정이다.도 관계자는 “취약계층이 오픈마켓 창업을 통해 경제적 자립을 이룰 수 있도록 적극 지원할 것”이라고 말했다.syh@news1.kr▶ [ 크립토허브 ]  [ 터닝포인트 2019 ] ▶ 에어팟&amp;스타벅스 커피 경품(~1/25)[© 뉴스1코리아(news1.kr), 무단 전재 및 재배포 금지] ]",[],http://news1.kr/articles/?3524967,https://n.news.naver.com/mnews/article/421/0003794876?sid=102
2019.01.17.,기호일보,,"경기도, 취약계층 온라인 마케터 육성 교육 추진",,,http://www.kihoilbo.co.kr/?mod=news&act=articleView&idxno=788340,http://www.mt.co.kr/
15면 3단,조선비즈언론사 선정,IT/과학,'화장 대결' 나선 초등학생...외모 경쟁에 학부모 골머리,"[    [머니투데이 박효주 기자] [블루투스 기반 '스카이 핏 프로' 28일 출시…판매가 5만9900원]     /사진=착한텔레콤다시 돌아온 스카이(SKY) 브랜드의 첫 제품은 블루투스 기반의 완전무선 이어폰이다. 착한텔레콤은 11번가와 함께 완전무선 이어폰 '스카이 핏 프로'의 사전예약을 실시한다고 21일 밝혔다. 제품은 8mm 다이내믹 드라이버와 잡음 제거를 위한 듀얼 마이크를 장착했다. 최대 6시간 연속 재생이 가능하고, 충전보관함을 사용하면 최대 24시간 사용할 수 있다. 이어폰 무게는 4.9g이다. 다른 무선 이어폰과의 가장 큰 차이점은 '멀티 버튼'이다. 제품은 3개의 버튼을 내장해, 손쉽게 음량조절 및 재생 등을 제어할 수 있다. 멀티 버튼을 통해 스마트폰의 음성인식 서비스인 애플의 시리, 구글의 어시스턴트 호출도 가능하다.공식 판매 가격은 5만9900원이며 11번가의 사전 예약을 통해 최대 18%의 할인이 제공된다. 제품 출시는 오는 28일이다.박종일 착한텔레콤 대표는 ""기존 20만원 안팎의 대기업 제품과는 가격 차별화를, 2~3만원대의 중국 브랜드와는 성능 차별화를 추구했다""며 ""스카이의 첫 복귀작인 스카이 핏 프로로 많은 고객에게 스카이의 부활을 알리고 싶다""고 말했다.▶창립20주년 기획 '영리더'▶남기자의 체헐리즘 모아보기 ▶뉴스는 머니투데이 박효주 기자 app@&lt;저작권자 ⓒ '돈이 보이는 리얼타임 뉴스' 머니투데이, 무단전재 및 재배포 금지&gt;  ]",[''],http://biz.chosun.com/site/data/html_dir/2019/01/28/2019012801876.html,https://n.news.naver.com/mnews/article/008/0004162948?sid=105
2019.01.24.,뉴스1,,필립스 청소기로 집안 미세먼지 잡고 100%당첨 경품까지,,,http://news1.kr/articles/?3524967,http://www.insight.co.kr
2019.01.02.,기호일보,,"경기도, 취약계층 온라인 마케터 육성 교육 추진",,,http://www.kihoilbo.co.kr/?mod=news&act=articleView&idxno=788340,http://www.inven.co.kr
2019-01-01 09:02:50,조선비즈언론사 선정,,'화장 대결' 나선 초등학생...외모 경쟁에 학부모 골머리,[],[],http://biz.chosun.com/site/data/html_dir/2019/01/28/2019012801876.html,https://sports.news.naver.com/news.nhn?oid=442&aid=0000093079
2019-01-21 10:15:25,파이낸셜뉴스,,"패션업계 온라인몰, 킬러 콘텐츠 육성 '차별화' 주력",,,http://www.fnnews.com/news/201901241644204352,http://www.etnews.com
2019-01-21 11:37:00,아주경제,IT/과학,"11번가-웅진렌탈, 연말연시 사은품 증정 이벤트 진행","[    11번가가 다음달 오프라인 고객센터 'V센터' 운영을 종료한다. e커머스 서비스 고도화로 오프라인 센터 이용자가 지속 감소하면서 운영 효율이 급감했기 때문이다. 11번가는 올해 SK텔레콤 가입자에게 모바일 쇼핑 데이터 요금을 지원한 '데이터프리'와 V센터 폐지를 결정하면서 서비스 개선에 나섰다.    11번가 모바일 이메일 문의하기 서비스14일 유통업계에 따르면 11번가는 다음달 서울 구로구와 대구 중구에 각각 구축한 V센터 운영을 종료한다. 2016년 6월 문을 연 후 2년 7개월여 만이다.11번가는 당초 전국에 10개 이상 V센터를 구축하겠다고 밝혔다. 전국 주요 거점에 고객 점접을 마련해 한층 빠른 서비스를 제공한다는 계획을 제시했다. 하지만 고객 접근성이 해당 지역에만 한정된다는 한계에 봉착했다. 모바일 메신저 등 비대면 서비스 고도화도 오프라인 센터 방문자 감소 요인이다. 현재 V센터 고객 문의 처리 건수는 월 수십건에 불과한 것으로 알려졌다.11번가 관계자는 “고객 문의 채널을 효율적으로 운영하기 위해 V센터 종료를 결정했다”면서 “다양한 고객 문의에 응대할 수 있는 추가 채널을 고민 중”이라고 설명했다.11번가는 지난해 말 '모바일 이메일 문의하기'를 신설했다. 서비스 오픈 이후 약 1달간 기존 모바일 메신저 상담 서비스를 보완했다. 올해는 모바일에서 한층 차별화된 고객 상담 서비스 모델을 선보일 계획이다.11번가는 다음달 SK텔레콤 가입자에게 제공한 쇼핑 데이터 무료 서비스 '데이터 프리'도 종료한다. 2014년 서비스 출시 당시와 비교해 무제한 데이터 요금제를 이용하는 고객이 폭증하면서 사실상 유명무실한 혜택으로 전락했다.11번가는 한층 간결한 쇼핑 프로세스를 구현해 모바일쇼핑 수요를 흡수할 계획이다. 사용자환경(UI)과 사용자경험(UX)을 지속 개선해 쇼핑 편의 극대화를 노린다.실제 지난해 10월 11번가 모바일 채널에 'T멤버십' 상시 할인 탭을 선보였다. SK텔레콤 가입자에게 실질적 혜택을 제공하기 위함이다. 매월 11일 '11번가 데이'에는 T멤버십으로 최대 22% 할인 구매할 수 있는 상품도 선보인다.윤희석 유통 전문기자 pioneer@etnews.com▶ 네이버 모바일에서 [전자신문] 채널 구독하기▶ 전자신문 바로가기 [Copyright ⓒ 전자신문 &amp; 전자신문인터넷, 무단전재 및 재배포 금지] ]",[],http://www.ajunews.com/view/20190103160006720,https://n.news.naver.com/mnews/article/030/0002775617?sid=105
None,CCTV뉴스,,"프리즘코리아, 사운드바 일체형 TV 출시기념 특가 프로모션 진행",,,http://www.cctvnews.co.kr/news/articleView.html?idxno=101154,http://www.digitaltoday.co.kr/
2019-01-14 14:05:19,녹색경제신문,,네이버 '자급제폰' 판매 '가세' 위협적인 이유...11번가·이베이 등 오픈마켓...,,,http://www.greened.kr/news/articleView.html?idxno=89863,http://www.fnnews.com/
2019-01-02 14:20:31,디스이즈게임,경제,"최신 게임도 쌩쌩! 맞춤 PC보다 저렴한 MSI 게이밍 PC, 11번가 단독 기획전","[ -이날부터 22종 제품 판매...21일 부터 일괄 배송               11번가는 아이돌그룹 워너원(Wanna One)의 2019년 콘서트 'Therefore'의 공식 콘서트 굿즈를 단독 예약판매한다고 2일 밝혔다.  이날부터 공식 응원봉과 파우치, 머플러, 와펜·배지 세트, 명찰, 엽서, 티셔츠, 키링 등 다양한 종류의 상품 22종을 판매한다. 제작과 판매는 종합디자인 회사 ㈜로운컴퍼니가 맡았으며 상품 배송은 21일부터 일괄 진행된다. 결제 시 현장수령을 선택하면 원하는 콘서트 날짜에 맞춰 현장에서 상품을 받을 수도 있다.  특히, 한류 열풍에 힘입어 한국 아이돌 굿즈를 구매하려는 해외 팬들을 위해 11번가와 글로벌11번가를 통해 동시 판매를 진행하고 있다. 글로벌11번가에서는 영문과 중문으로 판매가 진행된다.   fnkhy@fnnews.com 김호연 기자   ▶ 세상의 모든 골 때리는 이야기 'fn파스'▶ 속보이는 연예뉴스 fn스타  ※ 저작권자 ⓒ 파이낸셜뉴스. 무단 전재-재배포 금지   ]",[],http://www.thisisgame.com/webzine/game/nboard/225/?n=90398&utm_source=naver&utm_medium=outlink&utm_campaign=thisisgame&utm_content=90398&nogate,https://n.news.naver.com/mnews/article/014/0004153655?sid=101
2019.01.08.,공감신문,,"LG케어솔루션, '헬스케어몰' 11번가서 정수기, 공기청정기 렌탈 이벤트 개최",,,http://www.gokorea.kr/news/articleView.html?idxno=82854,http://www.newsway.kr
2019.01.21.,뉴스웍스,,"스카이, 무선이어폰으로 돌아오다...'스카이 핏 프로'",,,http://www.newsworks.co.kr/news/articleView.html?idxno=329291,http://www.fnnews.com/
15면 3단,강원일보,IT/과학,[원주]시네마 11번가 조명 설치,"[              착한텔레콤 11번가와 함께 완전무선 이어폰 ‘스카이 핏 프로 (SKY Fit pro)’의 사전예약을 실시한다고 21일 밝혔다.  스카이 핏 프로는 블루투스 5.0 기반에 8mm 다이내믹 드라이버를 채택했다. 이어폰 양쪽에 노이즈(잡음)를 제거한 듀얼마이크를 장착해 통화 품질도 깨끗하다. 무게는 4.9g으로 가볍고 6시간 연속 재생에 충전크래들 이용시 최대 24시간을 쓸 수 있다.  다른 무선이어폰과의 가장 큰 차이점은 ‘멀티 버튼’이다. 기존 무선이어폰은 버튼 하나로 전화 연결 및 음악 재생만을 컨트롤 할 수 있지만, 스카이 핏 프로는 3개의 버튼을 탑재하여 볼륨 조절 및 다음곡과 전곡 전환이 가능하다. 멀티 버튼을 통해 스마트폰의 음성인식 서비스인 애플의 시리(Siri), 구글의 어시스턴트(Assistant)를 호출할 수 있다.  스카이 핏 프로의 경쟁력은 ‘가성비(가격 대비 성능)’이다. 공식 판매 가격은 5만9900원이며 11번가의 사전 예약을 통해 최대 18%의 할인이 제공된다. 싱글팩(1개 제품)은 10% 할인된 5만3900원, 커플팩(2개 제품)은 18% 할인된 9만9000원으로 살 수 있다. 사전예약 할인 혜택은 27일까지다. 28일부터는 주요 온라인쇼핑몰 및 스카이 브랜드 사이트, 전국 스카이서비스센터를 통해 살 수 있다.  박종일 착한텔레콤 대표는 “선이 없는 무선이어폰 시장은 전년 대비 2배 이상으로 급성장 하고 있으며 삼성전자와 애플을 비롯해 샤오미, 모토로라와 같은 스마트폰 제조사들도 경쟁적으로 뛰어들고 있다”며 “스카이의 첫 복귀작인 스카이 핏 프로는 타사 제품에 비해 품질은 높이고 가격은 낮추는 전략으로 더 많은 고객들에게 스카이의 부활을 알리고 싶다”고 밝혔다.   ksh@fnnews.com 김성환 기자   ▶ 세상의 모든 골 때리는 이야기 'fn파스'▶ 속보이는 연예뉴스 fn스타  ※ 저작권자 ⓒ 파이낸셜뉴스. 무단 전재-재배포 금지   ]","['더럽게 비싸네. 동급성능의 유사모델 중국 qcy 2만원이면 산다. 어차피 이것도 중국에서 제조한거 아니냐?', '2만원이면 산다', '저 정도는 중국거 39000 아닌가 ? 시장을 모르시나봐 ㅠㅠ', '뭐지 스카이캐슬의 인기에 편승한 제품인가...']",http://www.kwnews.co.kr/view.asp?aid=219010600036&s=501,https://n.news.naver.com/mnews/article/014/0004163849?sid=105
2019.01.24.,조세금융신문,,[컨콜] SKT “약정할인 직격탄…하반기 반등 모색”,,,http://www.tfnews.co.kr/news/article.html?no=60816,http://www.etnews.com
2019.01.11.,비즈트리뷴,IT/과학,"11번가, ‘2019 인싸템’으로 쇼핑콘텐츠 강화...인기 아이템만 골라 할인판매","[    11번가가 다음달 오프라인 고객센터 'V센터' 운영을 종료한다. e커머스 서비스 고도화로 오프라인 센터 이용자가 지속 감소하면서 운영 효율이 급감했기 때문이다. 11번가는 올해 SK텔레콤 가입자에게 모바일 쇼핑 데이터 요금을 지원한 '데이터프리'와 V센터 폐지를 결정하면서 서비스 개선에 나섰다.    11번가 모바일 이메일 문의하기 서비스14일 유통업계에 따르면 11번가는 다음달 서울 구로구와 대구 중구에 각각 구축한 V센터 운영을 종료한다. 2016년 6월 문을 연 후 2년 7개월여 만이다.11번가는 당초 전국에 10개 이상 V센터를 구축하겠다고 밝혔다. 전국 주요 거점에 고객 점접을 마련해 한층 빠른 서비스를 제공한다는 계획을 제시했다. 하지만 고객 접근성이 해당 지역에만 한정된다는 한계에 봉착했다. 모바일 메신저 등 비대면 서비스 고도화도 오프라인 센터 방문자 감소 요인이다. 현재 V센터 고객 문의 처리 건수는 월 수십건에 불과한 것으로 알려졌다.11번가 관계자는 “고객 문의 채널을 효율적으로 운영하기 위해 V센터 종료를 결정했다”면서 “다양한 고객 문의에 응대할 수 있는 추가 채널을 고민 중”이라고 설명했다.11번가는 지난해 말 '모바일 이메일 문의하기'를 신설했다. 서비스 오픈 이후 약 1달간 기존 모바일 메신저 상담 서비스를 보완했다. 올해는 모바일에서 한층 차별화된 고객 상담 서비스 모델을 선보일 계획이다.11번가는 다음달 SK텔레콤 가입자에게 제공한 쇼핑 데이터 무료 서비스 '데이터 프리'도 종료한다. 2014년 서비스 출시 당시와 비교해 무제한 데이터 요금제를 이용하는 고객이 폭증하면서 사실상 유명무실한 혜택으로 전락했다.11번가는 한층 간결한 쇼핑 프로세스를 구현해 모바일쇼핑 수요를 흡수할 계획이다. 사용자환경(UI)과 사용자경험(UX)을 지속 개선해 쇼핑 편의 극대화를 노린다.실제 지난해 10월 11번가 모바일 채널에 'T멤버십' 상시 할인 탭을 선보였다. SK텔레콤 가입자에게 실질적 혜택을 제공하기 위함이다. 매월 11일 '11번가 데이'에는 T멤버십으로 최대 22% 할인 구매할 수 있는 상품도 선보인다.윤희석 유통 전문기자 pioneer@etnews.com▶ 네이버 모바일에서 [전자신문] 채널 구독하기▶ 전자신문 바로가기 [Copyright ⓒ 전자신문 &amp; 전자신문인터넷, 무단전재 및 재배포 금지] ]",[],http://biztribune.co.kr/news/view.php?no=90727,https://n.news.naver.com/mnews/article/030/0002775617?sid=105
2019.01.02.,세계일보,,11번가 신년맞이 다이어트 프로그램 실시,,,http://www.segye.com/content/html/2018/12/31/20181231004123.html?OutUrl=naver,http://www.digitaltoday.co.kr/
2019.01.15.,머니S,,"화웨이, 태블릿 M5 10·웨어러블 밴드3 프로 출시",,,http://moneys.mt.co.kr/news/mwView.php?no=2019011414138010776,http://www.newsworks.co.kr/
2019.01.01.,매일일보,,"웅진렌탈, 11번가와 사은품 증정 이벤트 실시",,,http://www.m-i.kr/news/articleView.html?idxno=484773,http://www.fnnews.com/
2019.01.07.,에너지경제,경제,"스카이, 복귀 후 첫 제품…무선 이어폰 ‘스카이 핏 프로’ 선봬","[ -이날부터 22종 제품 판매...21일 부터 일괄 배송               11번가는 아이돌그룹 워너원(Wanna One)의 2019년 콘서트 'Therefore'의 공식 콘서트 굿즈를 단독 예약판매한다고 2일 밝혔다.  이날부터 공식 응원봉과 파우치, 머플러, 와펜·배지 세트, 명찰, 엽서, 티셔츠, 키링 등 다양한 종류의 상품 22종을 판매한다. 제작과 판매는 종합디자인 회사 ㈜로운컴퍼니가 맡았으며 상품 배송은 21일부터 일괄 진행된다. 결제 시 현장수령을 선택하면 원하는 콘서트 날짜에 맞춰 현장에서 상품을 받을 수도 있다.  특히, 한류 열풍에 힘입어 한국 아이돌 굿즈를 구매하려는 해외 팬들을 위해 11번가와 글로벌11번가를 통해 동시 판매를 진행하고 있다. 글로벌11번가에서는 영문과 중문으로 판매가 진행된다.   fnkhy@fnnews.com 김호연 기자   ▶ 세상의 모든 골 때리는 이야기 'fn파스'▶ 속보이는 연예뉴스 fn스타  ※ 저작권자 ⓒ 파이낸셜뉴스. 무단 전재-재배포 금지   ]",[],http://www.ekn.kr/news/article.html?no=410653,https://n.news.naver.com/mnews/article/014/0004153655?sid=101
2019.01.17.,매일일보,,"경기도, 장애인과 취약계층 선발 '오픈마켓 창업교육' 진행",,,http://www.m-i.kr/news/articleView.html?idxno=489463,http://www.kbench.com/
2019-01-21 09:23:03,아시아경제,,"""이날만 이 가격에 드려요""…온라인몰 '데이' 마케팅 전성시대",,,http://view.asiae.co.kr/news/view.htm?idxno=2019011309071433347,http://news1.kr/
2019-01-14 14:05:19,세계일보,경제,"11번가, 보이그룹 워너원 2019년 콘서트 단독 예약판매","[     11번가, 2019 인싸템 행사 © News1(서울=뉴스1) 정혜민 기자 = 11번가는 새해 첫 할인행사로 1일~11일 오전 11시 뉴트로지나의 'LED 마스크+액티베이터' 'LG전자 스타일러' 등 인기상품을 저렴하게 선보인다고 31일 밝혔다.행사 첫날인 1일에는 가성비 좋은 LED 마스크로 입소문이 난 뉴트로지나의 'LED 마스크+액티베이터'를 4만9900원에 판매한다. 이어 '워너비 가전'인 LG전자 스타일러(2일), 히트상품으로 떠오른 오뚜기 '쇠고기미역국 라면'(3일)을 비롯해 히말라야 핑크 소금, LG전자 의류건조기, 필터교체형 황사마스크, 탈모치료기, 믹서기 텀블러 등 매일 다른 인기제품을 선보인다.아울러 색채전문기업 팬톤이 선정한 올해의 색 '리빙 코랄'을 담은 메이크업 제품을 비롯해 워너원 보조배터리, 청년떡집의 신상떡, 바디럽의 마약베개, 빙그레 '귤맛 우유’ 등 SNS 인기 아이템을 할인해 제공한다. 최근 유행인 '뉴트로' 아이템도 선보인다. 펩시 '레트로 에디션', 브리츠 '앤틱 블루투스 스피커', 수제 달고나 만들기 세트 등이다.김주희 11번가 사업운영담당은 ""새해에도 11번가가 쇼핑의 주도권을 이끌 수 있도록 객들이 궁금해하고 사고 싶어 하는 유행 아이템의 쇼핑정보를 11번가에서 제공하겠다""며 ""새해에도 풍성한 할인 혜택으로 고객에게 다가가겠다""고 말했다.hemingway@news1.kr▶ [ 크립토허브 ]  [ 터닝포인트 2019 ] ▶ 에어팟&amp;스타벅스 커피 경품(~1/25)[© 뉴스1코리아(news1.kr), 무단 전재 및 재배포 금지] ]",[],http://www.segye.com/content/html/2019/01/02/20190102004202.html?OutUrl=naver,https://n.news.naver.com/mnews/article/421/0003764283?sid=101
2019-01-02 14:20:31,아시아경제,,"""이날만 이 가격에 드려요""…온라인몰 '데이' 마케팅 전성시대",,,http://view.asiae.co.kr/news/view.htm?idxno=2019011309071433347,http://www.enewstoday.co.kr/
2019-01-01 09:00:00,아주경제,,"화웨이, 미디어패드M5 10·화웨이 밴드 3 프로 출시",,,http://www.ajunews.com/view/20190114153509273,http://it.chosun.com/
2019.01.01.,세계일보,,"11번가, 보이그룹 워너원 2019년 콘서트 단독 예약판매",,,http://www.segye.com/content/html/2019/01/02/20190102004202.html?OutUrl=naver,http://news1.kr/
2019.01.07.,내일신문,경제,'아침햇살' 기프티콘 판매,"[     11번가, 2019 인싸템 행사 © News1(서울=뉴스1) 정혜민 기자 = 11번가는 새해 첫 할인행사로 1일~11일 오전 11시 뉴트로지나의 'LED 마스크+액티베이터' 'LG전자 스타일러' 등 인기상품을 저렴하게 선보인다고 31일 밝혔다.행사 첫날인 1일에는 가성비 좋은 LED 마스크로 입소문이 난 뉴트로지나의 'LED 마스크+액티베이터'를 4만9900원에 판매한다. 이어 '워너비 가전'인 LG전자 스타일러(2일), 히트상품으로 떠오른 오뚜기 '쇠고기미역국 라면'(3일)을 비롯해 히말라야 핑크 소금, LG전자 의류건조기, 필터교체형 황사마스크, 탈모치료기, 믹서기 텀블러 등 매일 다른 인기제품을 선보인다.아울러 색채전문기업 팬톤이 선정한 올해의 색 '리빙 코랄'을 담은 메이크업 제품을 비롯해 워너원 보조배터리, 청년떡집의 신상떡, 바디럽의 마약베개, 빙그레 '귤맛 우유’ 등 SNS 인기 아이템을 할인해 제공한다. 최근 유행인 '뉴트로' 아이템도 선보인다. 펩시 '레트로 에디션', 브리츠 '앤틱 블루투스 스피커', 수제 달고나 만들기 세트 등이다.김주희 11번가 사업운영담당은 ""새해에도 11번가가 쇼핑의 주도권을 이끌 수 있도록 객들이 궁금해하고 사고 싶어 하는 유행 아이템의 쇼핑정보를 11번가에서 제공하겠다""며 ""새해에도 풍성한 할인 혜택으로 고객에게 다가가겠다""고 말했다.hemingway@news1.kr▶ [ 크립토허브 ]  [ 터닝포인트 2019 ] ▶ 에어팟&amp;스타벅스 커피 경품(~1/25)[© 뉴스1코리아(news1.kr), 무단 전재 및 재배포 금지] ]",[],http://www.naeil.com/news_view/?id_art=301678,https://n.news.naver.com/mnews/article/421/0003764283?sid=101
2019.01.08.,한국금융경제신문,,"경기도, '취약계층 온라인 마케터 육성 교육' 추진",,,http://www.gvalley.co.kr/562993,http://www.enewstoday.co.kr/
2019.01.17.,케이벤치,,"프리즘코리아, 사운드바 일체형 TV PT65SUHD 출시기념 특가 진행",,,http://kbench.com/?q=node/195507,http://www.getnews.co.kr
2019.01.02.,이투데이,,"인크로스, 국내 이커머스 플랫폼 이용 현황 데이터 발표",,,http://www.etoday.co.kr/news/section/newsview.php?idxno=1712351,http://it.chosun.com/
2019.01.10.,디지털타임스,,이커머스 `충성 고객` 확보 경쟁… 유료 가입자 서비스 잇따라 내놔,,,http://www.dt.co.kr/contents.html?article_no=2019012402101332060001&ref=naver,https://www.moneys.co.kr/
2019.01.11.,문화일보,,‘스카이’ 무선이어폰 사전예약,"[     워너원 공식 콘서트 굿즈 22종 단독 판매_모바일 기획전 화면/사진=11번가 @머니S MNB, 식품 외식 유통 · 프랜차이즈 가맹 &amp; 유망 창업 아이템의 모든 것11번가는 보이그룹 워너원(Wanna One)의 2019년 콘서트 ‘Therefore’의 공식 콘서트 굿즈를 단독 예약판매한다고 2일 밝혔다. 워너원의 2019년 콘서트 ‘Therefore’는 오는 24일부터 27일까지 4일간 고척 스카이돔에서 열린다.11번가는 2일 오후 2시부터 워너원 공식 콘서트 굿즈 22종을 단독으로 예약판매한다. 공식 응원봉과 파우치, 머플러, 와펜·배지 세트, 명찰, 엽서, 티셔츠, 키링 등 다양한 종류의 상품을 오직 11번가에서만 구입할 수 있다. 제작과 판매는 종합디자인회사 로운컴퍼니가 맡았으며 상품 배송은 21일부터 일괄 진행된다. 결제 시 현장수령을 선택하면 원하는 콘서트 날짜에 맞춰 현장에서 상품을 받을 수도 있다.이번 워너원 공식 콘서트 굿즈의 판매는 11번가 외에 콘서트 현장판매를 통해서만 구입할 수 있고  워너원 리멤버세트(11만원, 배지 16개, 인화사진, 삽지, 패키지케이스)는 오직 11번가에서만 판매되는 온라인 단독 상품이다.11번가는 한류 열풍에 힘입어 한국 아이돌 굿즈를 구매하려는 해외 팬들을 위해 11번가와 글로벌11번가를 통해 동시 판매를 진행하고 있다. 워너원 역시 국내뿐 아니라 세계적인 팬덤을 보유해 글로벌11번가를 통한 판매도 영문과 중문으로 동시에 진행된다.지난해 다양한 한류 아이돌 굿즈를 판매해 전 상품 완판 등 뜨거운 반응을 모았던 11번가는 2019년에도 워너원을 시작으로 계속해서 아이돌 굿즈시장을 공략해 간다는 계획이다.김설아 기자 sasa7088@mt.co.kr&lt;저작권자 ⓒ '성공을 꿈꾸는 사람들의 경제 뉴스' 머니S, 무단전재 및 재배포 금지&gt;▶ 고수들의 재테크 비법 ▶ 박학다식 '이건희칼럼'  ]",[],http://www.munhwa.com/news/view.html?no=2019012201032003325001,https://n.news.naver.com/mnews/article/417/0000367836?sid=004
2019.01.18.,Korea IT Times,,자급제폰 유통 시장에 네이버도 나서,,,http://www.koreaittimes.com/news/articleView.html?idxno=88439,http://it.chosun.com/
2019.01.21.,이뉴스투데이,,"화웨이, 밴드3 프로·미디어패드M5 10 국내 출시",,,http://www.enewstoday.co.kr/news/articleView.html?idxno=1262765,http://www.lawissue.co.kr
2019.01.31.,ITWorld,,"인크로스, 국내 이커머스 플랫폼 이용 현황 데이터 발표",,,http://www.itworld.co.kr/news/115236,http://www.it-b.co.kr
2019-01-01 09:00:00,문화일보,,‘스카이’ 무선이어폰 사전예약,,,http://www.munhwa.com/news/view.html?no=2019012201032003325001,http://daily.hankooki.com
2019-01-02 11:02:56,Korea IT Times,,자급제폰 유통 시장에 네이버도 나서,,,http://www.koreaittimes.com/news/articleView.html?idxno=88439,http://www.newspim.com
2019.01.11.,프라임경제,,"""세상에서 가장 작은 노트북"" 에이수스, 올 뉴 젠북 2종 출시",,,http://www.newsprime.co.kr/news/article.html?no=443333,http://www.lawissue.co.kr
2019.01.08.,디지털데일리언론사 선정,,이커머스 100조원 시대… 올해 '물류 전쟁' 본격화,,,http://www.ddaily.co.kr/news/article.html?no=176608,http://www.newsworker.co.kr
2019.01.18.,PC사랑,,"유니씨엔씨, 1월 10일 단 하루, 삼성노트북 Pen NT950QAA-X58A 11번가 긴급공...",,,http://www.ilovepc.co.kr/news/articleView.html?idxno=21332,http://www.it-b.co.kr
2019.01.21.,PC사랑,,"플렉스터, NVMe 기반 고성능 SSD 'M9PeGN 512GB' 11번가 쇼킹딜 초특가 반값 ...",,,http://www.ilovepc.co.kr/news/articleView.html?idxno=21295,http://daily.hankooki.com
2019.01.31.,글로벌이코노믹,,웅진식품 ’아침햇살’ 20주년 기념 기프티콘 이벤트,,,http://www.g-enews.com/ko-kr/news/article/news_all/201901180841233135f6d02acec0_1/article.html,http://www.newspim.com
2019.01.21.,현대경제신문,,"오픈마켓, 유입경로 따라 가격차이 최대 16%",,,http://www.finomy.com/news/articleView.html?idxno=62289,https://www.asiae.co.kr/
2019.01.14.,디지털데일리,경제,"화웨이 ‘밴드3 프로’, 웨어러블 제품 국내 첫 선","[     홍종학 중소벤처기업부 장관이 지난 해 12월 20일 서울 중구 대한상공회의소에서 열린 제로페이 이용확산 결의대회에서 기념촬영을 하고 있다. 제로페이는 매장에 비치된 전용 QR코드를 기존 은행이나 간편결제 애플리케이션(앱)으로 찍으면 소비자 계좌에서 판매자 계좌로 대금이 이체되는 모바일 직거래 결제 시스템이다. /문호남 기자 munonam@[아시아경제 이은결 기자] 카카오페이, KT, 11번가 등이 제로페이 사업에 합류할 것으로 보인다. 중소벤처기업부는 지난 7일부터 18일까지 제로페이 참여 결제사업자와 밴사를 모집한 결과 총 28개 사업자가 신청했다고 21일 밝혔다.지난 해 12월 시범사업에 불참했던 카카오페이와 KT 등 대형 결제사업자가 본사업에 대거 신청했다. 이베이코리아(스마일페이), 11번가(11페이), 한국전자영수증, KG이니시스 등 15개 결제사와 페이민트, 페이콕, 코스콤 등 밴사 16곳이다. 코스콤, KSNET, KIS정보통신은 결제사업자와 밴사 모두 참여 신청을 했다.밴사는 결제 단말기(POS) 연계와 가맹점 모집을 지원해 기존 시범사업에서 소비자가 직접 결제금액을 입력해야 하는 등 번거로움을 개선할 것으로 기대된다.제로페이는 소상공인들의 수수료 부담을 덜기 위해 결제 중간 단계를 최소화해 수수료를 0%대로 낮춘 결제 서비스다. 중기부는 지난 해 4월부터 공동QR코드 등 기술 표준을 만들고 금융결제원을 통해 금융공동망을 활용한 시스템을 개발하는 등 제로페이 시범사업을 준비해왔다.신규 결제사업자 15곳이 제로페이 사업자로 확정되면 시범사업에 참여했던 네이버페이, 페이코, 하나멤버스, 머니트리 등 간편결제 서비스 9곳과 국민, 신한, 우리, 기업, 농협 등 20개 은행 어플리케이션(앱)을 포함 44곳을 통해 제로페이를 이용할 수 있다.중기부는 다음 달 소상공인간편결제추진사업단을 통해 28곳의 자격요건을 심사한다. 확정된 곳들과 협약을 체결해 3월 중 포스 연계도 진행할 방침이다. 이후 4월 말 결제 서비스와 시스템을 개발해 5월 초부터 본격적으로 제로페이 서비스를 개시한다. 정식 서비스에 앞서 중기부는 26개 프랜차이즈 업체들과 제휴를 맺고 총 6만여개 가맹점을 확보했다.이은결 기자 leg@asiae.co.kr▶ 네이버 홈에서 '아시아경제' 뉴스 확인하기▶ 재미와 신기 '과학을읽다' ▶ 꿀잼 '인기만화'&lt;ⓒ경제를 보는 눈, 세계를 보는 창 아시아경제 무단전재 배포금지&gt;   ]",['소비자들의 수익을 줄이거나 없애는 제로페이를 할려는 사람이 얼마나 되겠는가. 계산좀 하고 만들어라.'],http://www.ddaily.co.kr/news/article.html?no=176913,https://n.news.naver.com/mnews/article/277/0004398309?sid=101
2019.01.02.,PC사랑,,"플렉스터, NVMe 기반 고성능 SSD 'M9PeGN 512GB' 11번가 쇼킹딜 초특가 반값 ...",,,http://www.ilovepc.co.kr/news/articleView.html?idxno=21295,http://www.newsprime.co.kr
2019.01.15.,글로벌이코노믹,,웅진식품 ’아침햇살’ 20주년 기념 기프티콘 이벤트,,,http://www.g-enews.com/ko-kr/news/article/news_all/201901180841233135f6d02acec0_1/article.html,https://zdnet.co.kr/
2019.01.01.,현대경제신문,IT/과학,"오픈마켓, 유입경로 따라 가격차이 최대 16%","[    2일 오후 2시부터 판매(지디넷코리아=안희정 기자)11번가(대표 이상호)는 워너원의 2019년 콘서트공식 콘서트 굿즈를 예약판매한다고 2일 밝혔다. 워너원 콘서트 ‘Therefore(데어포)’는 오는 24일부터 27일까지 4일간 고척 스카이돔에서 열린다.11번가는 2일 오후 2시부터 워너원 공식 콘서트 굿즈 22종을 예약판매한다. 공식 응원봉과 파우치, 머플러, 와펜/배지 세트, 명찰, 엽서, 티셔츠, 키링 등 다양한 종류의 상품을 구입할 수 있다. 상품 배송은 21일부터 일괄 진행된다. 결제 시 현장수령을 선택하면 원하는 콘서트 날짜에 맞춰 현장에서 상품을 받을 수도 있다.이번 워너원 공식 콘서트 굿즈의 판매는 11번가 외에 콘서트 현장판매를 통해서만 구입할 수 있고, 워너원 리멤버세트(11만원, 배지 16개, 인화사진, 삽지, 패키지케이스)는 11번가에서만 판매된다.    11번가 관계자는 ""지난해 다양한 한류 아이돌 굿즈를 판매해 전 상품 완판 등 뜨거운 반응을 모았던 11번가는 2019년에도 워너원을 시작으로 계속해서 아이돌 굿즈 시장을 공략해 간다는 계획이다""라고 말했다.안희정 기자(hjan@zdnet.co.kr)  ▶ 네이버 채널에서 ‘지디넷코리아’를 구독해주세요  ]",['cj e&amp;m 끝까지 워너원 돈으로만 보는것 같아서 마음은 안좋지만 그래도 굿즈 갖고 싶다 .. 하지만 나는 거지라는점 ..... ㅜㅜㅜ 돈없어서 못사 ㅜㅜ'],http://www.finomy.com/news/articleView.html?idxno=62289,https://n.news.naver.com/mnews/article/092/0002153557?sid=105
2019-01-21 15:05:27,ㅍㅍㅅㅅ,,진짜유통연구소: 커머스 인사이트,,,https://ppss.kr/archives/184965,http://www.ilovepc.co.kr
2019-01-02 08:54:54,서울경제,,원가는 올랐지만...설선물 '가성비 전쟁',,,http://www.sedaily.com/NewsView/1VDY2G9WW6,https://www.asiae.co.kr/
2019-01-01 09:32:47,연합인포맥스,경제,11번가 등 판매수수료 인상에 소상공인 대책 '말짱 도루묵',"[ LED마스크, 히말라야 핑크소금 등 SNS핫템, 리빙코랄, 뉴트로, 셀프홈케어 제품 등 모아    [아시아경제 이선애 기자] 11번가가 황금돼지해를 맞아 첫 프로모션으로 1월 한 달간 ‘11번가와 함께, 새해엔 다 돼지!’ 행사를 실시하며, 올 한해 선풍적으로 유행할 것으로 기대되는 ‘2019 인싸템’을 모아 1~11일 오전 11시부터 소개한다. 소셜네트워크서비스(SNS) 등을 통해 입소문이 나며 인기를 끌고 있는 아이템들을 발 빠르게 판매해 고객들이 11번가를 통해 쇼핑의 핫 트렌드 제품 정보를 얻고 구매까지 할 수 있도록 했다. 이를 시작으로 11번가는 올 한 해 쇼핑 콘텐츠의 다양성을 넓혀나간다는 계획이다.행사 첫날인 1일 ‘인싸템’으로는 가성비 좋은 LED 마스크로 인기가 높은 뉴트로지나의 'LED 마스크+액티베이터'를 4만9900원에 내놓는다. 이어 ‘워너비 가전’인 LG전자 스타일러(2일), 라면업계 히트상품으로 떠오른 오뚜기 ‘쇠고기 미역국 라면’(3일)을 비롯해 연예 방송프로그램 등에서 소개돼 인기를 모으고 있는 히말라야 핑크 소금, LG전자 의류건조기, 필터교체형 황사마스크, 탈모치료기, 믹서기 텀블러 등 매일 다른 ‘인싸템’들을 판매한다.또한 색채 컨설팅기업 팬톤이 선정한 올해의 색인 ‘리빙 코랄’의 생동감 넘치는 색감을 담은 메이크업 제품들을 비롯해, 워너원 보조배터리, 청년떡집의 신상떡, 바디럽의 마약베개, 빙그레의 ‘귤맛 우유’ 등 SNS 핫템들을 할인한다. 새롭게 복고를 즐기는 이들이 늘면서 최근 유행어가 된 ‘뉴트로’ 아이템도 선보인다. 펩시의 ‘레트로 에디션’, 브리츠의 ‘앤틱 블루투스 스피커’, 수제 달고나 만들기 세트 등을 판매한다.‘11번가와 함께, 새해엔 다 돼지!’ 프로모션의 일환으로 1~11일까지 매일 카테고리별로 할인혜택을 주는 '골든 세일'도 실시한다. 1일엔 패션, 2일엔 뷰티, 3일엔 푸드, 4일엔 해외직구 데이 행사가 마련된다. 이어 5일에는 '어린이데이', 11일에는 '11번가 데이' 행사를 마련한다. 1일 진행되는 ‘패션데이’ 행사에선 15% 할인쿠폰(1만원 이상 구매 시 5000원 할인)과 20% 할인쿠폰(1000원 이상 구매시 최대 5000원 할인)을 중복 적용해 할인혜택을 높였다.한편, 황금돼지해를 맞아 11번가에선 최근 2주간(12월17~30일) ‘황금돼지’ 검색어가 이전 2주(12월3~16일) 보다 7배 이상 많았다. 황금돼지 저금통을 검색하는 이들이 가장 많았고, 이어 황금돼지 장식품, 황금돼지 골드바, 황금돼지 인형을 주로 검색했다.김주희 사업운영담당은 “새해에도 11번가가 쇼핑의 주도권을 이끌고 나갈 수 있도록 고객들이 궁금해하고 사고 싶어하는 유행 아이템들의 쇼핑정보를 11번가에서 제공함으로써 쇼핑 콘텐츠를 확장해나가겠다”며 “복과 건강 등을 뜻하는 황금돼지해를 맞아 새해에도 풍성한 할인 혜택으로 고객들에게 다가가겠다”고 말했다.이선애 기자 lsa@asiae.co.kr▶ 네이버 홈에서 '아시아경제' 뉴스 확인하기▶ 재미와 신기 '과학을읽다' ▶ 꿀잼 '인기만화'&lt;ⓒ경제를 보는 눈, 세계를 보는 창 아시아경제 무단전재 배포금지&gt;   ]",[],http://news.einfomax.co.kr/news/articleView.html?idxno=4010488,https://n.news.naver.com/mnews/article/277/0004385888?sid=101
2019.01.21.,CNB저널(문화경제),,"SK텔레콤, 올해 안에 반으로 나뉜다? 중간지주사 전환 추진에 ‘설왕설래’",,,http://weekly.cnbnews.com/news/article.html?no=126662,http://www.etoday.co.kr
2019.01.02.,아시아경제,,베젤리스 폰 넘어 노트북으로…가장 작은 13인치 모델 출시,,,http://view.asiae.co.kr/news/view.htm?idxno=2019011514281413978,http://www.sedaily.com
2019.01.15.,스포츠투데이,,"'언더나인틴' 4차 투표 시작, 예비돌 생존-탈락 결정 짓는다","[   [서울경제] 24일부터 27일까지 나흘간 고척 스카이돔에서 열리는 워너원 공식 콘서트의 굿즈가 11번가에서 단독 예약판매된다.공식 콘서트 굿즈는 응원봉과 파우치, 머플러, 와펜, 명찰 등 22종이다.11번가에서는 이날 오후 2시부터 예약판매를 시작한다. 이외에는 콘서트 현장에서만 굿즈를 구매할 수 있다.상품 배송은 21일부터 일괄 진행되고, 현장 수령을 선택할 시에는 콘서트 당일 현장에서 수령 가능하다. /김진선기자 sestar@sedaily.com[서울경제 바로가기]Telegram으로 서울경제 뉴스를 실시간으로 받아보세요 [바로가기▶]프리미엄 미디어 Signal이 투자의 바른 길을 안내합니다 [바로가기▶]저작권자 ⓒ 서울경제, 무단 전재 및 재배포 금지    ]",[],http://stoo.com/article.php?aid=52212997652,https://n.news.naver.com/mnews/article/011/0003477172?sid=106
2019.01.01.,아시아경제,,베젤리스 폰 넘어 노트북으로…가장 작은 13인치 모델 출시,,,http://view.asiae.co.kr/news/view.htm?idxno=2019011514281413978,http://www.ilovepc.co.kr
A14면 3단,프라임경제,,"""韓 웨어러블 시장 도전장"" 화웨이 '밴드3 프로' 출시",,,http://www.newsprime.co.kr/news/article.html?no=443211,https://www.asiae.co.kr/
2019.01.08.,스포츠투데이,경제,"'언더나인틴' 4차 투표 시작, 예비돌 생존-탈락 결정 짓는다","[ LED마스크, 히말라야 핑크소금 등 SNS핫템, 리빙코랄, 뉴트로, 셀프홈케어 제품 등 모아    [아시아경제 이선애 기자] 11번가가 황금돼지해를 맞아 첫 프로모션으로 1월 한 달간 ‘11번가와 함께, 새해엔 다 돼지!’ 행사를 실시하며, 올 한해 선풍적으로 유행할 것으로 기대되는 ‘2019 인싸템’을 모아 1~11일 오전 11시부터 소개한다. 소셜네트워크서비스(SNS) 등을 통해 입소문이 나며 인기를 끌고 있는 아이템들을 발 빠르게 판매해 고객들이 11번가를 통해 쇼핑의 핫 트렌드 제품 정보를 얻고 구매까지 할 수 있도록 했다. 이를 시작으로 11번가는 올 한 해 쇼핑 콘텐츠의 다양성을 넓혀나간다는 계획이다.행사 첫날인 1일 ‘인싸템’으로는 가성비 좋은 LED 마스크로 인기가 높은 뉴트로지나의 'LED 마스크+액티베이터'를 4만9900원에 내놓는다. 이어 ‘워너비 가전’인 LG전자 스타일러(2일), 라면업계 히트상품으로 떠오른 오뚜기 ‘쇠고기 미역국 라면’(3일)을 비롯해 연예 방송프로그램 등에서 소개돼 인기를 모으고 있는 히말라야 핑크 소금, LG전자 의류건조기, 필터교체형 황사마스크, 탈모치료기, 믹서기 텀블러 등 매일 다른 ‘인싸템’들을 판매한다.또한 색채 컨설팅기업 팬톤이 선정한 올해의 색인 ‘리빙 코랄’의 생동감 넘치는 색감을 담은 메이크업 제품들을 비롯해, 워너원 보조배터리, 청년떡집의 신상떡, 바디럽의 마약베개, 빙그레의 ‘귤맛 우유’ 등 SNS 핫템들을 할인한다. 새롭게 복고를 즐기는 이들이 늘면서 최근 유행어가 된 ‘뉴트로’ 아이템도 선보인다. 펩시의 ‘레트로 에디션’, 브리츠의 ‘앤틱 블루투스 스피커’, 수제 달고나 만들기 세트 등을 판매한다.‘11번가와 함께, 새해엔 다 돼지!’ 프로모션의 일환으로 1~11일까지 매일 카테고리별로 할인혜택을 주는 '골든 세일'도 실시한다. 1일엔 패션, 2일엔 뷰티, 3일엔 푸드, 4일엔 해외직구 데이 행사가 마련된다. 이어 5일에는 '어린이데이', 11일에는 '11번가 데이' 행사를 마련한다. 1일 진행되는 ‘패션데이’ 행사에선 15% 할인쿠폰(1만원 이상 구매 시 5000원 할인)과 20% 할인쿠폰(1000원 이상 구매시 최대 5000원 할인)을 중복 적용해 할인혜택을 높였다.한편, 황금돼지해를 맞아 11번가에선 최근 2주간(12월17~30일) ‘황금돼지’ 검색어가 이전 2주(12월3~16일) 보다 7배 이상 많았다. 황금돼지 저금통을 검색하는 이들이 가장 많았고, 이어 황금돼지 장식품, 황금돼지 골드바, 황금돼지 인형을 주로 검색했다.김주희 사업운영담당은 “새해에도 11번가가 쇼핑의 주도권을 이끌고 나갈 수 있도록 고객들이 궁금해하고 사고 싶어하는 유행 아이템들의 쇼핑정보를 11번가에서 제공함으로써 쇼핑 콘텐츠를 확장해나가겠다”며 “복과 건강 등을 뜻하는 황금돼지해를 맞아 새해에도 풍성한 할인 혜택으로 고객들에게 다가가겠다”고 말했다.이선애 기자 lsa@asiae.co.kr▶ 네이버 홈에서 '아시아경제' 뉴스 확인하기▶ 재미와 신기 '과학을읽다' ▶ 꿀잼 '인기만화'&lt;ⓒ경제를 보는 눈, 세계를 보는 창 아시아경제 무단전재 배포금지&gt;   ]",[],http://stoo.com/article.php?aid=52212997652,https://n.news.naver.com/mnews/article/277/0004385888?sid=101
2019.01.17.,뉴스1,,2022년 190조 '온라인쇼핑' 무한경쟁…너도나도 꿈꾸는 한국판 아마존,,,http://news1.kr/articles/?3514119,http://www.edaily.co.kr/
2019.01.07.,마켓뉴스,IT/과학,"“매트리스 바꾸면 발뮤다가 덤” 11번가·웅진렌탈, 연말연시 사은품 증정 이...","[ - 15일 네이버스토어에 ''휴대폰 카테고리'' 신설- 네이버 스토어, 입점 수수료 없지만 페이 수수료와 광고비 있어- 11번가, 이베이도 자급제폰 확대..기존 유통점 반발, 정부 정책이 변수[이데일리 김현아 기자]“갤럭시S10 자급제폰 98만 5000원, 98만 4500원. 25% 요금할인은 통신사에서 받고, 무료 배송 쿠폰에 페이적립까지 드려요.”올해 2월 삼성전자의 전략 스마트폰 갤럭시S10이 공개될 예정인 가운데, 11번가와 옥션·지마켓(이베이코리아)뿐 아니라 네이버도 자급제폰 유통 시장에 뛰어들어 단말기 가격 경쟁이 본격화될 전망이다.자급제 단말기는 이통사가 통신 가입을 조건으로 판매하는 단말기와 달리 가전매장, 온라인쇼핑몰 등에서 약정 없이 사서 쓰는 단말기다. 자급제폰을 사서 통신에 가입할 때 25% 요금할인(선택약정할인)을 받을 수 있다. 활성화되지 않았지만, 올해부터 정부의 자급제폰 판매채널 다양화 정책에 힘입어 커질 조짐이다.특히 네이버가 쇼핑 중계 플랫폼인 스마트스토어에 휴대폰 카테고리(해외 출시폰·자급제폰 등)가 15일 생겨 11번가, 이베이코리아와 불꽃 경쟁이 예상된다.◇네이버스토어,  입점 수수료 없고 페이 수수료와  광고비 들어     출처: 네이버 블로그    출처: 네이버 블로그네이버는 검색 회사로 알려졌지만 국내 커머스 시장의 큰 손이다. 지난해 상반기 네이버페이 거래액만 2조4000억 원에 달하는 등 네이버 쇼핑은 국내 커머스 시장의 2,3위를 차지할 것으로 추정된다.네이버스토어는 네이버쇼핑과 달리 쇼핑 중개 플랫폼이다. 카페24처럼 온라인에서 물건을 팔고 싶은 판매상이 등록해 서비스한다. 입점 수수료는 무료이나 네이버쇼핑과 연동돼 팔리면 매출의 2%를 내야 하고, 네이버페이 결제 수수료도 최대 3.85% 내야 한다. 수수료 자체는 11번가나 이베이의 오픈마켓(8~12%)보다 싸다고 볼 수도 있지만, 네이버스토어에 너무 많은 셀러들이 존재해 검색 광고를 해야 하는 상황을 고려하면 수수료가 비슷하다는 평가도 있다.휴대폰 유통 업계 관계자는 “매출을 올리기 위해 클릭당 광고비를 내야 한다는 점을 고려해도, 네이버스토어에 휴대폰 카테고리가 생기면 자급제폰 유통에 큰 영향이 있을 것”이라며 “2월이후 출시될 갤럭시S10은 쿠폰 경쟁이 본격화돼 단말기 가격 인하 효과가 생길 것”이라고 말했다.네이버는 네이버스토어, 네이버쇼핑 등 커머스 매출을 올리려고 올해부터 자사 간편결제인 네이버페이로 결제하면 기존 판매자들이 줬던 구매 적립금 외에 추가적립금을 주기로 정책을 바꿨다.◇11번가. 이베이도 자급제폰 확대…유통점 반발, 정부 정책이 변수11번가와 이베이도 자급제폰 등 스마트폰 유통을 강화하긴 마찬가지다. 11번가는 지난해 10월 ‘휴대폰샵’이라는 카테고리를 런칭해 착한텔레콤과 갤노트8 등 프리미엄 중고폰 최대 30% 할인 행사를 열기도 했다. 이베이코리아도 달랐던 지마켓·옥션의 휴대폰 카테고리 담당자(팀)을 하나로 통합해 정부의 자급제 단말기 유통 활성화 정책에 대비하고 있다.하지만 네이버,11번가, 이베이 등에서 국내외 자급제폰이 가격 경쟁을 일으켜 소비자들이 저렴하게 구입할수 있으려면,정부의 정책 기조에 변화가 필요하다는 지적이다.단말기유통구조개선법(단통법)상 지원금 상한규제는 풀렸지만 정부가 ‘이용자 지원금 차별’ 등의 잣대로 온라인 유통 시장을 규제하면, 자급제폰 공짜 배송이나 할인 쿠폰이나 적립 포인트 등이 위축될 수 있기 때문이다.    11번가 ‘휴대폰샵’업계 관계자는 “쉽고 편한 접근성과 소비자 선택권 확대, 저렴한 가격이라는 온라인 유통의 장점을 자급제폰에서도 살리려면 기존 유통점의 반발이 있어도 정부는 소비자 중심의 정책을 해야 한다”고 말했다.과학기술정보통신부 관계자는 “유통망마다 생각과 입장이 달라 어려운 점이 있다”면서도 “2월 중 행사를 준비 중이며 다양한 유통채널이 함께하는 협의회도 추진하고 있다”고 말했다.과기정통부는 지난해 말 △자급제 단말의 경우 유통망 차원에서 다양한 결합판매 등 창의적인 마케팅을 유도하고 △자급제 단말기는 이통사 방문 없이 온라인에서 가입·개통할 수 있는 내용을 골자로 하는  ‘소비자 관점의 완전자급제 추진’정책을 발표한 바 있다.김현아 (chaos@edaily.co.kr)＜ⓒ종합 경제정보 미디어 이데일리 - 무단전재 &amp; 재배포 금지＞ ]","['아무리 자급제를 해서 제조사에서 할인해 준다고 해도 결국 통신사와 제조사가 협의한 출고가 이하로 판매하는 것은 아마도 힘들 것 같음..결국 자급제 판매 비중이 통신사 판매비중보다 낮으면 결국 제조사는 통신사 눈치를 벌 수 밖에 없는 구조임..결국 자급제폰 판매 확대를 위해 자급제 만큼은 단통법 적용이 없어져야 하며 정부의 규제 적용을 안해야 한다고 생각한다.', '퍽이나. 30% 세일같은 소리 하네. 겨우 10대 그렇게 판거다. 그건 경품행사지 세일이 아니야. 어디서 또 돈받고 구라 쓰는군', '', '해외 중저가 폰들을 전파 인증 받아서 많이 들여와서 자급제로 팔아야함~ 짱깨폰 말고도 노키아나 픽셀 라이트 등', '단통법이 있는한 폰을 싸게 구매하는건 자급제든 뭐든 아무리 애 써도 불가능해..', '', '아마존에 갤럭시 S9 언락폰 590불에 올라온게 오래전일이다. 국내에서 안되는건 삼성페이랑 AS가 불편할수있다. 그런데 아마존에서 판매되는 상황에서는 미국인일경우 미국내에는 배송비 무료 + US 워런티 라고 명시되어있기때문에 미국인이라면 590불에 언락폰 AS까지 보장되고 배송비 무료로 받아서 바로사용가능하다는거다. 국내로 들여올경우에 전자제품 500불이상 관세 + 아마존 배송비 50달러 까지 합쳐져서 거진 80만원 가까운 돈을 내고 사게되는건데 이렇게되면 AS랑 삼성페이 포기하고 저돈에 사는게 아깝게 느껴짐. 자국민 차별의 극치지', '네이버 페이 90만원까지 모으면 그때 사지 뭐 ~', '드디어 비싼 임대료 내가며 한집 걸러 한집인 휴대폰 매장들이 그동안의 호황을 뒤로 하고 접는 곳이 나오기 시작하겠다. 당연 그래야지.. 비싼 요금제 써가며 온라인에서는 공시지원금 받고 무료인 것을 비싸게 파는 휴대폰 판매점들은 문 닫아야지', '', '출고가 98만원 대리점 장려금30만원\n그냥 68만원에 팔면안되냐? 폰팔이들\n없어져야는데', '좋아요. 환영합니다.  가격할인 경쟁도 생기기를', '폰 1-2년마다 바꾸다보니 새로 살 폰도 없고 폰값은 점점 더 올라가서 이제 별로 사고 싶은 느낌이 안난다. 플렉서블 어느 정도 머중화되면 몰라도 그 전에는 지금 사용하는 기계로 알뜰폰요금제 사용하다가 고장나면 이전에 쓰던거 쓸려고. 뭐 게임도 안하고 하니까 최신폰이 이제 더 이상 별 매력이 안느껴진다. 한달에 돈 10만원 정도씩 주는것도 아깝고', '자급제의 최대 목적은 외산폰과 국내폰의 자유로운 경쟁구도를 만들어 소비자의 단말기 구매가를 낮추는데 있는 것이지 국내폰만 자급제 한다는게 아닙니다. 지금처럼 삼성 엘지 독점 상태에서는 의미가 없고 외산폰이 자유롭게 들어 올 수 있어야 합니다. 그러기 위해 지금 같은 통신사. 위주의 구매방식을 바꾸려고 하는 것이지요.', '자급제해도 마찬가지.', '', '근데 네이버도 화웨이 서버 쓴다며?', '출고단가를 안 줄이는데 싸긴 뭘싸.ㅋ괜히 기대감 갖게 하는 제목 붙이지 마세요. 애플이나 삼성이나 점점 비싸지는건 사실임. 걍 중국폰이나 출고가 인하하는 소니폰을 사던가 해야지. 폰들이 최고사양으로 하면 200만원이 육박하니. 너무 심함.', '쏜거 바랄거면 중국산 사써... 그만큼 싼거없어', '', '규제 빨리 없애라', '자급제 사고 알뜰통신사 쓰세요 그게 진리', '앤텔레콤 입니다', '근대 5G 폰 나오기 전인데 s10 잘 팔릴라나??', '', '', '자급제폰사고 알뜰폰요금제로 가면 장기적으로 봤을떄 더 이득임. 폰팔이들 싸그리 망할것 같으니까 게거품 물고있네ㅋㅋㅋㅋㅋ 그리고 대형 유통업체로 대량으로 폰이나가면 한 시즌 지나고 남은 재고품은 당연히 세일 팍팍 들어가지. 무조건 최신폰이어야만 한다라는 뚝배기깨진 마인드만 아니면 오히려 지금보다 더 이득임.', '', '', '기대안함', '', '폰팔이들 다~망했네~~ 결국 폰팔이 시장도 대기업이 독점하겠네~', '아니..이해가 안가는게 단통법(통신사 약정 구매)시 기기값 할인은 자율적으로 못하게 강제하고..\n기기만 파는 자급제폰은 어느 유통채널에서 사냐에 따라서 기기값 30%할인이 가능하다고 하면\n이건 왜 규제하지 아니하나? ...? 이해가 안가서 그럼', '양키국서는 1+1로 팔믄서 반도서는 열나 비싸게 팔아... 양키국서는 1+1에 넷플릭스 1년 무료권도 증정이자나', '갤9플러스 삼성디지털프라자에서 60만원에 구입 자급제 개꿀이다.', '자급제 확대해라. 통신사 너무 비싸게 판다.', '출고가가 150만원. 넘는 시장에서 자급제가 무슨 필요가 있을지. 폰은 이제 더이상 전화기가이 아니다. 그냥 가전제품 또는 사치품인이지. 앞으로 그냥 가전제품처럼 공식가격을\n제시하라. 필요하면 사는거구 필요없으면 안사는거구 ~~없는놈은 못사는거구 있는놈은 사는거구. ~~  간단하잖아. 대체로\n자격이 안되는 사람들끼리 지논 내기는 아까우니까 자급제 찬반 논하는거다. 월세 20내며 살면서 차는 분수에 맞지 않은 고급외제차 타면서\n혹시 기스하나 날까봐 조마조마 하는 심보나 별반차이 없다 . 폰가격 진심 너무 올라감 현제가 2G폰 시대니.', '', '', '단통법 없애야 함.. 폰팔이 폰사기 같은 부작용이 있기는 하나 교육 많이 못 받은 사람이 몇만명이나 일 할 수 있는 산업이 폰팔이 사업인데..바보 아니냐 가뜩이나 일자리가 없어지는데', '폰값생각말고 집값생각하자 마포 ****아파트 10년간5억하던게 16년6억17년7억18년8억말이되냐 5천내렸다고 자산붕괴경제침체같은기사나봐야하다니', '자국내 삼성폰값은 외국보다 30퍼센트 이상 비싸다.여러해 지나면서 완성된 내 뇌피셜에 의하면 삼성은 윗대가리에 챙겨주는 돈이 어마어마어마어마 하게 많은듯 함 이유야 삼성내 비리라던지 브랜드 가치에 해를 줄 수 있는 사항들이라고 생각함 그리고 아직 이건희가 살아있기 때문에 한국에 삼성마진을 넣어주기 위함이라고 봄, 아마 이건희가 죽고 나면 삼성은 더이상 코리안 기업이 아닐것이고 국민들이 원하는대로 한국에서 삼성폰은 싸지겠지만 한국은 더 못사는 나라가 될것이라고 생각함. 개인적으로 어느 쪽이 맞다고는 판단하기 어렵다', '카카오톡은 입점 안하냐...ㅜ', '', '일본에선 라인모바일으루하더니 ㅎㅎ', '폰값이 지금처럼 비싸면 자급제건 뭐건 아무도 안 살걸. 튼튼한 공단말 위주의 시장이 올거다.', '듀얼심부터 젠장', '이제 폰 5년에 한번 저렴한걸로 갈려구요.\n^^', '이용자 지원금 이걸 해제 해야 가격 경쟁들어갈듯  웃긴건 폰 기계를 구입하는데 요금 할인으로 기계값을 싸게 산다고 포장하는거 보면 공기계값 할인 경쟁 포인트다~', '앤텔레콤', '', '자급제폰을 확대해라 제발!!!!!!!!!!!!!!!!!!!!!!!!!!!!!!!!', '내구제 하는 양반들꺼 싸게 사면 될껄ㅋㅋㅋㅋ', '네이버가 사업모델이나 방향을 전혀 못 찾고 있네.', '', '근데 휴대폰 비싼건 왜이리 찾냐ㄷㄷ 폰으로 게임돌리게?? 아님 과시용?', '노트8 30정도에 나오면 그때 중고 사서 써야지.....', '', '', '', '알뜰폰 앤테레콤 입니다', '', '요금이 지금보다 저렴해지면 좋겠어영 ㅜㅜ', '도대체 자급제하면 싸게 산다는건 어느.OOO..대.가..리에서 나온거지;;;;;;', '재앙아 단통법은 언제 없애냐?', '다른 전자제품 봐라 인터넷이 오프라인에 비해 많이 싸다. 온라인 경쟁 가면 그렇게 되게 돼. 어디서 오프라인이랑 온라인이랑 비교질이니 폰팔이놈들아~^^', '그건 니들의 착각이야 자급제 하나로 가격이 떨어질거 같으면 지금 이렇게까지 통신시장이 개판되지도 않았어 지금은 자급제 폰이 없냐? 근데 싸냐? 어차피 스마트폰 출시하는 기업은 전세계가 시장이고 그 시장에서 100만원으로 1대 파나 10으로 10대 파나 뭐가 다르냐?  진짜 ㅂㅅ 짓 하는거지', '이미 자급제폰을 할인행사에 쿠폰에 적립금 등등 싸게 사고 있는데 안 싸질 거라는 소리는 뭔 개솔이냐.  통신사에서 요금 25% 할인 받고, 폰은 폰대로 할인받고 자급제 강추다. 완전자급제 가야 한다.', '네이버 지식인 #1이 김제동 - 네이버는 좌파의 보루, DAUm은 좌파의 기지', '해외폰 유입 &gt; 보조금 살포 &gt; 해외폰 철수 &gt; s k u sam 담합. 이 순서 였잖아. 중국폰 &gt; 보조금 살포 &gt; but 중국폰도 돈싸움 안밀림. 이러면 재밋어 지는것이지.', 'ㅋㅋ 자급제하면 싸진다매??? S10이98만원 ㅋ', '', '제조사만 이익인거 아닌가?\n공장도가격 붙이는것도 제조사\n마음이고 쥐꼬리만큼 유통마진\n주면서 이건 다양한 제조사가 \n시장에 나와야 가능한데\n이참에 엘지가 반값 정책한번\n해주면', '재앙이 단통법 폐지공약은 언제시행되냐?ㅋㅋㅋ', '', '무약정 자급제폰을 사서, 선택약정25%로 요금할인 받아 쓴다. 선택 ""약정""이다. 자급제폰사서 12개월/24개월 선택약정으로 요금 할인 받아 쓴다면 통신사매장에서 구매하는 것과 무슨 차이가 날까? 어차피 똑같이 중도에 통신사 변경하면 할인반환금(위약금)을 내야 하는데... 자급제폰 사서 선불폰 유심 꼽고 쓸거 아님 의미가 없는 구조! 장기적으로 소매유통망 다양화로 스마트폰 가격이 떨어진다면 긍정적일텐데... 제조사들이 그렇게 할지도 미지수인 상태...', '그간 통신사들의 폭리가 주춤하겠네,그동안   잘도해먹었지, 보수정권아래서.', '폰팔이 ㅆㅡㅂ새들이 사라져야 시장이 정상화된다', '', 's10 100만원 실화냐 ㅋㅋㅋㅋㅋㅋㅋㅋㅋ\n자급제 하자는 새끼들 어디갓냐 ㅋㅋㅋㅋ', '', '폰은 대리점이나 인터넷보다 판매점가서 흥정 잘하면 싸게사고 사은품많이 받고 다음교체까지 훼손된 필름, 케이스등 지원 받고 또 일일이 모르는거 서비스가서 물어보는니 평소 관리받는게 최고여~', '', '갤10을 98주고 누가 사냐?? 88도 아니고 78도 아니고... 아이폰꼴 나겠구만', '', '휴대폰 판매점을 10년째 운영하고 있는 한사람입니다. 자급제폰 실시 아주 좋아요. 대찬성입니다. 일단 현 정부에서 속전속결로 추진해서 빠른 안정화 시키면 빠를수록 좋을것 같아요. 솔직히 휴대폰 구입하면서 100만원 짜리를 100만원 다주고 사는 사람들이 현재는 정상이 아니죠.근데 그걸 현실화 시켜주면 100만원 다주고 사는 사람들이 진정한 정상인이 되는세상이 너무 행복할것 같아요. 근데 앞으로 출시될 접어지는폰은 과연 200만원 신기록 넘으려나. 5G요금제는 적어도 1~2만원 인상된다를 예상해봅니다. 요금제 89.900원 ^^', '제조사랑 통신사(특히skt) 에서는 자급제를 반기고있다. 빨리하라고 난리치고있다고...... 이게 과연 무슨뜻일까?ㅋㅋㅋㅋㅋㅋㅋ 과연 지금처럼 휴대폰매장 개인업주들이 고객을 유치하려고 불법보조금 뿌리는게 것보다 자급제 하면 싸질까?ㅋㅋㅋㅋㅋㅋ 대기업에서 미쳣다고 지들 손해보는 짓거리를 할까?ㅋㅋㅋㅋㅋㅋㅋㅋ 도대체 자급제 하면 싸진다는건 어느멍청한 대가리에서 나온건지 ㅋㅋㅋㅋㅋㅋ 국회의원들 로비해서 자급제 끌어내려고 하는 삼성행태만 보면 답나오는데 ㅋㅋㅋㅋㅋㅋㅋㅋㅋㅋㅋㅋㅋ 대기업에서 왜 자급제를 빨리 하려고 하는지....생각좀해보자', '일반 중소유통점이나... 골목상권 매장들은 .....\n이게 상생인건가?\n출고가이하로 판매한다는게... 단말기유통구조개선법에 위배되는지는 알고 저리 판다고한거지...\n정부.국회가 소상공인들은 죽이는구나..', '네이버가 소상공인들 다 죽이네 헐', '싸질거라고 생각하는 호구 있나?\n국내 제조사는 삼성 아님 엘지고 그제조사가 판매 매장을 보유 하고 있는 상황에서\n인터넷끼리 경쟁해서 싸질거 같아?']",http://www.marketnews.co.kr/view.php?ud=2019010814543516606cf2d78c68_24,https://n.news.naver.com/mnews/article/018/0004286368?sid=105
2019.01.19.,빅데이터뉴스,,"웅진렌탈, ‘슬립 컨트롤 매트리스 2.0’ 신제품 출시…11번가와 함께 발뮤다...",,,http://www.thebigdata.co.kr/view.php?ud=2019011015233339856cf2d78c68_23,http://www.businesskorea.co.kr
2019.01.11.,로이슈,,웅진식품 ’아침햇살’ 출시 20주년 기념 200원 기프티콘 한정 판매 이벤트,,,http://www.lawissue.co.kr/view.php?ud=201901180829333739204ead0791_12,http://www.thisisgame.com
2019-01-02 11:23:00,PC사랑,,"한사랑씨앤씨, 삼성전자 노트북5 METAL NT560XBV-GD7A 특가 진행",,,http://www.ilovepc.co.kr/news/articleView.html?idxno=21430,http://www.newsworker.co.kr
2019-01-01 09:32:47,디지털투데이,,오늘의 간추린 키뉴스 (2019.1.2),,,http://www.digitaltoday.co.kr/news/articleView.html?idxno=205968,https://www.asiae.co.kr/
2019-01-07 06:02:23,스포츠경향,경제,"설 선물, 미리미리 싸게싸게~ 쇼핑업계 일제히 기획전","[ 앱 순방문자 수 1위는 쿠팡…앱·웹 전체 1위는 11번가실행횟수·체류시간 1위는 당근마켓이 차지트래픽 높은 이커머스, 40대·남성 이용 비중 높아    12월 기준 이커머스 순방문자 수, 평균 실행 횟수, 페이지뷰, 평균 체류시간 순위 (자료제공=인크로스)[아시아경제 한진주 기자] 쿠팡이 11번가를 꺾고 이커머스 12월 모바일 애플리케이션(앱) 순 방문자수 1위를 차지했다. 모바일 앱과 웹 전체 순 방문자수는 11번가가 가장 많았다.19일 디지털 광고 전문기업 인크로스가 2018년 12월 기준 이커머스 이용 현황을 분석한 결과 모바일 앱 순 방문자 수는 쿠팡이 809만명으로 1위였다. 11번가는 758만명으로 전월(781만명)대비 감소했다. 인크로스는 ""쿠팡의 방문자수가 증가했지만 실행횟수나 체류시간은 타 브랜드와 비교해 여전히 저조한 편""이라고 설명했다.같은 기간 모바일 웹과 앱을 합한 전체 순 방문자 1위는 11번가가 차지했다. 12월 기준 모바일 웹과 앱 전체 순 이용자 수 1위인 11번가는 1658만 ▲지마켓 1448만 ▲쿠팡 1408만 ▲옥션 1317만 ▲위메프 1247만 ▲인터파크 1206만 ▲티몬 902만 순이다. 웹 방문자 수는 오픈마켓들이 강세를 나타냈다. 지역 기반 중고거래 서비스 '당근마켓'은 모바일 앱 실행 횟수와 체류시간 1위를 차지했다. 당근마켓의 모바일 앱 월 평균 실행횟수는 85.2회로 가장 높았고 위메프(56.1회), 티몬(37.0) 순으로 많았다. 모바일 앱 체류시간의 경우 당근마켓은 264.1분, 위메프는 144.0분, 옥션 117.7분 순이다. 이커머스 서비스 트래픽 순위를 가른 것은 '40대'와 '남성'이었다. 모바일 웹과 앱 전체 순 방문자수 1,2위를 차지한 11번가와 지마켓의 경우 남성 이용자 비율이 52.7%, 52.2%로 여성 이용자 비율보다 더 높은 것으로 나타났다. 반면 쿠팡과 티몬은 여성 이용자 비율이 50.2%, 52.5%로 더 많았다. 40대 이용자 비율은 대부분 이커머스 서비스에서 25~28%로 다른 연령에 비해 두드러지게 높았다.    2018년 4분기 이커머스 순방문자 증감 추이 (자료제공=인크로스)4분기 이커머스 순방문자 추이를 살펴보면 쿠팡과 위메프의 증가세가 두드러졌다. 4분기 상위 5개 이커머스 서비스 순방문자 수(앱·웹)는 ▲11번가 1658만 ▲지마켓 1448만 ▲쿠팡 1408만 ▲옥션 1317만 ▲위메프 1247만 순으로 나타났다. 쿠팡의 순방문자 수는 3분기(1123만) 대비 20.2% 증가했다. 쿠팡이 소프트뱅크로부터 투자를 유치한 이후 적극적인 마케팅에 나서면서 지표에 반영된 것으로 풀이된다. 위메프도 3분기(1054만) 대비 순 방문자수가 15.5% 증가한 1247만명을 기록했다. 3분기 대비 11번가는 1.9% 증가한 반면 지마켓과 옥션은 각각 18.7%, 5.8% 줄었다.한진주 기자 truepearl@asiae.co.kr▶ 네이버 홈에서 '아시아경제' 뉴스 확인하기▶ 재미와 신기 '과학을읽다' ▶ 꿀잼 '인기만화'&lt;ⓒ경제를 보는 눈, 세계를 보는 창 아시아경제 무단전재 배포금지&gt;   ]",[''],http://sports.khan.co.kr/news/sk_index.html?art_id=201901150000033&sec_id=561901&pt=nv,https://n.news.naver.com/mnews/article/277/0004397233?sid=101
2019-01-19 08:14:00,스포츠월드,,"“탈락 or 생존”…‘언더나인틴’, 온라인 4차 투표 시작",,,http://www.sportsworldi.com/content/html/2019/01/15/20190115662857.html,http://www.ebn.co.kr
2019.01.02.,로이슈,,웅진식품 ’아침햇살’ 출시 20주년 기념 200원 기프티콘 한정 판매 이벤트,,,http://www.lawissue.co.kr/view.php?ud=201901180829333739204ead0791_12,http://www.dailian.co.kr/
2019.01.19.,PC사랑,경제,"한사랑씨앤씨, 삼성전자 노트북5 METAL NT560XBV-GD7A 특가 진행","[     11번가는 보이그룹 워너원(Wanna One)의 2019년 콘서트 ‘Therefore’의 공식 콘서트 굿즈를 단독 예약판매 한다고 2일 밝혔다.워너원의 2019년 콘서트 ‘Therefore’는 오는 24일부터 27일까지 4일간 고척 스카이돔에서 열린다.11번가는 2일 오후 2시부터 워너원 공식 콘서트 굿즈 22종을 단독으로 예약판매 한다. 공식 응원봉과 파우치, 머플러, 와펜/배지 세트, 명찰, 엽서, 티셔츠, 키링 등 다양한 종류의 상품을 오직 11번가에서만 구입할 수 있다. 제작과 판매는 종합디자인 회사 로운컴퍼니가 맡았으며 상품 배송은 21일부터 일괄 진행된다. 결제 시 현장수령을 선택하면 원하는 콘서트 날짜에 맞춰 현장에서 상품을 받을 수도 있다.이번 워너원 공식 콘서트 굿즈의 판매는 11번가 외에 콘서트 현장판매를 통해서만 구입할 수 있고, 워너원 리멤버세트(11만원, 배지 16개, 인화사진, 삽지, 패키지케이스)는 오직 11번가에서만 판매되는 온라인 단독 상품이다. 11번가는 한류 열풍에 힘입어 한국 아이돌 굿즈를 구매하려는 해외 팬들을 위해 11번가와 글로벌11번가를 통해 동시 판매를 진행하고 있다. 워너원 역시 국내 뿐 아니라 세계적인 팬덤을 보유하고 있어 글로벌11번가를 통한 판매도 영문과 중문으로 동시에 진행된다. 지난해 다양한 한류 아이돌 굿즈를 판매해 전 상품 완판 등 뜨거운 반응을 모았던 11번가는 2019년에도 워너원을 시작으로 계속해서 아이돌 굿즈 시장을 공략해 간다는 계획이다.데일리안 최승근 기자 (csk3480@dailian.co.kr)ⓒ (주)데일리안 - 무단전재, 변형, 무단배포 금지   ]",[],http://www.ilovepc.co.kr/news/articleView.html?idxno=21430,https://n.news.naver.com/mnews/article/119/0002303020?sid=101
2019.01.07.,디지털투데이,,오늘의 간추린 키뉴스 (2019.1.2),,,http://www.digitaltoday.co.kr/news/articleView.html?idxno=205968,https://www.asiae.co.kr/
2019.01.01.,스포츠경향,경제,"설 선물, 미리미리 싸게싸게~ 쇼핑업계 일제히 기획전","[ 앱 순방문자 수 1위는 쿠팡…앱·웹 전체 1위는 11번가실행횟수·체류시간 1위는 당근마켓이 차지트래픽 높은 이커머스, 40대·남성 이용 비중 높아    12월 기준 이커머스 순방문자 수, 평균 실행 횟수, 페이지뷰, 평균 체류시간 순위 (자료제공=인크로스)[아시아경제 한진주 기자] 쿠팡이 11번가를 꺾고 이커머스 12월 모바일 애플리케이션(앱) 순 방문자수 1위를 차지했다. 모바일 앱과 웹 전체 순 방문자수는 11번가가 가장 많았다.19일 디지털 광고 전문기업 인크로스가 2018년 12월 기준 이커머스 이용 현황을 분석한 결과 모바일 앱 순 방문자 수는 쿠팡이 809만명으로 1위였다. 11번가는 758만명으로 전월(781만명)대비 감소했다. 인크로스는 ""쿠팡의 방문자수가 증가했지만 실행횟수나 체류시간은 타 브랜드와 비교해 여전히 저조한 편""이라고 설명했다.같은 기간 모바일 웹과 앱을 합한 전체 순 방문자 1위는 11번가가 차지했다. 12월 기준 모바일 웹과 앱 전체 순 이용자 수 1위인 11번가는 1658만 ▲지마켓 1448만 ▲쿠팡 1408만 ▲옥션 1317만 ▲위메프 1247만 ▲인터파크 1206만 ▲티몬 902만 순이다. 웹 방문자 수는 오픈마켓들이 강세를 나타냈다. 지역 기반 중고거래 서비스 '당근마켓'은 모바일 앱 실행 횟수와 체류시간 1위를 차지했다. 당근마켓의 모바일 앱 월 평균 실행횟수는 85.2회로 가장 높았고 위메프(56.1회), 티몬(37.0) 순으로 많았다. 모바일 앱 체류시간의 경우 당근마켓은 264.1분, 위메프는 144.0분, 옥션 117.7분 순이다. 이커머스 서비스 트래픽 순위를 가른 것은 '40대'와 '남성'이었다. 모바일 웹과 앱 전체 순 방문자수 1,2위를 차지한 11번가와 지마켓의 경우 남성 이용자 비율이 52.7%, 52.2%로 여성 이용자 비율보다 더 높은 것으로 나타났다. 반면 쿠팡과 티몬은 여성 이용자 비율이 50.2%, 52.5%로 더 많았다. 40대 이용자 비율은 대부분 이커머스 서비스에서 25~28%로 다른 연령에 비해 두드러지게 높았다.    2018년 4분기 이커머스 순방문자 증감 추이 (자료제공=인크로스)4분기 이커머스 순방문자 추이를 살펴보면 쿠팡과 위메프의 증가세가 두드러졌다. 4분기 상위 5개 이커머스 서비스 순방문자 수(앱·웹)는 ▲11번가 1658만 ▲지마켓 1448만 ▲쿠팡 1408만 ▲옥션 1317만 ▲위메프 1247만 순으로 나타났다. 쿠팡의 순방문자 수는 3분기(1123만) 대비 20.2% 증가했다. 쿠팡이 소프트뱅크로부터 투자를 유치한 이후 적극적인 마케팅에 나서면서 지표에 반영된 것으로 풀이된다. 위메프도 3분기(1054만) 대비 순 방문자수가 15.5% 증가한 1247만명을 기록했다. 3분기 대비 11번가는 1.9% 증가한 반면 지마켓과 옥션은 각각 18.7%, 5.8% 줄었다.한진주 기자 truepearl@asiae.co.kr▶ 네이버 홈에서 '아시아경제' 뉴스 확인하기▶ 재미와 신기 '과학을읽다' ▶ 꿀잼 '인기만화'&lt;ⓒ경제를 보는 눈, 세계를 보는 창 아시아경제 무단전재 배포금지&gt;   ]",[''],http://sports.khan.co.kr/news/sk_index.html?art_id=201901150000033&sec_id=561901&pt=nv,https://n.news.naver.com/mnews/article/277/0004397233?sid=101
2019.01.08.,내외경제tv,,"오스너, 가정용 전자동 커피머신 '예가프레소' 첫 쇼킹딜서 역대급 할인 행사...",,,http://www.nbntv.co.kr/news/articleView.html?idxno=183266,http://www.greened.kr/
2019.01.11.,톱데일리,,사기 의혹 '컴플리트미에' 오픈마켓서 허위과대광고로 판매중지,,,http://www.topdaily.kr/news/articleView.html?idxno=56383,http://daily.hankooki.com
2019.01.31.,아시아투데이,,"필립스, 다음달 11일까지 면도기 최대 40% 할인판매",,,http://www.asiatoday.co.kr/view.php?key=20190114010008023,http://www.news2day.co.kr
2019.01.15.,인사이트,,"스케쳐스, '스케쳐스 X 원피스' 에디션으로 원피스 '덕후' 취향 저격 나선다",,,https://www.insight.co.kr/news/204751,http://www.ebn.co.kr
2019.01.14.,조선비즈언론사 선정,,"SK텔레콤, 약정할인 증가와 혁신프로그램 영향에 영업이익 급감(종합)",,,http://biz.chosun.com/site/data/html_dir/2019/01/31/2019013101145.html,http://www.edaily.co.kr/
2019.01.21.,아시아투데이,IT/과학,"필립스, 다음달 11일까지 면도기 최대 40% 할인판매","[ 하반기 통신분야도 매출 턴어라운드 기대리베이트 차별금지법도 기대넷플릭스 모델, 보안 본격 시너지, 커머스 손익분기점 목표[이데일리 김현아 기자]     지난해 매출과 영업이익 모두 하락했던 SK텔레콤이 올해 매출목표를 18조원으로 올려잡고 통신사업(MVNO) 혁신과 함께 미디어, 보안, 커머스 사업을 성장동력으로 키우기로 했다. SK텔레콤은 지난해 16조 8740억원의 매출을 올려 2016년(17조5200억원)보다 3.7% 줄었는데 이를 다시 끌어올린다는 계획이다.윤풍영 SK텔레콤 코퍼레이트센터장(CFO)은 “올해도 요금인하 영향이 지속적으로 작용할 전망이나 금년 중 이동전화 매출도 상승추세로 전환될 수 있게 하겠다”며 “지난해 미디어와 보안, 커머스를 중심으로 뉴ICT 기업으로 성장하는 기반을 마련했다. SK브로드밴드(IPTV+T커머스)의 두자리수 성장, ADT캡스·NSOK·SK인포섹 시너지와 함께, 소모적인 가격경쟁보다 고객 편의 중심으로 전환해 11번가의 손익분기점 달성을 이루겠다”라고 말했다.◇5G 투자는 합리적으로올해 3월 말이면 스마트폰 기반의 5G가 상용화된다. 하지만 SK텔레콤은 5G 설비투자(CAPEX)에 신중한 입장을 보였다. 윤 CFO는 “2019년 설비투자는 5G 서비스 및 요금 스킴, 장비 라인업 등이 명확해져야 발표할 수 있을 것”이라며 “5G 상용화로 총 설비투자가 다소 증가하겠지만, 추가 매출 수준과 연계한다는 기존 방침을 유지할 것”이라고 말했다.그는 “5G 투자는 상용화 및 시장 선도에 부담없도록 고객 수요를 면밀히 따져 투자하겠다”면서 “LTE 등 기존 투자를 탄력적으로 조정해서 비용조정을 합리화하고 최적의 수준을 정하겠다”고 부연했다.    ▲SK브로드밴드 미디어사업 매출과 OTT 옥수수 가입자◇하반기 통신 매출도 턴어라운드 목표…리베이트 차별금지법도 기대2018년 SK텔레콤의 이동전화 매출은 전년대비 7.1% 감소한 10.0조에 그쳤다.지난해 이동전화 가입자당매출(ARPU) 역시 3만2246원으로 전년대비 7.6%줄었다. 25% 요금할인(선택약정할인) 가입자 증가는 물론, 3분 무료 통화(안심로밍), 멤버십 한도 폐지, 1020세대를 위한 0플랜 등이 영향을 미친 것이다.윤풍영 CFO는 “본체의 이동통신 매출은 요금인하 효과가 지속되나 합리적 요금제 제시와 순증 가입자 확대를 통해 하반기 턴 어라운드를 기대한다. 5G 투자 등이 있지만 마케팅 비용 절감을 강화해 영향을 최소화하겠다”고 말했다.윤성은 SK텔레콤 CR혁신실장(상무)는 “변재일 의원이 리베이트 차별금지법을 발의했는데, 법안이 통과하면 통신사로선 마케팅 비용을 줄일 수 있고 이용자 차별도 근절해 이용자 편익에도 도움이 될 것”이라고 밝혔다.     11번가 영업이익 추이표◇넷플릭스 모델, 보안 본격 시너지, 커머스 손익분기점 목표미디어 인터넷스트리밍방송(OTT) 사업은 넷플릭스 모델을 지향한다. 윤 CFO는 “옥수수+푹 통합법인은 상반기 내 출범하며 통합법인 중심으로 외부 투자자가 펀딩할 예정”이라며 “국내 콘텐츠 강화와 더불어 동남아 중심의 해외 사업도 연내 출시할 것”이라고 말했다. 그는 “옥수수+푹의 수익모델은 넷플릭스처럼 기본적으로 구독형 가입자 기반의 VOD가 될 것”이라고 부연했다.보안 사업에 대해서는 SK텔레콤과 브로드밴드 유통망을 활용한 결합 판매(출동경비+무선통신, 출동경비+초고속인터넷 등) 강화와 융합 시너지를 강조했다. 윤 CFO는 “T맵과 협업해 보안 솔루션 기반의 주차 솔루션을 조만간 상용화할 예정”이라고 말했다.커머스 사업은 그룹 역량을 집중해 손익분기점 달성이 목표다. 그는 “AI·검색 등 SK텔레콤의 기술역량을 활용하고 5% 지분투자한 역직구 업체 코리아센터같은 외부 제휴로 수익성 있는 커머스 포털을 만들겠다”며 “마일리지, 고객 베이스, 서비스 등 텔레콤이 보유한 모든 유무형의 자산을 11번가와 연계하는 걸 추진할 예정”이라고 말했다.김현아 (chaos@edaily.co.kr)이데일리 채널 구독하면 [방탄소년단 실물영접 기회가▶]꿀잼가득 [영상보기▶] , 빡침해소!청춘뉘우스~ [스냅타임▶]＜ⓒ종합 경제정보 미디어 이데일리 - 무단전재 &amp; 재배포 금지＞ ]","['SK 텔레콤의 브랜드 가치는 어마무시하다!', '넷플릭스 모델 따라서 동남아 진출하겠다고?ㅋㅋ 그럼 가는 나라마다 서버 설치하고 망 비용 국가별로 수백억씩 내는 거 잊지 말고, 알았지?? ㅋㅋㅋㅋㅋㅋㅋㅋㅋㅋㅋ 통신사랑 콘텐츠사 사이에서 정체성 위기 올 듯', '', '', '']",http://www.asiatoday.co.kr/view.php?key=20190114010008023,https://n.news.naver.com/mnews/article/018/0004303752?sid=105
2019-01-02 08:49:21,인사이트,,"스케쳐스, '스케쳐스 X 원피스' 에디션으로 원피스 '덕후' 취향 저격 나선다",,,https://www.insight.co.kr/news/204751,https://www.kpinews.kr/
2019-01-19 08:14:00,조선비즈언론사 선정,,"SK텔레콤, 약정할인 증가와 혁신프로그램 영향에 영업이익 급감(종합)",,,http://biz.chosun.com/site/data/html_dir/2019/01/31/2019013101145.html,http://www.ekn.kr
2019-01-31 18:29:41,헤모필리아라이프,,"HDC영창, 디지털 전자피아노, 신디사이저 11번가와 1월8일 하루 특가행사진행",,,http://www.hemophilia.co.kr/news/articleView.html?idxno=7571,http://sports.donga.com/
2019-01-21 16:46:07,뉴시스,IT/과학,"경남도 쇼핑몰 ‘e경남몰’, 설맞이 할인 7일부터 진행","[     정부가 추진하는 소상공인 간편결제 서비스 제로페이 사업에 카카오페이와 KT, 이베이코리아, 11번가 등이 참여하기로 했다.21일 중소벤처기업부에 따르면 제로페이 참여 사업자를 모집한 결과 총 15개 사업자가 본사업 참여를 신청했다. 카카오페이와 KT, 이베이코리아, 11번가는 물론 한국전자영수증, KG이니시스, 코스콤, 한패스, 핀크, 이비카드, 디셈버앤컴퍼니자산운용, 티모넷, 하렉스인포텍, KIS정보통신, KSNET 등이 신청했다.제로페이는 소상공인 가맹점 QR코드를 스캔하고 결제금액을 입력하면 구매대금이 계좌이체 되는 모바일 직거래 결제 서비스다. 중간단계인 신용카드사와 밴사를 거치지 않아 소상공인이 부담하는 수수료가 0%대다.스포츠동아 김명근 기자 dionys@donga.com▶ 연예현장 진짜 이야기  / 후방주의! 스타들의 아찔한 순간▶ 나의 아이돌을 픽♥ 해주세요. / 이번 주는 누가 1위?- Copyrights ⓒ 스포츠동아(http://sports.donga.com) 무단 전재 및 재배포 금지 -   ]",[],http://www.newsis.com/view/?id=NISX20190104_0000521155&cID=10812&pID=10800,https://n.news.naver.com/mnews/article/382/0000704410?sid=105
2019.01.01.,IT동아,,"뷰소닉, 모니터 전제품 최대 13% 할인 판매한다",,,http://it.donga.com/28618/,https://zdnet.co.kr/
2019.01.07.,전자신문,IT/과학,"벤큐, 시력보호 LED스탠드 가격할인 행사","[    SNS 인기 상품 할인해 쇼핑콘텐츠 강화(지디넷코리아=안희정 기자)11번가(대표 이상호)가 황금돼지해를 맞아 첫 기획전으로 ‘11번가와 함께, 새해엔 다 돼지!’ 행사를 실시하며 SNS 인기 상품을 할인 판매한다고 1일 밝혔다.행사 첫날인 1일 ‘인싸템’으로는 가성비 좋은 LED 마스크로 인기가 높은 뉴트로지나의 'LED 마스크+액티베이터'를 4만9천900원에 내놓는다. 이어 ‘워너비 가전’인 LG전자 스타일러(2일), 라면업계 히트상품으로 떠오른 오뚜기 ‘쇠고기 미역국 라면’(3일)을 비롯해 연예 방송프로그램 등에서 소개돼 인기를 모으고 있는 히말라야 핑크 소금, LG전자 의류건조기, 필터교체형 황사마스크, 탈모치료기, 믹서기 텀블러 등 매일 다른 ‘인싸템’들을 판매한다.또한 색채 컨설팅기업 팬톤이 선정한 올해의 색인 ‘리빙 코랄’의 생동감 넘치는 색감을 담은 메이크업 제품들을 비롯해, 워너원 보조배터리, 청년떡집의 신상떡, 바디럽의 마약베개, 빙그레의 ‘귤맛 우유’ 등 SNS핫템들을 할인한다. 새롭게(New) 복고(Retro)를 즐기는 이들이 늘면서 최근 유행어가 된 ‘뉴트로’ 아이템도 선보인다. 펩시의 ‘레트로 에디션’, 브리츠의 ‘앤틱 블루투스 스피커’, 수제 달고나 만들기 세트 등을 판매한다.    ‘11번가와 함께, 새해엔 다 돼지!’ 프로모션의 일환으로 1~11일까지 매일 카테고리별로 할인혜택을 주는 '골든 세일'도 실시한다. 1일엔 패션, 2일엔 뷰티, 3일엔 푸드, 4일엔 해외직구 데이 행사가 마련된다. 이어 5일에는 '어린이데이', 11일에는 '11번가 데이' 행사를 마련한다. 1일 진행되는 ‘패션데이’ 행사에선 15% 할인쿠폰(1만원 이상 구매 시 5천원 할인)과 20% 할인쿠폰(1천원 이상 구매시 최대 5천원 할인)을 중복 적용해 할인혜택을 높였다.김주희 11번가 사업운영담당은 “새해에도 11번가가 쇼핑의 주도권을 이끌고 나갈 수 있도록 고객들이 궁금해하고 사고 싶어하는 유행 아이템들의 쇼핑정보를 11번가에서 제공함으로써 쇼핑 콘텐츠를 확장해나가겠다”라며 “복과 건강 등을 뜻하는 황금돼지해를 맞아 새해에도 풍성한 할인 혜택으로 고객들에게 다가가겠다”고 말했다.안희정 기자(hjan@zdnet.co.kr)  ▶ 네이버 채널에서 ‘지디넷코리아’를 구독해주세요  ]",[],http://www.etnews.com/20190115000059,https://n.news.naver.com/mnews/article/092/0002153521?sid=105
2019.01.31.,헤모필리아라이프,,"HDC영창, 디지털 전자피아노, 신디사이저 11번가와 파격행사진행",,,http://www.hemophilia.co.kr/news/articleView.html?idxno=7533,http://www.heraldbiz.com/
2019.01.15.,이데일리,경제,"""15분의 힐링에 빠져든다""…소형 마사지기 인기","[ -얼리버드 고객 위한 설 선물 사전특가     [헤럴드경제=박로명 기자] 11번가는 최장 9일까지 쉴 수 있는 설 연휴를 앞두고 이달 13일까지 사전특가 행사인 ‘설 마중’ 기획전을 연다고 7일 밝혔다. 14일부터 대대적으로 진행될 본 판매 시작에 앞선 사전판매다. 얼리버드 고객들을 위한 설 선물 사전특가와 연휴를 위한 여행상품, 각종 놀거리 상품들을 저렴하게 판매한다. 우선 한정특가 상품을 단 일주일 동안 매일 5개씩 선보인다. 전통한과, 건강식품, 커피, 견과 등 가공선물세트부터 한우, 굴비, 갈치, 옥돔, 과일 등 신선선물세트와 생활선물세트가 해당된다. 한정특가 상품 전용 ‘더블할인’(상품별 11%~20% 할인쿠폰+T멤버십할인) 혜택까지 받으면 더욱 저렴한 가격에 구매 가능하다.대표 상품은 본 판매보다 30% 저렴하게 제공하는 제주 전통한과 ‘신효 귤향과즐’(2만30원), 20% 할인해 판매하는 인기 건강식품 ‘순수식품 배도라지즙’(1만6910원), 20% 할인해 판매하는 ‘사조해표 안심특선 S31호 선물세트’(1만960원) 등이다. 7일에는 ‘이디야 비니스트 스페셜 프리미엄 선물세트’를 2만2170원, ‘고려은단 골드플러스 360정’을 4만2900원, ‘블랙앵거스 스테이크 1.2㎏ 선물세트’는 4만6900원, ‘돌 풍성 과일 선물세트’는 4만6900원, ‘메디플라워 퍼퓸 스토리즈 핸드크림 3종세트’는 2620원에 구매할 수 있다. 임현동 11번가 마트 담당은 “본격적인 설 시즌에 앞서 미리 준비하는 고객들에게 더 많은 혜택을 드리기 위해 사전판매 행사를 마련했다”고 말했다dodo@heraldcorp.com▶네이버에서 헤럴드경제 채널 구독하기▶생활밀착형 최저가쇼핑 헤럴드 리얼라이프 ▶헤럴드경제 사이트 바로가기 - Copyrights ⓒ 헤럴드경제 &amp; heraldbiz.com, 무단 전재 및 재배포 금지 -   ]",[],http://www.edaily.co.kr/news/newspath.asp?newsid=04070486622356080,https://n.news.naver.com/mnews/article/016/0001484073?sid=101
2019.01.14.,광주매일신문,,"우체국, 해남 배추 판로개척 나선다",,,http://www.kjdaily.com/read.php3?aid=1547718696458844004,http://www.edaily.co.kr/
2019.01.21.,조선비즈언론사 선정,IT/과학,작년 유통업계 매출 6.8% 증가…대형마트만 감소,"[ 하반기 통신분야도 매출 턴어라운드 기대리베이트 차별금지법도 기대넷플릭스 모델, 보안 본격 시너지, 커머스 손익분기점 목표[이데일리 김현아 기자]     지난해 매출과 영업이익 모두 하락했던 SK텔레콤이 올해 매출목표를 18조원으로 올려잡고 통신사업(MVNO) 혁신과 함께 미디어, 보안, 커머스 사업을 성장동력으로 키우기로 했다. SK텔레콤은 지난해 16조 8740억원의 매출을 올려 2016년(17조5200억원)보다 3.7% 줄었는데 이를 다시 끌어올린다는 계획이다.윤풍영 SK텔레콤 코퍼레이트센터장(CFO)은 “올해도 요금인하 영향이 지속적으로 작용할 전망이나 금년 중 이동전화 매출도 상승추세로 전환될 수 있게 하겠다”며 “지난해 미디어와 보안, 커머스를 중심으로 뉴ICT 기업으로 성장하는 기반을 마련했다. SK브로드밴드(IPTV+T커머스)의 두자리수 성장, ADT캡스·NSOK·SK인포섹 시너지와 함께, 소모적인 가격경쟁보다 고객 편의 중심으로 전환해 11번가의 손익분기점 달성을 이루겠다”라고 말했다.◇5G 투자는 합리적으로올해 3월 말이면 스마트폰 기반의 5G가 상용화된다. 하지만 SK텔레콤은 5G 설비투자(CAPEX)에 신중한 입장을 보였다. 윤 CFO는 “2019년 설비투자는 5G 서비스 및 요금 스킴, 장비 라인업 등이 명확해져야 발표할 수 있을 것”이라며 “5G 상용화로 총 설비투자가 다소 증가하겠지만, 추가 매출 수준과 연계한다는 기존 방침을 유지할 것”이라고 말했다.그는 “5G 투자는 상용화 및 시장 선도에 부담없도록 고객 수요를 면밀히 따져 투자하겠다”면서 “LTE 등 기존 투자를 탄력적으로 조정해서 비용조정을 합리화하고 최적의 수준을 정하겠다”고 부연했다.    ▲SK브로드밴드 미디어사업 매출과 OTT 옥수수 가입자◇하반기 통신 매출도 턴어라운드 목표…리베이트 차별금지법도 기대2018년 SK텔레콤의 이동전화 매출은 전년대비 7.1% 감소한 10.0조에 그쳤다.지난해 이동전화 가입자당매출(ARPU) 역시 3만2246원으로 전년대비 7.6%줄었다. 25% 요금할인(선택약정할인) 가입자 증가는 물론, 3분 무료 통화(안심로밍), 멤버십 한도 폐지, 1020세대를 위한 0플랜 등이 영향을 미친 것이다.윤풍영 CFO는 “본체의 이동통신 매출은 요금인하 효과가 지속되나 합리적 요금제 제시와 순증 가입자 확대를 통해 하반기 턴 어라운드를 기대한다. 5G 투자 등이 있지만 마케팅 비용 절감을 강화해 영향을 최소화하겠다”고 말했다.윤성은 SK텔레콤 CR혁신실장(상무)는 “변재일 의원이 리베이트 차별금지법을 발의했는데, 법안이 통과하면 통신사로선 마케팅 비용을 줄일 수 있고 이용자 차별도 근절해 이용자 편익에도 도움이 될 것”이라고 밝혔다.     11번가 영업이익 추이표◇넷플릭스 모델, 보안 본격 시너지, 커머스 손익분기점 목표미디어 인터넷스트리밍방송(OTT) 사업은 넷플릭스 모델을 지향한다. 윤 CFO는 “옥수수+푹 통합법인은 상반기 내 출범하며 통합법인 중심으로 외부 투자자가 펀딩할 예정”이라며 “국내 콘텐츠 강화와 더불어 동남아 중심의 해외 사업도 연내 출시할 것”이라고 말했다. 그는 “옥수수+푹의 수익모델은 넷플릭스처럼 기본적으로 구독형 가입자 기반의 VOD가 될 것”이라고 부연했다.보안 사업에 대해서는 SK텔레콤과 브로드밴드 유통망을 활용한 결합 판매(출동경비+무선통신, 출동경비+초고속인터넷 등) 강화와 융합 시너지를 강조했다. 윤 CFO는 “T맵과 협업해 보안 솔루션 기반의 주차 솔루션을 조만간 상용화할 예정”이라고 말했다.커머스 사업은 그룹 역량을 집중해 손익분기점 달성이 목표다. 그는 “AI·검색 등 SK텔레콤의 기술역량을 활용하고 5% 지분투자한 역직구 업체 코리아센터같은 외부 제휴로 수익성 있는 커머스 포털을 만들겠다”며 “마일리지, 고객 베이스, 서비스 등 텔레콤이 보유한 모든 유무형의 자산을 11번가와 연계하는 걸 추진할 예정”이라고 말했다.김현아 (chaos@edaily.co.kr)이데일리 채널 구독하면 [방탄소년단 실물영접 기회가▶]꿀잼가득 [영상보기▶] , 빡침해소!청춘뉘우스~ [스냅타임▶]＜ⓒ종합 경제정보 미디어 이데일리 - 무단전재 &amp; 재배포 금지＞ ]","['SK 텔레콤의 브랜드 가치는 어마무시하다!', '넷플릭스 모델 따라서 동남아 진출하겠다고?ㅋㅋ 그럼 가는 나라마다 서버 설치하고 망 비용 국가별로 수백억씩 내는 거 잊지 말고, 알았지?? ㅋㅋㅋㅋㅋㅋㅋㅋㅋㅋㅋ 통신사랑 콘텐츠사 사이에서 정체성 위기 올 듯', '', '', '']",http://biz.chosun.com/site/data/html_dir/2019/01/30/2019013000849.html,https://n.news.naver.com/mnews/article/018/0004303752?sid=105
2019.01.18.,매일경제,,"SK텔레콤, 작년 4분기도 부진…""선택약정할인 직격탄""(종합)",,,http://news.mk.co.kr/newsRead.php?year=2019&no=65171,https://www.kpinews.kr/
2019.01.08.,IT조선,,'최대 9일 꿀 연휴 ' 설날 준비도 온라인 쇼핑몰에서,,,http://it.chosun.com/site/data/html_dir/2019/01/07/2019010701029.html,http://www.ekn.kr
2019.01.18.,아이뉴스24,,"[오늘의 유통 단신] 농심, '십장생' 디자인 백산수 선봬 外",,,http://www.inews24.com/view/1149170,http://sports.donga.com/
2019.01.21.,인천일보,IT/과학,캠프마켓 반환 출발선 '정화조 부지' 측량,"[     정부가 추진하는 소상공인 간편결제 서비스 제로페이 사업에 카카오페이와 KT, 이베이코리아, 11번가 등이 참여하기로 했다.21일 중소벤처기업부에 따르면 제로페이 참여 사업자를 모집한 결과 총 15개 사업자가 본사업 참여를 신청했다. 카카오페이와 KT, 이베이코리아, 11번가는 물론 한국전자영수증, KG이니시스, 코스콤, 한패스, 핀크, 이비카드, 디셈버앤컴퍼니자산운용, 티모넷, 하렉스인포텍, KIS정보통신, KSNET 등이 신청했다.제로페이는 소상공인 가맹점 QR코드를 스캔하고 결제금액을 입력하면 구매대금이 계좌이체 되는 모바일 직거래 결제 서비스다. 중간단계인 신용카드사와 밴사를 거치지 않아 소상공인이 부담하는 수수료가 0%대다.스포츠동아 김명근 기자 dionys@donga.com▶ 연예현장 진짜 이야기  / 후방주의! 스타들의 아찔한 순간▶ 나의 아이돌을 픽♥ 해주세요. / 이번 주는 누가 1위?- Copyrights ⓒ 스포츠동아(http://sports.donga.com) 무단 전재 및 재배포 금지 -   ]",[],http://www.incheonilbo.com/news/articleView.html?idxno=926943,https://n.news.naver.com/mnews/article/382/0000704410?sid=105
2019-01-01 09:00:32,아이티비즈,,'젠하이저 모멘텀 트루 와이어리스' 완전 무선 이어폰 판매 호조,,,http://www.it-b.co.kr/news/articleView.html?idxno=27314,https://www.yna.co.kr/
2019-01-07 10:07:19,아주경제,,"젠하이저, '모멘텀 트루 와이어리스' 이벤트 진행","[   [제이지스타 제공]    (서울=연합뉴스) 이정현 기자 = MBC TV 아이돌 오디션 프로그램 '언더나인틴'이 오는 24일 오후 8시 11번가에서 '파이널 콘서트' 티켓 예매를 시작한다고 18일 예고했다.    콘서트는 다음 달 23일 오후 5시 올림픽공원 올림픽홀에서 열린다. 무대에는 '예비(아이)돌'들이 올라 화려한 보컬, 랩, 퍼포먼스를 보여줄 예정이다.    lisa@yna.co.kr▶연합뉴스 채널 구독하고 스타벅스 커피 드세요▶뭐 하고 놀까? #흥  ▶쇼미더뉴스! 오늘 많이 본 뉴스영상  ]",[],http://www.ajunews.com/view/20190110171804051,https://n.news.naver.com/mnews/article/001/0010588269?sid=106
2019-01-31 18:29:41,전남매일,,"우체국, 해남배추 판로개척 나서",,,http://www.jndn.com/article.php?aid=1547715432274659100,http://www.lawissue.co.kr
2019-01-21 16:46:07,스포츠동아,,‘대세’ e커머스…‘설 선물’ 시장까지 휩쓸까,,,http://sports.donga.com/3/all/20190116/93736043/3,http://www.sisamagazine.co.kr
2019-01-18 16:53:00,뉴스웍스,,"'언더나인틴', 온라인 4차 투표 방법 공개… 아이디 당 3명씩 투표 가능",,,http://www.newsworks.co.kr/news/articleView.html?idxno=327601,http://www.metroseoul.co.kr
2019.01.21.,디지털타임스언론사 선정,,‘새벽 배송의 힘’ 온라인몰 매출 껑충,,,http://www.dt.co.kr/contents.html?article_no=2019013002109958027003&ref=naver,http://www.ekn.kr
2019.01.08.,데일리한국,,"SK텔레콤, 지난해 영업익 1조2018억…전년比 22%↓",,,http://daily.hankooki.com/lpage/ittech/201901/dh20190131104111138250.htm,http://www.lawissue.co.kr
2019.01.18.,뉴스웍스,,"'언더나인틴', 온라인 4차 투표 방법 공개… 아이디 당 3명씩 투표 가능",,,http://www.newsworks.co.kr/news/articleView.html?idxno=327601,http://www.sisamagazine.co.kr
2019.01.07.,기호일보,,"우체국, 폐기 위기 ‘해남배추’ 살리기 나섰다",,,http://www.kihoilbo.co.kr/?mod=news&act=articleView&idxno=787567,http://www.newsworks.co.kr/
2019.01.21.,디스이즈게임,,"에이수스, 세계에서 가장 작은 13, 14인치 노트북 ‘All-New 젠북 13 및 14’...",,,http://www.thisisgame.com/webzine/game/nboard/225/?n=90383&utm_source=naver&utm_medium=outlink&utm_campaign=thisisgame&utm_content=90383&nogate,http://www.metroseoul.co.kr
2019.01.01.,전라일보,,경진원 설맞이 프로모션 실시,,,http://www.jeollailbo.com/news/articleView.html?idxno=560114,http://www.etoday.co.kr
2019.01.02.,시사저널이코노미,,2019년은 일회용품 없는 해,,,http://www.sisajournal-e.com/news/articleView.html?idxno=194147,http://www.enewstoday.co.kr/
2019.01.29.,굿모닝경제,,젠하이저 모멘텀 트루 와이어리스 블루투스 이어폰 눈길,,,http://www.kpinews.co.kr/news/articleView.html?idxno=87864,http://www.nspna.com/
2019.01.11.,스포츠월드,,워너원 콘서트 공식 굿즈 예약판매 시작,,,http://www.sportsworldi.com/content/html/2019/01/02/20190102601164.html,http://it.chosun.com/
2019.01.18.,전기신문,,"화웨이, '미디어패드 M5 10'와 '화웨이 밴드 3 프로' 출시",,,http://www.electimes.com/article.php?aid=1547455012172186091,http://it.chosun.com/
2019.01.11.,스포츠월드,,워너원 콘서트 공식 굿즈 예약판매 시작,,,http://www.sportsworldi.com/content/html/2019/01/02/20190102601164.html,http://it.chosun.com/
2019.01.18.,전기신문,,"화웨이, '미디어패드 M5 10'와 '화웨이 밴드 3 프로' 출시",,,http://www.electimes.com/article.php?aid=1547455012172186091,http://it.chosun.com/
2019.01.01.,매일경제,,`직구강자` 코리아센터 영토 확장…中현지기업과 합작법인 신설,,,http://news.mk.co.kr/newsRead.php?year=2019&no=3658,http://www.newsworks.co.kr/
2019.01.21.,MK스포츠,,"‘언더나인틴’, 온라인 4차 투표 방법 공개..3명씩 투표 가능",,,http://sports.mk.co.kr/view.php?year=2019&no=29918,http://www.itdaily.kr/
2019.01.02.,IT조선,,"SKT, 2018년 영업익 21.8% ↓…“선택약정 가입자 증가 영향”(종합)",,,http://it.chosun.com/site/data/html_dir/2019/01/31/2019013101075.html,http://www.newsprime.co.kr
2019.01.08.,엑스포츠뉴스,,"엑소 카드지갑 패키지 한정판, 1월 11일(금)부터 예약판매 실시",,,http://www.xportsnews.com/?ac=article_view&entry_id=1063889,http://www.ebn.co.kr
2019.01.21.,디지털투데이,,오늘의 간추린 키뉴스 (2019.1.7),,,http://www.digitaltoday.co.kr/news/articleView.html?idxno=206093,http://www.ajunews.com
2019.01.18.,지디넷코리아,,"에이수스, 노트북 보증기간 연장 &apos;프리미엄 케어&apos; 런칭",,,http://www.zdnet.co.kr/ArticleView.asp?artice_id=20190109094236,http://ddaily.co.kr
2019.01.22.,전북중앙,IT/과학,"경진원, 2019 설맞이 프로모션 진행","[     - 인크로스, 국내 이커머스 플랫폼 이용 현황 데이터 발표   [디지털데일리 이대호기자] 디지털 광고 전문기업 인크로스(대표 이재원)는 ‘미디어 데이터 클리핑’ 보고서를 통해 국내 이커머스 플랫폼 이용 현황 데이터를 18일 발표했다. 보고서엔 국내 이커머스 앱과 웹사이트 이용 현황, 국내 이커머스 디바이스별 이용 행태, 국내 주요 이커머스 트래픽 현황 조사 내용이 담겼다.   인크로스가 2018년 12월 이커머스 플랫폼 이용 현황 분석 결과, 순 방문자 앱 부문 1위는 ‘쿠팡(약 809만 명)’으로 조사됐다. 이는 전월 1위였던 ‘11번가(전월 기준, 781만명)’의 순 방문자 수를 넘어선 수치다. 웹 부문에서는 ‘지마켓(약 952만명)’, ‘11번가(약 912만명)’, ‘옥션(약 870만명)’ 순으로 나타났으며 오픈 마켓이 주를 이뤘다.   월 평균 실행 횟수 및 페이지뷰가 가장 많았던 앱은 ‘당근마켓(85.2회)’이다. ‘위메프(56.1회)’, ‘티몬(37.0회)’, ‘지마켓(31.4회)’ 등이 그 뒤를 이으나 1위와의 격차가 두드러졌다. 웹 부문에서는 ‘뽐뿌(144.0회)’가 월 평균 실행 횟수 1위로 집계됐으며 이외에도 ‘예스24(40.7회, 3위)’, ‘다나와(29.8회, 5위)’처럼 도서, 가전 등 특정 카테고리에 특화된 전문몰이 순위권으로 올라왔다.   이커머스 평균 체류시간의 경우 앱 부문에서는 ‘당근마켓(264.1분)’, 웹에서는 ‘뽐뿌(75.5분)’가 1위를 차지했다. 인크로스는 당근마켓과 뽐뿌는 커뮤니티형 이커머스 플랫폼 특성상 타 플랫폼 대비 제품의 스토리가 전달되고 소비자들이 이를 흡인력 있게 살펴보는 경향이 있는 것으로 봤다. 제품 구매 시 리뷰나 제품 경험을 중시하는 소비 트렌드 역시 당근마켓과 뽐뿌의 체류시간이 길어진 주요 원인으로 분석했다.      ◆‘옥션’은 PC, ‘11번가’는 모바일 앱, ‘지마켓’은 모바일 웹으로 접속=2018년 11월 기준 이커머스 온라인 전체 순 방문자 수 1위는 ‘지마켓(1710만명)’으로 집계됐으며 ‘11번가(1660만명)’, ‘옥션(1430만명)’이 그 뒤를 이었다. 지마켓은 PC보다 모바일 비중이 더 높았고 모바일 앱보다는 모바일 웹에서 접속하는 비율이 더 많았다. 11번가는 지마켓과 달리 모바일 앱에 바로 접속하는 경향을 보였으며, 옥션은 PC 이용 비중이 높았고 모바일에서도 주로 웹을 통해 이용됐다.   지마켓은 오픈 마켓 중에서도 포털 사이트 내 광고 구좌에 많이 노출되고 있어 앱으로 직접 접속하지 않고 뉴스를 보기 위해 포털 사이트에 접속했다가 지마켓으로 유입되는 트래픽이 많은 것으로 분석됐다. 11번가의 경우 모바일 앱 활성화를 위한 전략적인 마케팅 활동이 효과를 거두고 있으며, SK텔레콤 단말기에 11번가 앱이 기본으로 탑재돼 있는 것 또한 모바일 앱 사용 비중이 높은 요인으로 꼽혔다.   한편 지마켓, 11번가, 옥션은 타사 대비 PC 이용 비중이 전체적으로 높았고, 그 중에서도 ‘남성’과 ‘40대’ 이용자가 많은 것으로 나타났다. 이들 플랫폼은 공통적으로 익숙한 이용자환경(유저인터페이스)을 제공하고 있는 가운데 익숙한 것을 선호하는 40대와 남성 소비자가 지속적으로 이용하기 때문인 것으로 추측된다. 또한 남성들은 주로 PC, 카메라처럼 소비자 관여도가 높은 전자제품을 구매하는 경향이 있는데 구매 전 큰 화면이나 다중 창으로 제품을 면밀하게 탐색하려는 경향과도 연관성이 깊다.  ◆트래픽 증가율 가장 가파른 이커머스는 ‘쿠팡’=2018년 4분기 ‘쿠팡(20.2%)’과 ‘위메프(15.5%)’는 전 분기 대비 높은 트래픽 성장률을 보였다.      그 중 가장 가파른 증가율을 보인 ‘쿠팡’은 지난해 12월 소프트뱅크로부터 약 2조2500억원을 투자 받은 직후 물류센터 인프라 확충에 착수하는 등 전향적인 사업 추진과 함께 트래픽이 유의미하게 증가한 것으로 인크로스는 추정했다. 이와 같이 향후에는 물류센터를 확장해 배송 경쟁력을 강화하고 신선식품을 빠르게 배송해주는 등 ‘유통 퍼스트’ 전략을 펼치는 이커머스 플랫폼의 성장세가 두드러질 것으로 예상된다.   이재원 인크로스 대표는 “모바일 기기를 매개로 한 이커머스가 주요 쇼핑 채널로 자리매김하면서 매년 성장세를 이어가는 가운데 간편결제, 디지털 마케팅 등 관련 산업의 중요성 역시 점점 증가할 것으로 예상된다”며 “빠르게 변모하는 이커머스 환경과 소비 트렌드를 읽어내는 것이 향후 디지털 마케팅의 핵심 과제인 만큼 이번 리포트가 현업에 종사하는 분들께 도움이 되기를 바란다”고 말했다.   &lt;이대호 기자&gt;ldhdd@ddaily.co.krIT언론의 새로운 대안[디지털데일리]IT정보의 즐거운 업그레이드[딜라이트닷넷]뉴스채널 설정 - 네이버 메인에서 디지털데일리 뉴스를 볼 수 있어요.이대호(ldhdd@ddaily.co.kr)&lt;저작권자 © 디지털데일리 무단전재-재배포금지&gt;   ]","['당근마켓은 처음들어보네', '네이버광고로 돈 쏟아부으니 방문1등이다\n하지만방문만 일등일뿐 속은 썩었다\n속빈강정 = 쿠팡', '당근마켓 광고임?', '“이커머스 순방문자 1위 앱 ‘쿠팡’…가장 오래 머문 앱은 ‘당근마켓’”, 기사 잘 보았습니다. 여러분! 더치트를 확인하시면 도움될 수 있으니 참고하세요. https://thecheat.co.kr', '다나와', '']",http://www.jjn.co.kr/news/articleView.html?idxno=763912,https://n.news.naver.com/mnews/article/138/0002069410?sid=105
2019.01.08.,연합뉴스,,"SKT, 새학기 맞아 초·중·고·대학생 맞춤혜택 제공",,,http://yna.kr/AKR20190130061100017?did=1195m,http://it.chosun.com/
2019-01-18 16:40:17,연합뉴스,,"SKT, 새학기 맞아 초·중·고·대학생 맞춤혜택 제공",,,http://yna.kr/AKR20190130061100017?did=1195m,http://www.metroseoul.co.kr
2019.01.22.,셀럽미디어,,'언더나인틴' 4차 투표 시작…하루 3명의 예비돌에게 투표가능,,,http://www.theceluv.com/article.php?aid=1547519546232255010,http://it.chosun.com/
2019.01.08.,머니투데이방송,,"SKT, 지난해 영업익 1조2018억…전년比 22% 감소",,,http://news.mtn.co.kr/newscenter/news_viewer.mtn?gidx=2019013110352332391,http://www.metroseoul.co.kr
2019.01.11.,농장에서식탁까지,,"가락24, '설맞이 선물상품 특별 기획전' 열어",,,http://www.farminsight.net/news/articleView.html?idxno=1465,https://www.asiae.co.kr/
2019.01.02.,전자신문언론사 선정,경제,"실적 부진 SKT, 뉴ICT로 반등 노려","[     [아시아경제 이지은 기자] 주요 온라인몰이 새해부터 최대 40%대 할인율을 제시하며 특급 세일에 나선다. 설을 앞두고 선물세트와 자기관리 상품, 여행상품까지 수요가 급증하면서 이들의 마음을 잡기 위해 다양한 상품을 저렴하게 제시하고 나섰다. 11번가는 11일 올해 첫 '11번가 데이'를 진행한다. 11번가는 매월 11일을 11번가의 날로 정해 주방용품, 인테리어소품, 가공식품, 브랜드 의류 등 총 122개 카테고리의 모든 상품에 T멤버십 11% 할인을 제공하고 있다. T멤버십 고객이라면 누구나 이날 하루 1회 혜택(최대 5000원 할인)을 받을 수 있으며, 주문 결제 시에는 다른 할인혜택과 중복해서도 할인을 받을 수 있다. 일부 상품은 최대 22% T멤버십 할인이 제공된다. 만능믹서 텀블러가 정가(3만9800원) 대비 25% 할인된 2만9800원에 판매되며, 매일 다른 브랜드의 할인 상품을 만날 수 있는 '워너비' 해피콜과 빈폴 20% 할인쿠폰, 나이키 10% 할인쿠폰을 제공한다.이베이코리아가 운영하는 G마켓도 11일 금요일 특가 프로모션 '슈퍼프라이데이'를 리뉴얼 오픈한다. 지난해 8월 행사 시작 이후 금요일 판매 실적이 최대 4배 이상 증가하는 등 성공적으로 안착하면서, 올해부터 고객 혜택을 더욱 보강하기 위해서다. 슈퍼프라이데이는 매주 금요일 마다 인기 브랜드상품을 독보적인 혜택과 가격으로 선보이고, 주요 카테고리를 선정해 쿠폰 및 카드사 할인 등의 고객 혜택을 몰아주는 데이 프로모션으로 지난해 8월 10일 첫 선을 보인 이래 지난 한 해 동안 총 15회에 걸쳐 진행됐다.    G마켓은 단독 항공권 특가 프로모션도 함께 진행한다. 싱가포르항공과 비즈니스클래스 왕복 항공권을 140만원대부터 판매하며, 스마일클럽 회원에게 이번달 31일까지 사용할 수 있는 싱가포르항공 비즈니스클래스 전용 항공권 최대 20만원 할인 쿠폰과 싱가포르 호텔 5% 중복 할인 쿠폰을 증정한다. 매일 스마일클럽 회원 1000명에게 항공권 최대 5만원 할인(30만원 이상 결제 시) 쿠폰도 선착순 지급한다.인터파크는 이달 14일부터 내달 1일까지 '2019 가득한 설' 기획전을 진행한다. 매일 오전 11시에 한 개의 제품을 한정 수량 특가로 선보이는 '오늘의 초특가' 카테고리를 열고 선물용으로 수요가 높은 건강 식품부터 연휴 기간 동안 가족들이 함께 사용하기 좋은 여행 관련 상품, 공연 상품 등 전문 상품담당자(MD)가 엄선한 설날 인기 제품을 최대 44% 할인 판매한다. 14일 샤오미 캐리어 20인치를 4만8900원에, 18일 CJ 스팸 8호를 1만9900원에, 22일 보토 쿡에어 대용량 에어프라이어 5L를 7만9900원에, 23일 정관장 홍삼원 50㎖ 30포를 1만7900원에 각각 판매한다.이지은 기자 leezn@asiae.co.kr▶ 네이버 홈에서 '아시아경제' 뉴스 확인하기▶ 재미와 신기 '과학을읽다' ▶ 꿀잼 '인기만화'&lt;ⓒ경제를 보는 눈, 세계를 보는 창 아시아경제 무단전재 배포금지&gt;   ]",[],http://www.etnews.com/20190131000221,https://n.news.naver.com/mnews/article/277/0004392410?sid=101
2019.01.18.,전민일보,,경진원 2019 설맞이 프로모션 실시,,,http://www.jeonmin.co.kr/news/articleView.html?idxno=195330,http://www.lawissue.co.kr
2019.01.21.,NSP통신,,"올웨이즈블루, 한우선물세트 ‘한우명가’ 대중화 나서",,,http://www.nspna.com/news/?mode=view&newsid=333058,http://www.sedaily.com
2019.01.01.,뉴시스,경제,"SKT ""5G시대 동반 성장하자""…'뉴 ICT 콜라보데이'","[     [서울경제] 건강식품 대표 브랜드 GNM자연의품격은 네이버 ‘타임특가’ 및 11번가 ‘완벽한 설날 브랜드딜’ 행사를 통해 설 선물 추천 아이템을 파격 할인가에 제공한다고 밝혔다.오는 21일(월)에는 오전 6시부터 오후 6시까지 총 12시간 동안 네이버 타임특가 행사가 진행된다. 건강식품 카테고리 대표로 GNM자연의품격 건강기능식품이 선정돼, 행사 메인 상품인 ‘건강한 간 밀크씨슬’ 외 17종의 건강기능식품을 저렴한 가격대에 만나볼 수 있다.‘건강한 간 밀크씨슬’은 네이버 누적 상품평 5만 5천건을 돌파한 ‘밀크씨슬’ 상품평 1위 베스트셀러다. 간 건강에 도움을 줄 수 있는 밀크씨슬(밀크시슬·Milk Thistle) 추출물 외에 비타민 B군 5종을 함유해 음주 및 피로에 지친 직장인들 사이에서 관심이 높다. 특히, 이번 행사 기간에는 5박스 구성이 18,900원으로 1박스당 3,780원이라는 초특가에 구매 가능하다.이 외에도 명절에 더욱 인기가 높은 선물세트 5종(밀크씨슬, 루테인오메가3, 루테인11, 코큐텐11, 종합비타민미네랄15)과 ‘진일품 홍삼스틱’ 2종, ‘칼슘마그네슘아연비타민D’, ‘프로폴리스05’, ‘알티지오메가3’, ‘하와이안 스피루리나’, ‘비타민D 2000IU’, ‘액티브 비타민B 콤플렉스’에 대해 할인 및 무료배송 혜택을 마련했다.이후 25일(금)에는 11번가에서 선정한 브랜드만 참여 가능한 ‘완벽한 설날 브랜드딜’ 행사가 단 하루 동안 오픈 될 예정이다. 11번가 단독 출시 선물세트(밀크씨슬&amp;루테인11 혼합구성)를 포함한 건강기능식품 5종과 양배추즙, 석류즙 등 즙 제품 8종까지 인기 상품을 대상으로 설 맞이 더블 쿠폰(11번가 쿠폰 10% + 중복쿠폰 10%)을 증정한다.업체 관계자는 “가격 부담 없이 실속 있는 명절 선물을 준비하기에 이번 할인 행사가 좋은 기회가 될 것”이라며, “네이버, 11번가 외 GNM자연의품격이 입점 되어 있는 다른 온라인몰에서도 설 맞이 다채로운 프로모션을 지속 선보일 예정이니 많은 관심과 성원 부탁드린다”고 말했다.본 행사에 대한 자세한 내용은 모바일 네이버쇼핑 멘즈판 최상단 구좌, GNM자연의품격 네이버 스마트스토어 및 11번가 사이트의 완벽한 설날 기획전을 통해 확인할 수 있다./김동호기자 dongho@sedaily.com[서울경제 바로가기]Telegram으로 서울경제 뉴스를 실시간으로 받아보세요 [바로가기▶]프리미엄 미디어 Signal이 투자의 바른 길을 안내합니다 [바로가기▶]저작권자 ⓒ 서울경제, 무단 전재 및 재배포 금지   ]",[],http://www.newsis.com/view/?id=NISX20190130_0000545856&cID=13001&pID=13000,https://n.news.naver.com/mnews/article/011/0003488944?sid=101
2019.01.18.,파이낸셜뉴스,,이커머스업계 '설 마케팅' 시동,,,http://www.fnnews.com/news/201901071746197332,http://www.digitaltoday.co.kr/
2019.01.10.,마켓뉴스,,"HDC영창, 전자 디지털피아노, 신디사이저 1월 8일 하루 특별 행사진행",,,http://www.marketnews.co.kr/view.php?ud=2019010813201238106cf2d78c68_24,http://www.lawissue.co.kr
2019.01.21.,NSP통신,,"올웨이즈블루, 한우선물세트 ‘한우명가’ 대중화 나서",,,http://www.nspna.com/news/?mode=view&newsid=333058,http://www.naeil.com
2019-01-11 10:25:34,뉴시스,,"SKT ""5G시대 동반 성장하자""…'뉴 ICT 콜라보데이'",,,http://www.newsis.com/view/?id=NISX20190130_0000545856&cID=13001&pID=13000,http://www.newsworks.co.kr/
2019-01-18 12:01:04,파이낸셜뉴스,,이커머스업계 '설 마케팅' 시동,,,http://www.fnnews.com/news/201901071746197332,http://www.digitaltoday.co.kr/
2019.01.02.,마켓뉴스,,"HDC영창, 전자 디지털피아노, 신디사이저 1월 8일 하루 특별 행사진행",,,http://www.marketnews.co.kr/view.php?ud=2019010813201238106cf2d78c68_24,http://www.cnbnews.com
2019.01.21.,전북도민일보,,"전북경제통상진흥원, 설맞이 지역특산품 프로모션 진행",,,http://www.domin.co.kr/news/articleView.html?idxno=1226880,http://www.digitaltoday.co.kr/
2019.01.25.,뉴시스,,"SK텔레콤 ""요금인하로 무선매출 역성장...하반기 반등 기대""(종합)",,,http://www.newsis.com/view/?id=NISX20190131_0000547864&cID=13001&pID=13000,http://it.chosun.com/
2019.01.15.,아시아경제,,SKT 작년 영업익 전년比 21.8%↓.. 5G·미디어로 파고 넘는다,,,http://view.asiae.co.kr/news/view.htm?idxno=2019013110424381792,http://www.ebuzz.co.kr
2019.01.14.,뉴스핌,,"[3보] SK텔레콤, 작년 영업익 부진…하이닉스덕에 순익 늘어",,,http://www.newspim.com/news/view/20190131000392,http://www.datanet.co.kr
2019.01.08.,뉴스1,,작년 온라인 매출 15.9% 껑충···대형마트는 '마이너스',,,http://news1.kr/articles/?3537204,http://www.mhj21.com
2019.01.11.,서울와이어,,"화제의 중심에 선 완전 무선 이어폰, '젠하이저 모멘텀 트루 와이어리스' 인기...",,,http://www.seoulwire.com/news/articleView.html?idxno=50567,http://www.ekn.kr
2019.01.15.,서울와이어,,"화제의 중심에 선 완전 무선 이어폰, '젠하이저 모멘텀 트루 와이어리스' 인기...",,,http://www.seoulwire.com/news/articleView.html?idxno=50567,http://ddaily.co.kr
2019.01.21.,시사포커스,IT/과학,"SK텔레콤, 지난해 영업익 1조2018억…전년比 21.8%↓","[     [디지털데일리 이형두기자] 민족 대명절 설 연휴가 보름 앞으로 다가왔다. 올해 설은 오는 2월4일부터 6일까지다. 이커머스 업체들은 각기 프로모션을 선보이며 설 특수 손님맞이 준비에 분주해졌다.    설 프로모션 주요 상품은 선물세트, 제수용품과 차례음식 등이다. 올해는 경기침체 여파로 ‘가성비(가격 대비 성능비)’ 높은 상품과 선물세트에 집중되는 경향이 두드러진다. 여행권 특가 상품을 설 프로모션에 끼워넣는 업체도 늘어나는 추세다. 가족과 함께 연휴를 보내는 대신 여행을 떠나는 ‘혼설족’ 고객을 잡기 위해서다.     ◆‘포털커머스’ 11번가, 설 선물 큐레이션 고도화 = 11번가(대표 이상호)는 오는 30일까지 설 프로모션 ‘완벽한 설날’을 진행한다. 할인 혜택 외에도 상품 추천과 큐레이션에 집중했다. 이번 주 중으로 선물 검색 추천 서비스를 선보일 예정이다.    고객들이 직접 비교검색하지 않아도 선물 대상이나 목적에 맞는 상품을 제안하는 방식이다. 11번가 검색창에 ‘설날 선물세트’ 설날 부모님 선물 추천‘ 등을 검색하면 ▲부모님 ▲친인척▲지인 ▲선생님 추천 인기 상품을 보여주는 방식이다. 지난 2017~2018년 많이 검색된 키워드와 인기 설 구매 리뷰를 교차 분석했다.     지역생산자나 브랜드사와의 협업을 통해 가성비 좋은 상품 수급에도 집중했다. 11번가 임현동 마트 담당은 “고객들이 어떤 상품을 사야 할지 고민하고 여러 상품의 품질과 가격을 비교하는 과정에서 겪는 스트레스를 줄이기 위해, 품질 좋은 상품 수급에 힘썼다”며 “큰 고민 없이도 믿고 구매할 수 있도록 지역생산자들의 이름을 내건 신선 선물세트나 제조사와의 협업을 통해 가성비를 앞세운 11번가 단독구성 상품 마련에 집중했다”고 설명했다.   또 하루 3개씩 ‘세배 딜’ 상품을 선보인다. 설맞이 10% 할인쿠폰, 상품별 중복 할인 보너스 쿠폰(최대 22%), T멤버십 할인(최대 22%)까지 동시에 적용할 수 있게 했다.    ◆1만~2만원대 가성비 제품 집중, 이베이코리아 = 이베이코리아(대표 변광윤) 지마켓도 가성비에 집중했다. 특히 1만원대 이하 ‘실속형 선물세트’ 비중을 전년 대비 15% 늘렸다.    지마켓에서는 ▲쿠폰 혜택 ▲오늘의 특가 ▲설 브랜드 데이 ▲설 추천키워드 ▲설 테마관 등 5개의 코너를 이용할 수 있다. 우선 전 고객에게 10% 할인쿠폰(최대 5000원)을 2장씩 제공한다. 이베이코리아 유료 멤버십 서비스인 ‘스마일클럽’ 회원은 12% 할인 쿠폰이 추가로 주어진다. 6대 백화점 상품 구매 시 7% 추가할인 쿠폰을 이용할 수 있다.    생활선물세트, 식품, 생활가전 등 인기 명절 선물은 ‘오늘의 특가’에서, 아모레퍼시픽, 애경, 동원 F&amp;B 등 인기 브랜드 별 선물세트는 ‘설 브랜드 데이’에서 특가 상품을 확인해 볼 수 있다. 상품 상당수가 1만원~2만원 수준으로 구입 부담이 적다. 이밖에 가성비 선물세트는 설 테마관 ‘실속선물’ 코너에 준비됐다. 한우, 굴비 등 고급 선물세트는 ‘품격선물’ ‘지마켓 한수위’ 코너에 별도로 마련돼 있다.    빠른 배송이 필요한 고객들을 위한 ‘스마일배송’ 전용 코너도 있다. 평일 오후 6시까지 주문하면 당일 ‘발송’해 준다. 스마일클럽 회원에게는 무료배송 쿠폰도 제공된다. 설 제수용품, 설빔, 귀경길 준비물 등으로 구성됐다.     지마켓 마케팅실 임정환실장은 “올해 짧은 설 연휴로 귀포(귀향포기)족이 늘면서 온라인몰을 통해 고향으로 직접 선물을 배송하려는 고객 수요가 늘 것으로 예상된다” 며 “이번 설 기획전은 품질과 가성비를 모두 따져 소비자들의 명절 부담을 최대한 줄일 수 있도록 구성한 만큼 합리적인 가격으로 쇼핑 할 수 있는 기회가 될 것”이라고 말했다.    이베이코리아 옥션도 쿠폰 혜택은 지마켓과 대동소이하다. 상품 구성은 ‘설선물세트’ ‘상품권’ ‘아동한복’ 등 키워드 중심으로 정리했다. 다만 옥션에서만 선보이는 특가상품도 있으므로 별도로 확인할 필요는 있다.    ◆선물세트 '대량 구매'는 쿠팡에서 = 직원 선물용 등 대량으로 선물세트를 구입해야 한다면 쿠팡을 고려해볼 수 있다. 선물세트 10~50개 가량을 묶어서 판매하는 ‘설 선물세트’ 기획전의 혜택이 크다. 대상 품목에는 홍삼, 영양제, 건강즙, 참치/햄 등 대부분 선물세트가 포함된다.    상품별로 최대 20% 할인 쿠폰을 제공하고, 신용카드(KB국민, NH농협, 비씨, 우리, 기업)로 결제 시 상품 결제 가격의 10%를 쿠팡캐시로 돌려준다. 한 ID에서 하루에 받을 수 있는 최대 혜택은 카드별 10만원이다. 기타 쿠폰 행사와 중복 적용이 가능하며, 오는 19일 자정까지 진행되는 프로모션이다.    이밖에 쿠팡은 ‘2019 설’ 페이지를 별도로 운영하고 있다. 선물관, 준비관, 테마관, 여행관 등 카테고리로 구성해 편의성을 높였다. 설 고객을 타깃으로 한 별도 할인 쿠폰이나 특가 상품은 없다. 기존 할인율이 그대로 적용된다.    설 제수용품은 신선식품 새벽배송 서비스인 ‘로켓프레시’를 이용하면 편리하다. 달걀, 과일, 정육, 수산물 등을 자정 전까지 주문하면 다음날 아침 7시 이전에 배송된다. 주말에도 배송되며, 배송료는 무료다. 쿠팡 멤버십 서비스인 ‘로켓와우클럽’ 가입자만 이용할 수 있다. 현재 쿠팡은 로켓와우 무료체험 프로모션을 진행 중이다.    &lt;이형두 기자&gt;dudu@ddaily.co.kr IT언론의 새로운 대안[디지털데일리]IT정보의 즐거운 업그레이드[딜라이트닷넷]뉴스채널 설정 - 네이버 메인에서 디지털데일리 뉴스를 볼 수 있어요.이형두(dudu@ddaily.co.kr)&lt;저작권자 © 디지털데일리 무단전재-재배포금지&gt;   ]",[],http://www.sisafocus.co.kr/news/articleView.html?idxno=201530,https://n.news.naver.com/mnews/article/138/0002069271?sid=105
2019.01.31.,골프타임즈,,"엑소 카드지갑 패키지 한정판, 11일 예약판매",,,http://www.thegolftimes.co.kr/news/articleView.html?idxno=38500,http://www.ftoday.co.kr/
2019-01-15 09:35:12,뉴스1,,"SKT '콜라보데이' 개최…""동반성장센터, 협력사에 개방""",,,http://news1.kr/articles/?3537109,http://www.inews24.com/
2019-01-31 18:13:22,국민일보,IT/과학,여보! 올 설날에는 사먹을까,"[ 지난해 매출 16.8조- 영업익 1.2조 …""턴어라운드 기대""[아이뉴스24 김문기, 도민선 기자] SK텔레콤이 지난해 부진을 딛고 올해 뉴ICT 전략을 통한 실적 턴어라운드를 꾀한다.성장세를 이어가는 미디어 사업에 방점을 찍는 한편, 수익성이 둔화됐던 MNO(무선)사업도 5세대통신(5G)을 계기로 하반기 턴어라운드를 예상했다. 전반적인 사업실적 개선으로 올해 연결기준 매출 목표도 전년대비 6% 가량 늘어난 18조원으로 잡았다.SK텔레콤(사장 박정호)는 K-IFRS 1115호 연결 재무제표 기준으로 지난해 매출 16조8천740억원, 영업이익 1조2천18억원, 순이익 3조1천320억원을 기록했다고 31일 발표했다. 매출과 영업이익은 구 회계기준으로 전년 대비 각각 3.7%, 21.8% 줄었다.이는 예상된 부진이었다. 선택약정할인 확대 및 관련 가입자 증가 등 여파를 피해가지 못한 것. 이에 더해 요금할인 등 8대 고객가치 혁신 활동도 수익성 하락에 일부 영향을 준 것으로 풀이된다.다만, 이를 통한 고객 충성도 상승 등 효과에 미디어, 비 통신 분야 사업 성장세 등 올해 실적 반등의 가능성은 열어뒀다.실제로 지난해 4분기 미디어, 보안 사업 등 신성장동력 부문 매출은 전분기보다 3.9% 증가한 4조3천517억원을 기록했다. 미디어 부문은 사상최대 실적을 올렸다.이에 더해 미디어 사업은 최근 SK브로드밴드의 옥수수와 지상파3사 푹을 통한 토종 인터넷동영상서비스(OTT)연합을 꾸렸고, 미국 지상파 싱클레어와 협력 등 관련 경쟁력을 더욱 강화하고 있다.보안은 ADT캡스와 NSOK, SK인포섹의 경쟁력 결합과 함께 SK텔레콤과 SK브로드밴드의 유통채널력과 기술력이 결집돼 향후 이에 따른 매출 확대 등도 기대된다.    SK텔레콤이 지난해 예상된 부진을 딛고 올해 뉴ICT 전략을 통해 반등을 모색한다◆ ""ICT 포토폴리오 완성 최적 시기에 지배구조개편""SK텔레콤의 올해 실적 개선은 지배구조개편을 위한 '뉴ICT 포트폴리오' 전략과도 맞닿아 있다.윤풍영 SK텔레콤 코페레이트센터장(CFO)은 실적 컨퍼런스콜을 통해 ""지배구조개편과 기업가치제고를 지속 검토하고 있다""며, ""이의 일환으로 ICT 포트폴리오를 강화하고 있다""고 강조했다.이어, ""지난해는 비 통신 사업중 보안과 커머스에서 ADT캡스 SK인포섹 인수와 11번가 투자 유치 등을 이뤘다""며, ""올해도 미디어, 보안, 커머스 등 비통신 사업 가치를 올려 시너지 및 지배구조 효과를 극대화하는데 노력할 것""이라고 덧붙였다.또 ""현재는 미디어 사업가치 상승 등 기반 마련에 집중하고 있다""며, ""옥수수와 푹 (통합 등) 지상파와 협력으로 상반기 가시적인 성과가 나올 것으로 예상한다""고 설명했다.SK텔레콤은 통합OTT 서비스에 넷플릭스와 같은 수익모델 적용을 검토 중이다.윤 CFO는 ""상반기 중 옥수수와 푹 통합법인을 출범시키고 연내 동남아시아를 중심으로 해외사업을 시작할 것""이라며, ""통합법인 출범 후 외부펀딩을 받고, 넷플릭스와 같은 구독형 VOD 형태 수익모델을 고려하고 있다""고 말했다.커머스 사업도 발을 넓힌다. 이를 통한 그룹 계열간 시너지 제고에도 나선다.윤 CFO는 ""SK텔레콤이 보유한 모든 유무형 서비스를 11번가에서 판매하는 방안을 추진한다""며, ""11번가가 SK그룹 ICT 패밀리 일원으로 시너지를 강화하겠다""고 말했다.특히 ADT캡스는 SK텔레콤 실적 개선에 중추적 역할을 담당할 것으로 예상된다.윤 CFO는 ""SK텔레콤이 보유한 유통 경쟁력과 기술력으로 ADT캡스의 추가 성장을 돕겠다""고 강조했다.SK텔레콤은 ""ICT포트폴리오가 완성되는 최적의 시점에 지배구조 개편을 단행한다""는 계획이다.     [자료=SKT]◆ 부진했던 MNO 사업, 하반기 턴어라운드SK텔레콤은 수익성이 하락세인 MNO(무선) 사업도 올 하반기를 기점으로 턴어라운드 할 것으로 기대했다.윤 CFO는 ""올해 5G 상용화를 통한 이동통신 매출 상승은 보안, 커머스, 미디어 등과 연결돼 전년대비 1조원 이상의 개선이 있을 것""이라며, ""요금인하 효과는 지속되겠지만 합리적 요금제 제시, 가입자 순증 등에 힘입어 하반기 (실적) 턴어라운드를 예상하고 있다""고 자신했다.이를 위해 5G 투자에 집중할 계획이다.윤 CFO는 ""5G 투자는 상용화와 시장선도에 부족함이 없도록 고객수요를 따져 집행하겠다""며, ""LTE 등 기존 네트워크 설비 투자금액을 탄력적으로 조정해 비용을 절감하고 최적의 투자규모를 정하겠다""고 설명했다.이어 ""5G 상용화로 설비투자액이 증가할 수 있으나 추가적인 매출 창출 및 투자규모를 연계한다는 입장에는 변함이 없다""며, ""시장 안정화가 지속되면 마케팅 비용을 지속 절감할 수 있고, 설비투자액을 탄력적으로 조정해 추가적인 비용 절감도 기대할 수 있다""고 덧붙였다.그는 또 ""SK텔레콤은 지난해 12월 전파송출한 후 5G AI 머신비전을 안착시켰다""며, ""수도권 중심으로 AI 네트워크와 양자암호기술을 바탕으로 5G를 선도하겠다""고 말했다.국회서 논의 중인 장려금 차별금지 법안도 비용 감소 등에 긍정적일 것으로 기대했다.윤성은 SK텔레콤 상무는 ""현재 리베이트 차별, 장려금 차별금지 법안이 발의된 상황으로, 사업자 장려금을 이용한 페이백 등 이용자 차별 개선 등에는 한계가 있다는 판단에 따른 것으로 보인다""며, ""법안이 통과되면 통신사 입장에서는 마케팅 비용 감소와 이용자 편의를 더 제공할 수 있을 것""이라고 설명했다.김문기기자 moon@inews24.com, 도민선기자 domingo@inews24.com▶네이버 채널에서 '아이뉴스24'를 구독해주세요.▶아이뉴스TV에서 부동산 고수를 만나보세요.[ⓒ 아이뉴스24 무단전재 및 재배포 금지] ]",['휴대폰 전파선 연결 박현옥 관직 제사'],http://news.kmib.co.kr/article/view.asp?arcid=0924059781&code=14150000&cp=nv,https://n.news.naver.com/mnews/article/031/0000480319?sid=105
2019.01.31.,톱데일리,,[쇼핑탐정] 성인도 키 크는 기적의 약 '컴플리트미에'?,,,http://www.topdaily.kr/news/articleView.html?idxno=56337,http://www.inews24.com/
2019.01.24.,머니투데이,IT/과학,"SKT, 새학기 맞아 요금·데이터·제휴 혜택 푼다","[ 지난해 매출 16.8조- 영업익 1.2조 …""턴어라운드 기대""[아이뉴스24 김문기, 도민선 기자] SK텔레콤이 지난해 부진을 딛고 올해 뉴ICT 전략을 통한 실적 턴어라운드를 꾀한다.성장세를 이어가는 미디어 사업에 방점을 찍는 한편, 수익성이 둔화됐던 MNO(무선)사업도 5세대통신(5G)을 계기로 하반기 턴어라운드를 예상했다. 전반적인 사업실적 개선으로 올해 연결기준 매출 목표도 전년대비 6% 가량 늘어난 18조원으로 잡았다.SK텔레콤(사장 박정호)는 K-IFRS 1115호 연결 재무제표 기준으로 지난해 매출 16조8천740억원, 영업이익 1조2천18억원, 순이익 3조1천320억원을 기록했다고 31일 발표했다. 매출과 영업이익은 구 회계기준으로 전년 대비 각각 3.7%, 21.8% 줄었다.이는 예상된 부진이었다. 선택약정할인 확대 및 관련 가입자 증가 등 여파를 피해가지 못한 것. 이에 더해 요금할인 등 8대 고객가치 혁신 활동도 수익성 하락에 일부 영향을 준 것으로 풀이된다.다만, 이를 통한 고객 충성도 상승 등 효과에 미디어, 비 통신 분야 사업 성장세 등 올해 실적 반등의 가능성은 열어뒀다.실제로 지난해 4분기 미디어, 보안 사업 등 신성장동력 부문 매출은 전분기보다 3.9% 증가한 4조3천517억원을 기록했다. 미디어 부문은 사상최대 실적을 올렸다.이에 더해 미디어 사업은 최근 SK브로드밴드의 옥수수와 지상파3사 푹을 통한 토종 인터넷동영상서비스(OTT)연합을 꾸렸고, 미국 지상파 싱클레어와 협력 등 관련 경쟁력을 더욱 강화하고 있다.보안은 ADT캡스와 NSOK, SK인포섹의 경쟁력 결합과 함께 SK텔레콤과 SK브로드밴드의 유통채널력과 기술력이 결집돼 향후 이에 따른 매출 확대 등도 기대된다.    SK텔레콤이 지난해 예상된 부진을 딛고 올해 뉴ICT 전략을 통해 반등을 모색한다◆ ""ICT 포토폴리오 완성 최적 시기에 지배구조개편""SK텔레콤의 올해 실적 개선은 지배구조개편을 위한 '뉴ICT 포트폴리오' 전략과도 맞닿아 있다.윤풍영 SK텔레콤 코페레이트센터장(CFO)은 실적 컨퍼런스콜을 통해 ""지배구조개편과 기업가치제고를 지속 검토하고 있다""며, ""이의 일환으로 ICT 포트폴리오를 강화하고 있다""고 강조했다.이어, ""지난해는 비 통신 사업중 보안과 커머스에서 ADT캡스 SK인포섹 인수와 11번가 투자 유치 등을 이뤘다""며, ""올해도 미디어, 보안, 커머스 등 비통신 사업 가치를 올려 시너지 및 지배구조 효과를 극대화하는데 노력할 것""이라고 덧붙였다.또 ""현재는 미디어 사업가치 상승 등 기반 마련에 집중하고 있다""며, ""옥수수와 푹 (통합 등) 지상파와 협력으로 상반기 가시적인 성과가 나올 것으로 예상한다""고 설명했다.SK텔레콤은 통합OTT 서비스에 넷플릭스와 같은 수익모델 적용을 검토 중이다.윤 CFO는 ""상반기 중 옥수수와 푹 통합법인을 출범시키고 연내 동남아시아를 중심으로 해외사업을 시작할 것""이라며, ""통합법인 출범 후 외부펀딩을 받고, 넷플릭스와 같은 구독형 VOD 형태 수익모델을 고려하고 있다""고 말했다.커머스 사업도 발을 넓힌다. 이를 통한 그룹 계열간 시너지 제고에도 나선다.윤 CFO는 ""SK텔레콤이 보유한 모든 유무형 서비스를 11번가에서 판매하는 방안을 추진한다""며, ""11번가가 SK그룹 ICT 패밀리 일원으로 시너지를 강화하겠다""고 말했다.특히 ADT캡스는 SK텔레콤 실적 개선에 중추적 역할을 담당할 것으로 예상된다.윤 CFO는 ""SK텔레콤이 보유한 유통 경쟁력과 기술력으로 ADT캡스의 추가 성장을 돕겠다""고 강조했다.SK텔레콤은 ""ICT포트폴리오가 완성되는 최적의 시점에 지배구조 개편을 단행한다""는 계획이다.     [자료=SKT]◆ 부진했던 MNO 사업, 하반기 턴어라운드SK텔레콤은 수익성이 하락세인 MNO(무선) 사업도 올 하반기를 기점으로 턴어라운드 할 것으로 기대했다.윤 CFO는 ""올해 5G 상용화를 통한 이동통신 매출 상승은 보안, 커머스, 미디어 등과 연결돼 전년대비 1조원 이상의 개선이 있을 것""이라며, ""요금인하 효과는 지속되겠지만 합리적 요금제 제시, 가입자 순증 등에 힘입어 하반기 (실적) 턴어라운드를 예상하고 있다""고 자신했다.이를 위해 5G 투자에 집중할 계획이다.윤 CFO는 ""5G 투자는 상용화와 시장선도에 부족함이 없도록 고객수요를 따져 집행하겠다""며, ""LTE 등 기존 네트워크 설비 투자금액을 탄력적으로 조정해 비용을 절감하고 최적의 투자규모를 정하겠다""고 설명했다.이어 ""5G 상용화로 설비투자액이 증가할 수 있으나 추가적인 매출 창출 및 투자규모를 연계한다는 입장에는 변함이 없다""며, ""시장 안정화가 지속되면 마케팅 비용을 지속 절감할 수 있고, 설비투자액을 탄력적으로 조정해 추가적인 비용 절감도 기대할 수 있다""고 덧붙였다.그는 또 ""SK텔레콤은 지난해 12월 전파송출한 후 5G AI 머신비전을 안착시켰다""며, ""수도권 중심으로 AI 네트워크와 양자암호기술을 바탕으로 5G를 선도하겠다""고 말했다.국회서 논의 중인 장려금 차별금지 법안도 비용 감소 등에 긍정적일 것으로 기대했다.윤성은 SK텔레콤 상무는 ""현재 리베이트 차별, 장려금 차별금지 법안이 발의된 상황으로, 사업자 장려금을 이용한 페이백 등 이용자 차별 개선 등에는 한계가 있다는 판단에 따른 것으로 보인다""며, ""법안이 통과되면 통신사 입장에서는 마케팅 비용 감소와 이용자 편의를 더 제공할 수 있을 것""이라고 설명했다.김문기기자 moon@inews24.com, 도민선기자 domingo@inews24.com▶네이버 채널에서 '아이뉴스24'를 구독해주세요.▶아이뉴스TV에서 부동산 고수를 만나보세요.[ⓒ 아이뉴스24 무단전재 및 재배포 금지] ]",['휴대폰 전파선 연결 박현옥 관직 제사'],http://news.mt.co.kr/mtview.php?no=2019013008475582814,https://n.news.naver.com/mnews/article/031/0000480319?sid=105
2019.01.11.,스포츠서울,,"SKT, 지난해 영업익 1.2조원·전년比 21.8% 급감…“무선매출 감소 탓”",,,http://www.sportsseoul.com/news/read/725710,http://www.newsen.com
2019.01.02.,인벤,,"유디아, 더 넓고 선명한 27형 모니터 출시기념 특가이벤트 진행","[   [뉴스엔 이민지 기자]‘언더나인틴’의 파이널 콘서트 티켓팅이 진행된다. MBC ‘언더나인틴’이 오는 2월 23일 파이널 콘서트를 개최하는 가운데 1월 24일 오후 8시 11번가에서 티켓예매를 시작한다. 2월 9일 파이널 무대를 앞두고 있는 언더나인틴은 ""그 동안 성원해주신 서포터즈들과의 특별한 만남을 위해 파이널 콘서트를 개최한다""고 밝혔고 예비돌들은 마지막 방송 종료 후 파이널 콘서트를 통해 서포터즈들과 만날 예정이다.'언더나인틴'을 통해 눈부시게 성장한 예비돌들이 파이널 콘서트를 통해 어떠한 무대를 보여줄지 기대감을 높이고 있으며 예비돌들은 경연무대가 아닌 콘서트 무대에서 서포터즈들의 사랑에 보답한다. 한편 ‘언더나인틴’ 파이널 콘서트는 오는 2월23일 오후5시 올림픽공원 올림픽 홀에서 진행한다. (사진=포켓돌스튜디오)뉴스엔 이민지 oing@기사제보 및 보도자료 newsen@newsen.comcopyrightⓒ 뉴스엔. 무단전재 &amp; 재배포 금지 ]",[],http://www.inven.co.kr/webzine/news/?news=213822,https://n.news.naver.com/mnews/article/609/0000051216?sid=106
B6면 TOP,뉴스1,,"황각규 롯데 부회장 ""카드 매각시 전략적 제휴 맺겠다""…'몸값' 높이기",,,http://news1.kr/articles/?3538477,https://www.asiae.co.kr/
2019.01.23.,스포츠서울,경제,"SKT, 지난해 영업익 1.2조원·전년比 21.8% 급감…“무선매출 감소 탓”","[    [아시아경제 성기호 기자] 매달 11일 행사를 하는 11번가와 금요일 특가행사를 하는 G마켓의 행사가 겹치는 '11일의 금요일'이 돌아왔다. 다양한 품목에서 대폭적인 할인이 진행되 쇼핑을 생각하는 소비자들에게 좋은 선택이 될 전망이다.    11번가가 11일 올해 첫 '11번가 데이'를 진행한다.11번가는 매월 11일을 11번가의 날로 정해 주방용품, 인테리어소품, 가공식품, 브랜드 의류 등 총 122개 카테고리의 모든 상품에 T멤버십 11% 할인을 제공하고 있다. 매달 진행되는 프로모션으로, 같은 달 같은 요일 대비 거래액이 평균 60% 증가한다.T멤버십 고객이라면 누구나 이날 하루 1회 혜택(최대 5000원 할인)을 받을 수 있으며, 주문 결제 시에는 다른 할인혜택과 중복해서 할인을 받을 수 있다. 일부 상품은 최대 22% T멤버십 할인이 제공된다.만능믹서 텀블러가 정가(3만9800원) 대비 25% 할인된 2만9800원에 판매되며, 매일 다른 브랜드의 할인 상품을 만날 수 있는 '워너비' 해피콜과 빈폴 20% 할인쿠폰, 나이키 10% 할인쿠폰을 제공한다.    이베이코리아가 운영하는 온라인쇼핑사이트 G마켓의 금요일 특가 프로모션 '슈퍼프라이데이'가 리뉴얼 오픈한다.작년 8월 행사 시작 이후 금요일 판매 실적이 최대 4배 이상 증가하는 등 성공적으로 안착하면서, 올해부터 고객 혜택을 더욱 보강하기 위해서다.'슈퍼프라이데이'는 매주 금요일 마다 인기 브랜드상품을 독보적인 혜택과 가격으로 선보이고, 주요 카테고리를 선정해 쿠폰 및 카드사 할인 등의 고객 혜택을 몰아주는 데이 프로모션이다. 작년 8월 10일 첫 선을 보인 이래 2018년 한 해 동안 총 15회에 걸쳐 진행됐다.해당 기간 총 70만개의 브랜드 딜이 진행됐고, 매주 완판 행렬이 이어져 브랜드사 제품 거래액만 약 45억원을 달성했다. 매주 다양한 할인 혜택을 몰아 제공하는 '혜택 카테고리' 전용 블랙쿠폰은 총 200만명이 발급받은 것으로 집계됐다.'혜택 카테고리'의 금요일 거래액은 15주 기준으로 전주 대비 평균 98% 신장했고, 카테고리 별 최대 3.5배(256%) 급증했다. '슈퍼프라이데이'를 통해 구매한 고객 수 역시 행사 기간 동안 전주 대비 평균 2배 이상(113%) 증가했고, 최대 4배 가까이(283%) 급증하는 등 폭발적인 인기를 얻었다.이러한 성과에 힘입어 올해는 고객 혜택을 더욱 확대했다. 매주 인기 브랜드사와 함께 특가 기획전을 마련해 해당 브랜드의 스테디셀러 및 신제품 등을 할인가에 선보인다. 기존의 브랜드 딜이 2~3가지 상품만 선별해 선보였던 것과 비교하면 특가상품 종류와 수가 대폭 확대된 것이다. 해당 브랜드사의 전용 할인 쿠폰도 제공해 더욱 합리적인 가격에 구입할 수 있도록 만들었다. 이후에는 익일-묶음 배송 서비스 ‘스마일배송’ 상품을 비롯해 당일배송, 홈쇼핑, 여행 등 G마켓의 다양한 서비스들을 순차적으로 선보일 예정이다.11일, 올해 첫 번째로 선보이는 ‘슈퍼프라이데이’의 브랜드는 ‘CJ제일제당’으로, 다양한 베스트셀러 상품들을 특가에 판매한다. 금주의 혜택 카테고리는 ‘가공식품’으로, 해당 카테고리에 적용 가능한 ‘15% 전용 할인쿠폰’을 제공한다. ‘가공식품’ 구매 시 할인쿠폰과 함께 중복 적용이 되는 카드사 혜택도 마련했다. ‘신한카드’를 이용해 2만원 이상 가공식품 카테고리 상품을 결제할 경우 10% 추가 할인을 받을 수 있다.성기호 기자 kihoyeyo@asiae.co.kr▶ 네이버 홈에서 '아시아경제' 뉴스 확인하기▶ 재미와 신기 '과학을읽다' ▶ 꿀잼 '인기만화'&lt;ⓒ경제를 보는 눈, 세계를 보는 창 아시아경제 무단전재 배포금지&gt;   ]",[],http://www.sportsseoul.com/news/read/725710,https://n.news.naver.com/mnews/article/277/0004392658?sid=101
2019.01.07.,이데일리,,"SKT, ICT 사업추진·동반성장 계획 파트너사에 공개",,,http://www.edaily.co.kr/news/newspath.asp?newsid=03909766622362968,http://www.g-enews.com/
2019.01.21.,인벤,,"유디아, 더 넓고 선명한 27형 모니터 출시기념 특가이벤트 진행",,,http://www.inven.co.kr/webzine/news/?news=213822,http://www.donga.com/
2019.01.09.,글로벌경제,경제,"SK텔레콤, 지난해 영업익 1조2,018억원… 전년比 22% 급감","[ 11번가-옥션 등 이어 유통채널 다변화판매자가 쇼핑몰에 직접 제품 등록… 해외출시폰-중고품도 살수 있어쇼핑몰간 경쟁… 단말기값 내릴듯, 작년 8종서 올 20종이상 확대예상“판매자 신뢰성-AS가 성장 관건”    앞으로 소비자들이 네이버에서 약정기간 없이 갤럭시 시리즈 같은 휴대전화를 기존보다 싸게 살 수 있게 된다. 네이버가 쇼핑중계 플랫폼(스마트스토어)을 통해 자급제폰 유통을 시작했기 때문이다. 정부가 올해부터 단말기 자급제를 활성화하겠다는 방침을 밝힌 가운데 11번가(SK플래닛), G마켓, 옥션(이상 이베이코리아) 등 온라인을 통한 자급제폰 유통이 더 활성화될 것으로 전망된다. 네이버는 15일부터 스마트스토어에 ‘휴대폰’ 항목을 신설해 자급제폰, 해외에서 출시된 폰, 중고폰 등 상품을 등록하면 ‘네어버스토어’를 통해 팔 수 있도록 한다고 7일 밝혔다. 통신사와 제휴한 휴대전화 대리점이나 판매점에서 통신사가 제공하는 서비스에 일정 기간 가입하는 조건으로 판매하는 기존 단말기와 달리 자급제폰은 이마트, 하이마트 등 가전매장이나 온라인 쇼핑몰에서 약정 없이 구입할 수 있는 단말기다. 일단 휴대전화를 구입한 뒤 통신사와 서비스를 마음대로 고를 수 있다. 네이버 관계자는 “기존에도 네이버쇼핑에서 자급제폰을 살 수 있었지만 그 경로는 쇼핑에 입점한 하이마트 등을 통한 것이어서 수수료가 두 배로 매겨졌다”며 “15일부터는 휴대전화 대리점, 판매점 등 자급제폰 판매를 원하는 업자가 상품을 직접 등록해 팔 수 있다”고 말했다. 자급제폰 수요가 늘고 이를 직접 판매하려는 판매자의 요구가 거세졌다는 게 네이버 측의 배경 설명이다. 소비자들은 기존에 네이버를 통해 사던 자급제폰보다 더 싸게 살 수 있게 됐다. 유통 공룡 네이버가 자급제폰 유통에 뛰어들면서 11번가, G마켓, 옥션 등 온라인 쇼핑몰들의 경쟁이 더욱 치열해질 것으로 보인다. 이 업체들은 입점수수료 외에 10%가량의 판매수수료도 부과했지만 네이버는 입점·판매수수료 등을 부과하지 않는다. 온라인쇼핑몰 업계 관계자는 “앞으로 이 시장이 커지면 쇼핑몰 간 판매자 영입 경쟁이 벌어져 전체적인 입점·판매수수료 등이 낮아질 수 있다”며 “소비자들은 더 싼 가격에 다양한 제품을 비교해 구입할 수 있는 길이 열릴 것”이라고 내다봤다. 휴대전화가 100만 원을 넘어가는 고가의 상품이다 보니 판매자의 정보 신뢰성, 애프터서비스(AS) 등을 누가 더 잘 보장하느냐에 따라 쇼핑몰 간 희비도 엇갈릴 것으로 보인다.     자급제폰의 판매량은 꾸준히 늘고 있는 추세다. 11번가에 따르면 2016년 8월 삼성 갤럭시노트7(1000대)과 10월 LG의 V20(500대)을 시작으로 2017년에 3개 기종 4200대, 지난해에는 6개 기종 총 1만1700대가 판매됐다. 정부는 앞으로 자급제폰 판매량을 더 늘리는 정책을 펼 예정이다. 과학기술정보통신부는 지난해 말 “2019년부터 SK텔레콤, KT, LG유플러스 등 통신 3사가 공통으로 출시하는 모든 단말기를 자급제로도 판매할 수 있게 한다”고 발표했다. 이에 따라 지난해 9월 국내 제조사 단말기 기준 8종이던 판매 가능한 자급제폰은 올해 20종 이상으로 확대될 것으로 보인다. 한 통신사 관계자는 “자급제폰 시장의 다변화는 소비자 선택의 폭이 넓어진다는 점에선 긍정적인 변화가 될 것”이라면서 “통신사 또한 보조금 지급을 통한 시장 확대 전략에 치중하기보다 본연의 통신 서비스에 집중할 수 있다는 측면이 있다”고 말했다.김재형 기자 monami@donga.com▶ 동아일보 단독 / 우아한 : 우리 아이들의 &amp; 아름다운 한반도▶ 동아일보 채널 구독하고 아이패드 받자! 커피는 매주 2000명에게 증정~ⓒ 동아일보 &amp; donga.com, 무단 전재 및 재배포 금지   ]","['별로 안쌀것같은데', '자급제 해도 가격 안내린다  대기업 이 가지고있는 돈이 얼마인데 사려면사고  말려면 말어    가전제품  폭리는 안떨어진다', '듀얼심 모델도 꼭 국내출시하길 바랍니다', '', '쌀리없지. 미끼는 좀 있겠고', '우리나라에서 사는게 해외에서 사는 것 보다 더 비싸다. 싸게 값이 내려가서 혜택주는게 아니고 원래의 값을 찾아가는 거라고 볼수도 있음', '', '']",http://www.getnews.co.kr/view.php?ud=2019013113554452647f7a2feaf6_16,https://n.news.naver.com/mnews/article/020/0003191714?sid=101
2019.01.21.,파이낸셜뉴스,,"SKT, 새 학기 맞아 요금·데이터·제휴 혜택 푼다",,,http://www.fnnews.com/news/201901300942313952,http://www.dt.co.kr/
2019-01-31 18:13:22,뉴스1,경제,"황각규 롯데 부회장 ""카드 매각시 전략적 제휴 맺겠다""…'몸값' 높이기","[    [디지털타임스 김아름 기자] 이커머스 업계의 '유료 가입자' 확보 경쟁이 더 치열해질 전망이다. 그간 유·무료 멤버십을 운영하지 않았던 위메프까지 유료 멤버십 '특가클럽'을 선보이면서 11번가를 제외한 주요 이커머스가 모두 유료 멤버십 제도를 운영하게 됐다.23일 위메프는 유료 멤버십 서비스 '특가클럽'을 출시한다고 밝혔다. 특가클럽은 1개월에 990원, 3개월에 2590원의 업계 최저가로 운영된다. 쿠팡의 로켓와우가 월 2900원, 티몬 슈퍼세이브가 5000원임을 감안하면 3분의 1 수준이다. 위메프는 유료 멤버십 후발 주자라는 약점을 990원이라는 싼 가격으로 상쇄해 가입자를 끌어모은다는 계획이다. 위메프까지 유료 멤버십 경쟁에 뛰어들면서 이제 업계에서 유료 멤버십을 운영하는 곳은 총 4곳이 됐다. 가장 먼저 유료 멤버십 서비스를 내놓은 곳은 지마켓과 옥션을 운영하는 이베이코리아다. 이베이코리아의 스마일클럽은 연 3만원을 내면 3만5000원(첫해 3만7000원)을 적립금으로 제공한다. 실질적으로 매년 5000원을 받고 멤버십을 이용할 수 있는 셈이다. 여기에 매달 할인쿠폰을 제공하고 0.3~1%의 결제 금액 적립금을 준다.스마일클럽 누적 가입자는 지난해 말 100만명을 돌파한 것으로 알려졌다. 가입 즉시 파격적인 적립금을 지급하는 것이 진입 허들을 낮췄다는 평가다. 티몬은 그간 결제 금액 별로 제공하던 무료 멤버십 혜택을 없애고 유료 멤버십 '슈퍼세이브'를 운영하고 있다. 현재 누적 가입자는 16만명 수준이다. 30일에 5000원, 90일 1만3000원으로 경쟁사들 대비 가입비가 비싸지만 모든 구매 제품에 대해 2%의 적립금을 제공한다는 점은 차별화된 장점이다. 티몬 관계자는 ""가입하면 10일마다 2000원의 적립금을 제공하기 때문에 내는 것보다 많이 돌려받는 셈""이라고 말했다.쿠팡 로켓와우는 후발 주자임에도 로켓배송을 앞세워 지난해 말 기준 유료 가입자가 100만명을 돌파했다. 지금도 하루 1만명 꼴로 가입자가 늘어나고 있다. 지난해 10월부터 무료 이용 기간을 운영해 결제 없이 멤버십 서비스를 이용해 볼 수 있다. 특히 당일배송과 새벽배송을 이용할 수 있다는 점이 가장 큰 장점이다. 당일배송은 오전 9시까지 주문한 상품을 당일에 받아볼 수 있는 서비스다. 새벽배송은 밤 12시까지 주문한 신선식품과 일부 생활용품을 아침 7시까지 배달해 준다. 위메프는 4사 중 가장 가입비가 저렴하지만 포인트 적립이 일부 상품에만 해당된다는 점이 단점으로 꼽힌다. 위메프 관계자는 ""특가데이를 활용한 다양한 특가상품을 선보이는 만큼 적립되는 상품 수가 적은 것은 아니다""라고 말했다. 위메프가 '특가클럽'을 내놓으면서 주요 이커머스 중 11번가만이 유료 멤버십 서비스를 도입하지 않는 곳이 됐다. 11번가 관계자는 ""구체적인 계획은 없지만 유료 멤버십 도입을 검토하고 있다""고 밝혔다.김아름기자 armijjang@dt.co.kr    이커머스 유료 멤버십 비교 &lt;위메프 제공&gt;     디지털타임스 홈페이지 바로가기 / 디지털타임스 뉴스 더보기네이버 채널에서 '디지털타임스'를 구독해주세요. ]",[],http://news1.kr/articles/?3538477,https://n.news.naver.com/mnews/article/029/0002504754?sid=101
2019-01-24 08:22:00,쿠키뉴스,,"경상남도 인터넷쇼핑몰, 'e경남몰' 설 이벤트 실시",,,http://www.kukinews.com/news/article.html?no=619253,http://www.newsway.kr
2019-01-11 15:23:56,프라임경제,,경남도 'e경남몰' 설맞이 행사 개최,,,http://www.newsprime.co.kr/news/article.html?no=442232,http://www.econovill.com/
2019-01-08 03:04:42,뉴스컬처,,"엑소 카드지갑 패키지 한정판, 11일(금)부터 예약판매 실시",,,http://www.newsculture.press/view.htm?idxno=2019011110315263868,https://zdnet.co.kr/
2019-01-23 13:59:06,조선비즈,IT/과학,"SK텔레콤 ""올해 매출 1조원 증가 목표…미디어 사업 해외 진출""","[    ""분야별 1위와 사업 제휴 소식 기대해""(지디넷코리아=안희정 기자)[라스베이거스(미국)=안희정 기자] 이상호 11번가 대표가 올해 역직구 사업 확대에 집중하고, 카테고리를 늘린다는 계획을 밝혔다.8일(현지시간) 미국 라스베이거스에서 열리는 세계 최대 가전 축제 CES 2019에 참석한 이상호 11번가 대표는 SK텔레콤 부스에서 기자와 만나 올해 사업 전략에 대해 말했다.먼저 이 대표는 전자상거래 플랫폼 서비스 기업 코리아센터와의 협력을 돈독히 하겠다는 계획이다.그는 ""지난해 말 맺은 코리아센터와의 제휴를 올해 전략적으로 활용해 역직구 사업을 활성화할 예정""이라며 ""11번가 상품 카테고리도 확대하겠다""고 말했다.    이상호 11번가 대표.11번가는 지난달 27일 코리아센터가 보유한 지분 5%를 275억원에 인수했다. 이번 투자를 통해 11번가는 자사에 상품을 판매하는 셀러들을 해외시장에 진출할 수 있도록 지원할 계획이다. 이를 위해 코리아센터의 글로벌 풀필먼트(상품 수주 후에 발생하는 업무 전반) 배송서비스를 활용할 수 있다.코리아센터는 현재 미국, 일본, 중국, 독일 등 7개의 글로벌 물류거점을 갖추고 있다. 이 회사는 11번가 셀러들이 중국이나 미국 사이트를 통해 물건을 판매하는 것을 도울 수 있다.11번가는 최근 해외직구 카테고리를 강화하고 있다. 코리아센터와의 제휴를 통해 역직구 서비스를 강화해 미국과 중국에서 제공하고 있는 서비스를 확대할 것으로 전망된다.이상호 대표는 ""각 분야별로 1위 사업자와 제휴를 통해 상품 카테고리를 확장할 예정""이라며 ""조만간 다양한 제휴 소식을 접할 수 있을 것""이라고 예고했다.또 최근 쿠팡이 소프트뱅크 비전펀드로부터 2조원 넘게 투자받은 것에 대해 이 대표는 ""쿠팡은 직매입 서비스로 성장하고 있는 중""이라며 ""11번가와 성격이 다르기 때문에 크게 영향을 받지는 않을 것""이라고 말했다.안희정 기자(hjan@zdnet.co.kr)  ▶ 네이버 채널에서 ‘지디넷코리아’를 구독해주세요  ]",[],http://biz.chosun.com/site/data/html_dir/2019/01/31/2019013102585.html,https://n.news.naver.com/mnews/article/092/0002154127?sid=105
2019-01-09 16:15:44,아이뉴스24,,"SKT, 새학기 요금·데이터 '쏜다'",,,http://www.inews24.com/view/1154634,http://www.whitepaper.co.kr/
24면 1단,뉴스컬처,,"엑소 카드지갑 패키지 한정판, 11일(금)부터 예약판매 실시",,,http://www.newsculture.press/view.htm?idxno=2019011110315263868,http://www.fnnews.com/
2019.01.31.,조선비즈,경제,"SK텔레콤 ""올해 매출 1조원 증가 목표…미디어 사업 해외 진출""","[ 11일까지 매일 오전 11시부터   11번가는 1월 한 달간 '11번가와 함께, 새해엔 다 돼지!' 행사를 실시한다고 1일 밝혔다. 새해 '인싸템'을 모아 오는 11일까지 매일 오전 11시부터 소개한다.소셜네트워크서비스(SNS) 등을 통해 입소문이 나며 인기를 끌고 있는 아이템들을 발 빠르게 판매해 고객들이 11번가를 통해 쇼핑의 핫 트렌드 제품 정보를 얻고 구매까지 할 수 있도록 한다는 취지다.대표 '인싸템'으로는 가성비 좋은 발광다이오드(LED) 마스크로 인기가 높은 뉴트로지나의 'LED 마스크+액티베이터'를 이날 4만 9900원에 내놓는다.'워너비 가전'인 LG전자 스타일러(2일), 라면업계 히트상품으로 떠오른 오뚜기 '쇠고기 미역국 라면'(3일)을 비롯해 히말라야 핑크 소금, LG전자 의류건조기, 필터교체형 황사마스크, 탈모치료기, 믹서기 텀블러 등을 매일 선보인다.11번가는 매일 카테고리별로 할인혜택을 주는 '골든 세일'도 실시한다. 첫날 패션을 시작으로 뷰티, 푸드, 해외직구 데이, 어린이데이, 11번가 데이 행사가 차례로 진행된다.fnkhy@fnnews.com 김호연 기자     ▶ 세상의 모든 골 때리는 이야기 'fn파스'▶ 속보이는 연예뉴스 fn스타  ※ 저작권자 ⓒ 파이낸셜뉴스. 무단 전재-재배포 금지   ]",[],http://biz.chosun.com/site/data/html_dir/2019/01/31/2019013102585.html,https://n.news.naver.com/mnews/article/014/0004153179?sid=101
2019.01.10.,위키리크스한국,,[WIKI 프리즘] 해외 브랜드 화장품·향수 '인터넷 판매' 다 같을까...최고의 ...,,,http://www.wikileaks-kr.org/news/articleView.html?idxno=45640,http://ddaily.co.kr
2019.01.18.,뉴스1,IT/과학,"경남도, 설맞아 ‘e경남몰’ 한달간 특별 할인행사","[     - 무선ARPU, 5분기 연속 내리막…미디어·보안·커머스, 상쇄 추진   [디지털데일리 윤상호기자] SK텔레콤이 선택약정할인 할인율 상향에 따른 무선 매출 감소를 극복하지 못하고 있다. 유선 사업 1위 KT가 무선 시장 확대로 부진에 빠졌던 상황과 유사하다. KT는 무선사업 합병(옛 KTF)과 사업 다각화를 통해 위기 탈출을 시도했다. SK텔레콤의 방향도 유사하다.   31일 SK텔레콤은 한국채택국제회계기준(K-IFRS) 연결기준 지난 2018년 매출액 16조8740억원, 영업이익 1조2018억원, 순이익 3조1320억원을 기록했다고 밝혔다. 전년대비 매출액과 영업이익 각각 3.7%와 21.8% 줄었다. 순이익은 전년대비 17.9% 상승했다.   2018년 4분기 매출액과 영업이익은 각각 4조3517억원과 2253억원이다. 매출액은 전기대비 4.0% 올랐지만 전년동기대비 3.2% 하락했다. 영업이익은 전기대비 25.9% 전년동기대비 27.4% 감소했다.   하지만 통신사 2018년 실적은 회계기준 변경(K-IFRS1115)으로 2017년 실적과 직접 비교가 어렵다. 통신사는 비교를 위해 옛 기준(K-IFRS1018)을 함께 제공한다. 옛 기준 2018년 매출액과 영업이익은 전년대비 각각 3.2%와 20.3% 하락했다. 옛 기준 2018년 4분기 매출액과 영업이익은 전년동기대비 각각 2.8%와 33.0% 떨어졌다.   SK텔레콤의 어려움은 선택약정할인 할인율이 20%에서 25%로 5%포인트 올라간 것이 직접적 원인이다. SK텔레콤은 무선 점유율 1위다. KT LG유플러스에 비해 점유율이 높기 때문에 충격도 크다. 무선 가입자당평균매출액(ARPU)은 옛 회계기준 2018년 4분기 3만1334원이다. 전기대비 741원 내려갔다. 2017년 3분기 3만5172원을 정점으로 5분기 연속 내리막이다. 2017년 3분기와 2018년 4분기 ARPU 격차는 3838원이다. 그나마 전체 가입자 및 롱텀에볼루션(LTE) 비중 확대로 하락폭을 줄였다. 2018년 4분기 기준 SK텔레콤 LTE가입자는 2479만6000명이다. 전기대비 1.7% 늘었다. LTE 비중은 80.3%다. 전기대비 1.0%포인트 증가했다.   SK텔레콤은 SK그룹 정보통신기술(ICT) 계열사를 묶어 중간지주사 전환을 추진하고 있다. 작년 ▲이동전화(MNO) ▲미디어 ▲보안 ▲커머스 4대 사업 기본 틀을 갖췄다. 현 체제로 보면 통신사업이 뜻대로 되지 않아도 연결기준 실적으로 만회하는 모양새다. 사업 내용은 다르지만 KT와 비슷한 길이다.    미디어사업의 축인 SK브로드밴드는 작년 사상 최대 실적을 냈다. SK브로드밴드는 2018년 매출 3조2537억원 영업이익 1756억원을 달성했다. 인터넷(IP)TV 가입자는 전년대비 약 10% 증가한 473만명이다. 초고화질(UHD) 가입 비중은 2018년 4분기 처음으로 전체 가입자의 50%를 넘어섰다.   보안은 지난해 ADT캡스-NSOK 합병과 SK인포섹 인수가 마무리 됨에 따라 물리보안에서 정보보안까지 통합 서비스 체계를 구축하게 됐다. ADT캡스 실적은 2018년 4분기 처음 반영했다. ADT캡스 매출액과 영업이익은 각각 2008억원과 286억원이다.   커머스는 11번가 손익분기점(BEP) 도달이 관건이다. 작년 11번가는 매출액 6744억원 영업손실 678억원을 냈다. 11번가 BEP 달성은 ICT지주사 전환 변수기도 하다.   한편 SK텔레콤의 사업구조개편은 갈 길이 멀다. 여전히 SK텔레콤은 영업이익 측면에선 SK텔레콤이 버는 돈을 자회사가 까먹는 구조다. K-IFRS1018 기준 SK텔레콤 별도기준 2018년 영업이익은 1조3576억원이다. 연결기준 영업이익보다 1322억원 많다.   &lt;윤상호 기자&gt;crow@ddaily.co.kr IT언론의 새로운 대안[디지털데일리]IT정보의 즐거운 업그레이드[딜라이트닷넷]뉴스채널 설정 - 네이버 메인에서 디지털데일리 뉴스를 볼 수 있어요.윤상호(crow@ddaily.co.kr)&lt;저작권자 © 디지털데일리 무단전재-재배포금지&gt;   ]",['sk플래닛이 절반은 까먹지'],http://news1.kr/articles/?3517008,https://n.news.naver.com/mnews/article/138/0002069856?sid=105
2019.01.15.,글로벌이코노믹,,"통신요금 낮추기 부담?…SK텔레콤, 2018년 영업익 21.8% 감소",,,http://www.g-enews.com/ko-kr/news/article/news_all/2019013110494050240bf3fa6eb9_1/article.html,http://www.gamefocus.co.kr
2019.01.02.,머니투데이,,새벽배송·간편결제…온라인 유통업체 매출 전년比 15.9%↑,,,http://news.mt.co.kr/mtview.php?no=2019013010414329245,http://www.gametoc.co.kr
2019.01.07.,이뉴스투데이,,"SKT, 2018년 매출 3.7%·영업익 21.8% ↓",,,http://www.enewstoday.co.kr/news/articleView.html?idxno=1268182,http://www.enewstoday.co.kr/
2019.01.21.,아이뉴스24,,"SKT, 5G 동반성장 약속…뉴 ICT 콜라보데이 개최",,,http://www.inews24.com/view/1154653,http://www.kyeongin.com
2019.01.15.,케이벤치,,"제이씨현, 유디아 더 넓고 선명한 27형 모니터 출시기념 특가이벤트 진행",,,http://kbench.com/?q=node/195396,http://www.ebn.co.kr
2019.01.15.,머니투데이,,새벽배송·간편결제…온라인 유통업체 매출 전년比 15.9%↑,,,http://news.mt.co.kr/mtview.php?no=2019013010414329245,http://www.datanet.co.kr
2019-01-01 17:19:45,이뉴스투데이,,"SKT, 2018년 매출 3.7%·영업익 21.8% ↓",,,http://www.enewstoday.co.kr/news/articleView.html?idxno=1268182,http://www.ajunews.com
2019-01-31 12:10:19,아이뉴스24,,"SKT, 5G 동반성장 약속…뉴 ICT 콜라보데이 개최",,,http://www.inews24.com/view/1154653,http://news1.kr/
2019-01-15 16:18:50,매일일보,사회,"SK텔레콤, 선택약정 가입자 증가 탓 지난해 실적 부진","[     우정사업본부 우체국쇼핑몰 © News1(전국=뉴스1) 노정은 기자 = 과학기술정보통신부 우정사업본부(본부장 강성주)는 공급 과잉으로 폐기 위기에 처한 전남 해남군 배추 판로 개척에 적극 나선다고 15일 밝혔다.이를 위해 우정사업본부는 우체국쇼핑몰을 비롯해 G마켓, 옥션, 티몬 등 외부 쇼핑몰과 협업하기로 했다. 11번가 등과도 협의를 진행할 예정이다.전남 해남 배추는 협업 쇼핑몰을 통해 10㎏ 1상자(3포기)를 온라인 최저가인 균일가 6900원에 판매된다. 강성주 본부장은 “앞으로 우체국네트워크를 활용해 전국 어느 곳이든 도움의 손길이 필요한 이웃을 찾아 적극 지원하겠다”고 말했다.nohjun26@news1.kr▶ [ 크립토허브 ]  [ 터닝포인트 2019 ] ▶ 에어팟&amp;스타벅스 커피 경품(~1/25)[© 뉴스1코리아(news1.kr), 무단 전재 및 재배포 금지] ]",[],http://www.m-i.kr/news/articleView.html?idxno=492970,https://n.news.naver.com/mnews/article/421/0003787075?sid=102
A22면 1단,전자신문,,"SK텔레콤, 초등학생 통신요금 50% 할인",,,http://www.etnews.com/20190130000369,http://www.hankyung.com/
2019.01.15.,케이벤치,경제,"제이씨현, 유디아 더 넓고 선명한 27형 모니터 출시기념 특가이벤트 진행","[    e커머스(전자상거래) 기업인 11번가는 황금 돼지해를 맞아 올 한 해 인기를 끌 것으로 예상되는 제품을 모아 할인 판매하는 ‘11번가와 함께, 새해엔 다 돼지!’ 행사를 연다고 1일 밝혔다.소셜네트워크서비스(SNS) 등을 통해 입소문이 나 인기를 끌고 있는 상품을 발굴해 1일부터 11일까지 매일 오전 11시에 선보인다. 행사 첫날인 1일에는 뉴트로지나 LED 마스크·액티베이터를 4만9900원에 내놨고 2일에는 LG전자 스타일러를 판매한다. 3일에는 오뚜기 쇠고기 미역국 라면을 판다. 메이크업 제품과 보조배터리, 청년떡집의 신상떡, 바디럽의 마약베개, 빙그레의 귤맛우유 등도 행사 상품으로 판매할 예정이다.[한경닷컴 바로가기] [모바일한경 구독신청] 네이버에서 한국경제 채널 구독하기 &lt;자세히 보기&gt; ⓒ 한국경제 &amp; hankyung.com, 무단전재 및 재배포 금지   ]",[],http://kbench.com/?q=node/195396,https://n.news.naver.com/mnews/article/015/0004071231?sid=101
2019.01.07.,전자신문,,"오픈마켓 빅3, 판매수수료 상한 높였다...최고 13%까지 부과",,,http://www.etnews.com/20190109000268,http://www.ajunews.com
2019.01.21.,PC사랑,,"벤큐, 시력보호 LED 스탠드 '위트' 및 '위트지니' 특별 사은행사",,,http://www.ilovepc.co.kr/news/articleView.html?idxno=21351,http://www.ekn.kr
2019.01.15.,PC사랑,,"벤큐, HDR 모니터 구입 시 최대 5만원 문화상품권 증정",,,http://www.ilovepc.co.kr/news/articleView.html?idxno=21302,http://www.greened.kr/
2019.01.21.,한국경제,,"SKT, 지난해 영업익 21.8%↓…이동통신 매출 하락 직격타",,,http://news.hankyung.com/article/201901310551g,http://news1.kr/
2019.01.10.,데이터넷,사회,"SKT, 2018 영업익 1조2018억…전년비 21.8% 감소","[     우정사업본부 우체국쇼핑몰 © News1(전국=뉴스1) 노정은 기자 = 과학기술정보통신부 우정사업본부(본부장 강성주)는 공급 과잉으로 폐기 위기에 처한 전남 해남군 배추 판로 개척에 적극 나선다고 15일 밝혔다.이를 위해 우정사업본부는 우체국쇼핑몰을 비롯해 G마켓, 옥션, 티몬 등 외부 쇼핑몰과 협업하기로 했다. 11번가 등과도 협의를 진행할 예정이다.전남 해남 배추는 협업 쇼핑몰을 통해 10㎏ 1상자(3포기)를 온라인 최저가인 균일가 6900원에 판매된다. 강성주 본부장은 “앞으로 우체국네트워크를 활용해 전국 어느 곳이든 도움의 손길이 필요한 이웃을 찾아 적극 지원하겠다”고 말했다.nohjun26@news1.kr▶ [ 크립토허브 ]  [ 터닝포인트 2019 ] ▶ 에어팟&amp;스타벅스 커피 경품(~1/25)[© 뉴스1코리아(news1.kr), 무단 전재 및 재배포 금지] ]",[],http://www.datanet.co.kr/news/articleView.html?idxno=130783,https://n.news.naver.com/mnews/article/421/0003787075?sid=102
2019.01.21.,세계일보,,새 학기에 눈여겨 봐야 할 SKT의 요금·데이터·제휴 혜택 총정리,,,http://www.segye.com/content/html/2019/01/30/20190130000910.html?OutUrl=naver,http://www.bizwatch.co.kr
2019.01.14.,위키트리,,"SKT, 5G 동반성장 약속…'뉴 ICT 콜라보데이' 개최",,,http://www.wikitree.co.kr/main/news_view.php?id=400958,http://www.weeklytoday.com
2019.01.31.,아이뉴스24,,"유통업계, 작년 오프라인 침체 속 온라인 '고공행진'",,,http://www.inews24.com/view/1154690,http://www.sedaily.com
2019-01-01 16:58:57,PC사랑,사회,"벤큐, HDR 모니터 구입 시 최대 5만원 문화상품권 증정","[    [서울경제] 경기도는 오는 3월부터 12월까지 장애인 등 취약계층 50명을 선정, ‘오픈마켓 창업교육’을 실시한다. ‘오픈 마켓’은 G마켓이나 11번가 등 온라인상에서 상품을 등록해 판매하는 전자상거래 사이트를 말하며 적은 자본에 점포가 없어도 창업이 가능하다. 도는 올해 취약계층 대상 정보통신(IT)교육 역량을 갖춘 비영리법인 등 교육기관 5곳을 선정해 전문 강사와 보조강사, 상품판매 솔루션 등을 지원할 예정이다. 창업 교육 내용은 오픈마켓 쇼핑몰 등록 및 판매제품 주문 교육, 사업자등록 신고, 노출마케팅 및 1대1 실전판매 교육 등이며 자세한 내용은 경기도 홈페이지를 참고하거나 정보기획담당관실로 문의하면 된다. /수원=윤종열기자[서울경제 바로가기]Telegram으로 서울경제 뉴스를 실시간으로 받아보세요 [바로가기▶]프리미엄 미디어 Signal이 투자의 바른 길을 안내합니다 [바로가기▶]저작권자 ⓒ 서울경제, 무단 전재 및 재배포 금지   ]",[],http://www.ilovepc.co.kr/news/articleView.html?idxno=21302,https://n.news.naver.com/mnews/article/011/0003489907?sid=102
2019-01-15 16:18:50,한국경제,,"SKT, 지난해 영업익 21.8%↓…이동통신 매출 하락 직격타",,,http://news.hankyung.com/article/201901310551g,http://www.itworld.co.kr
2019-01-21 09:01:00,KPI뉴스,,온라인몰 '빅5' 새해 전략 5社5色…1黑4赤 구도 깨질까?,,,https://www.kpinews.kr/newsView/1065603916861073,https://news.mtn.co.kr/
2019.01.14.,전자신문,,"벤큐, HDR모니터 구입시 최대 5만원 문화상품권 증정",,,http://www.etnews.com/20190108000159,http://www.bloter.net/
2019.01.21.,아이뉴스24,IT/과학,"[컨콜] SKT ""지배구조개편은 ICT 포트폴리오 완성때 단행""","[    화웨이가 플래그십 태블릿 '미디어패드 M5 10'과 스마트워치 '화웨이 밴드3 프로'를 국내 시장에 출시한다고 1월14일 밝혔다. 이번 제품을 11번가를 통해 출시된다. 화웨이가 손목에 차는 웨어러블 제품을 한국 시장에 내놓은 건 이번이 처음이다.화웨이 미디어패드 M5 10은 10.8인치 플래그십 태블릿이다. 스마트폰에 주로 적용되던 2.5D 글래스 스크린을 적용했으며, 가장자리에 금속 프레임을 적용해 내구성을 높였다. 해상도는 2560×1600 수준으로, 11인치 아이패드와 비슷하다. 화소 밀도는 359ppi다. 지능형 알고리즘 기반으로 최적화된 사진과 동영상을 제공하며, 시력 보호 모드를 지원한다.    또 하만카돈과 협업을 통해 개발된 4개의 스피커가 탑재됐다. 고음질 오디오(Hi-Res audio)도 지원한다. 프로세서는 화웨이 기린 960s 옥타코어가 탑재됐다. 4G 램과 64GB 저장공간을 제공한다. 마이크로SD 카드를 지원해 256GB까지 저장공간을 확장할 수 있다.배터리 용량은 7500mAh 수준이며, 12시간 연속으로 1080p 해상도 영상을 재생할 수 있다. 화웨이 퀵차지 기술을 적용해 완전 충전까지 2.9시간이 걸린다. 전면 카메라는 800만화소, 후면 카메라는 1300만화소가 적용됐다.색상은 스페이스 그레이 1종이며, 출고가는 49만9천원이다.화웨이 밴드3 프로는 세로로 길쭉한 0.95인치 HD AMOLED (120×240) 디스플레이가 탑재됐다. 수직, 수평으로 화면을 밀어 넘기거나 터치하는 방식으로 제품을 조작할 수 있다. 실리콘 고무 스트랩이 적용됐으며, 디스플레이에는 유광 자외선 경화(UV curing) 코팅이 들어갔다.심박수 모니터링이 가능하며, 눈에 띄는 조명을 사용하지 않고 심박수를 정확하게 측정할 수 있도록 적외선(IR) 센서를 새롭게 적용했다. 사용자 수면 패턴 추적도 가능하다. 또한, 화웨이 AI 기술을 활용한 데이터 분석을 통해 수면 질을 저해하는 6가지 문제를 해결할 수 있도록 돕는다.GPS가 탑재돼 운동 기록을 추적할 수 있으며, 저전력 기술을 적용해 최대 7시간 연속으로 GPS 기능을 사용할 수 있다. 이 밖에도 최대 수심 50m 방수 기능, 수용 시 스트로크 측정, 다중 운동 모드, 5단계로 구분된 심박수 모니터링 기능 등이 적용됐다.화웨이 밴드3 프로는 블랙과 블루 2가지 색상으로 출시되며, 출고가는 12만9천원이다.이기범 기자(spirittiger@bloter.net)[저작권자 (주)블로터앤미디어, 저작권자를 명기하고 내용을 변경하지 않으며, 비상업적으로 이용하는 조건아래 재배포 가능합니다.]   ]","['짱깨주제에 너무 비싼거 아니야 엘지야?', '꺼졌!사드폰!!']",http://www.inews24.com/view/1155235,https://n.news.naver.com/mnews/article/293/0000023430?sid=105
2019.01.31.,뉴스1,,"[IR종합]SKT ""올해 5G+미디어 힘입어 매출 1조이상 상승""",,,http://news1.kr/articles/?3539098,https://zdnet.co.kr/
2019.01.17.,아시아타임즈,IT/과학,"SK텔레콤, 지난해 영업익 1조2018억원…전년比 21.8% 감소","[    착한텔레콤-11번가, 스카이 핏 프로 사전예약 진행(지디넷코리아=박수형 기자)팬택 스카이 브랜드가 휴대폰에 앞서 무선 이어폰으로 부활한다.착한텔레콤은 11번가와 함께 무선 이어폰 ‘스카이 핏 프로’ 사전예약을 실시한다고 21일 밝혔다.스카이 핏 프로는 블루투스 5.0 기반에 8mm 다이내믹 드라이버와 듀얼 마이크를 탑재했다. 이어폰 무게를 4.9그램이며, 6시간 연속 재생에 충전크래들 이용시 최대 24시간을 사용할 수 있다. 또한 3개의 버튼으로 볼륨 조절과 음악 재생 기능, 스마트폰 음성인식 서비스 이용이 가능하다.    판매 가격은 5만9천900원이며 11번가의 사전 예약을 통해 최대 18% 할인이 제공된다. 공식 판매는 28일부터 주요 온라인쇼핑몰과 스카이 브랜드 사이트(www.iSKY.co.kr), 전국 스카이서비스센터를 통해 판매될 예정이다.박종일 착한텔레콤 대표는 “무선 이어폰 시장은 전년 대비 2배 이상으로 급성장 하고 있으며 삼성전자와 애플을 비롯해 샤오미, 모토로라와 같은 스마트폰 제조사들도 경쟁적으로 뛰어들고 있다”며 “스카이의 첫 복귀작인 스카이 핏 프로는 타사 제품에 비해 품질은 높이고 가격은 낮추는 전략으로 더 많은 고객들에게 스카이의 부활을 알리고 싶다”고 말했다.박수형 기자(psooh@zdnet.co.kr) ▶ 지디넷코리아 '홈페이지' / ▶ 지디넷코리아 ‘이슈진단+’  ▶ 네이버 채널에서 ‘지디넷코리아’를 구독해주세요  ]","['', '', '과연 혜자의 대명사가 될지 창렬의 대명사가 될지...']",http://www.asiatime.co.kr/news/articleView.html?idxno=226454,https://n.news.naver.com/mnews/article/092/0002154785?sid=105
2019.01.16.,한국경제,,"SKT, 지난해 영업익 21.8%↓…이동통신 매출 하락 직격타",,,http://news.hankyung.com/article/201901310551g,https://news.mtn.co.kr/
2019.01.11.,KPI뉴스,,온라인몰 '빅5' 새해 전략 5社5色…1黑4赤 구도 깨질까?,,,https://www.kpinews.kr/newsView/1065603916861073,http://www.dailypop.kr
2019.01.15.,전자신문,,"벤큐, HDR모니터 구입시 최대 5만원 문화상품권 증정",,,http://www.etnews.com/20190108000159,http://www.nbntv.co.kr
2019.01.16.,아주경제,,"SK텔레콤, 새 학기 맞아 요금·데이터·제휴혜택 쏜다",,,http://www.ajunews.com/view/20190130085509985,http://www.mk.co.kr/
2019.01.15.,이투데이,경제,"SK텔레콤, 5G 시대 파트너사와 동반성장…'뉴 ICT 콜라보데이’ 개최","[    [재계 인사이드-147] 참 신기합니다. 문구점은 물론 대형마트 문구 매장에서 아이들이 우르르 몰려와 물풀을 박스째로 사갑니다. 물풀 용도라고 해봐야 '만들기' 시간에 종이를 붙이겠거니 했는데 고사리손으로 들고 가는 양치고는 어마어마합니다. 초등학생이 많이 사는 동네의 다이소, 미니소 같은 매장에서는 이런 모습을 어렵지 않게 볼 수 있었습니다.온라인으로 주문하는 오픈마켓도 이런 경향은 뚜렷합니다.오픈마켓 11번가에서 '물풀'의 검색 횟수를 알아봤더니 2016년만 해도 790회였던 것이 이듬해 3510회로 늘더니 지난해에는 6844회로 또 한 번 훌쩍 뛰었습니다. 판매 신장률은 더욱 뚜렷합니다. '풀' 카테고리에서 판매 신장률을 따져봤더니 2015년 대비 2016년에는 88% 상승, 2016년 대비 2017년에는 112% 상승, 다시 2018년 전년 대비 상승률을 따져봤더니 163%나 됐습니다.특정 사이트에서만 이런 현상이 있나 싶어서 다른 유통몰에도 알아봤습니다. 옥션, 지마켓도 사정은 비슷했습니다. 신장률이 두 자릿수 이상이었고 매년 숫자는 전년 대비 늘어나고 있다고 합니다.무슨 일이 일어난 걸까요.비밀의 베일을 들춰봤더니 뜻밖에도 신기한 물건이 배후에 있었습니다. 슬라임이었습니다. 액체괴물이란 별명도 있지요. 붕소화합물로 만든 완구, 즉 일종의 장난감입니다. 요즘 유아부터 중·고등학생을 자녀로 둔 학부모라면 모르는 사람이 드물 정도라는데요. 만지면 탱글탱글하면서 쭉쭉 늘어나기도 해서 신기한 촉감에 계속 만지게 된답니다. 이를 조물조물하면 조형물을 만들 수도 있어 창의력과 집중력 향상, 정서적 안정에 도움이 된다는 말도 돕니다. 어떤 학부모는 유아기 아이가 애착이불에서 못 벗어나다가 슬라임을 접하면서 애착이불을 끊었다고 소개하기도 하네요. 만지면서 나는 소리가 나름 ASMR(자율감각 쾌락 반응·뇌를 자극해 심리적인 안정을 유도하는 것)로 이어져 놀이용으로 그만이라는 이들도 많습니다.최근에는 저변도 확대되는 분위기입니다. 슬라임도 워낙 종류가 많고 감촉, 향기, 색깔, 소리 등이 다르기도 하다 보니 슬라임을 활용한 놀이교실은 물론 카페, 심지어 인기 유튜버까지 등장할 정도입니다.인스타그램에서 한국어로 '슬라임'만 쳐봤는데도 관련 게시물은 84만건에 달할 만큼 인기더군요. 열풍은 점점 뜨겁고 강해지는 분위기입니다. 아이유, 설리, 간미연 등 세대를 가리지 않고 연예인까지 인기 대열에 가세하고 있으니까요.     지난해 매경에 소개된 젤리시스터즈. 슬라임 관련 제품으로 월매출 1억원을 돌파했다.  산업화 조짐도 보입니다. 관련 제품을 제조해 파는 스타트업 젤리시스터즈는 지난해 처음으로 월매출 1억원을 돌파하기도 했지요.그런데 물풀 매출과 슬라임은 또 무슨 관계가 있을까요. 왜 물풀이 요즘 눈에 띄게 매출이 늘어나고 있는 걸까요.물풀은 실은 슬라임의 주재료 중 하나입니다. 물론 붕사, 글리세린도 들어가지만 물풀이 이 중 핵심이라 할 수 있어요. 그런데 요즘 들어 시중에서 파는 제품 대신 물풀을 직접 사서 나만의 슬라임을 만드는 사례가 폭발적으로 늘어나고 있다고 합니다. 슬라임 DIY(Do it yourself) 현상이 빚어지고 있다는 겁니다. 물풀이 국산이냐, 수입산이냐, 또 어느 브랜드 제품이냐에 따라 슬라임의 품질(?)에 차이와 편차가 워낙 심하게 나다 보니 이것저것 주문해보느라 관련 매출이 동반성장하는 분위기라고 하네요.      G마켓 자료에 따르면 상품명에 '슬라임' '액체괴물' '물풀' 키워드가 들어간 제품을 대상으로 판매 신장률을 짚어봤더니 2017년 23%였던 것이 지난해에는 96%로 급증했더군요. 11번가에서도 슬라임이 포함된 '플레이도/클레이' 카테고리의 판매 상승률은 2017년 43%, 지난해에는 전년 대비 79%로 비슷한 양상을 보였습니다.11번가의 김상근 MD(상품기획자)는 ""2017년 상반기부터 SNS, TV 매체 등에서 액체괴물, 슬라임이 이슈화되면서 고객들의 관심이 매년 꾸준히 늘고 있다""고 소개합니다.재밌는 건 세대별 주문 상승률도 함께 올라가고 있다는 겁니다.      G마켓에서 30대 이상 지난해 판매 상승률이 모두 80% 이상이었으니 말 다했습니다. 물론 학부모의 구매도 있었겠지만 성인 중에서도 애호가(?)가 부쩍 늘었다는 걸 짐작할 수 있습니다.여기에 더불어 또 하나 물풀 판매량 증가의 기폭제가 있었습니다.유해성 논란입니다. 지난해 1월과 10월 산업통상자원부 국가기술표준원은 슬라임에서 가습기 살균제의 독성물질(클로로메틸이소티아졸리논, 메틸이소티아졸리논 등)을 확인하고 기준치 이상 포함된 제품들에 대해 리콜 명령을 내렸습니다.최근 서울대 보건환경연구소와 보건대학원 연구팀도 시중에서 판매하는 액체괴물 30종을 구입해 분석한 결과 25개에서 붕소화합물이 유럽연합(EU) 기준치를 초과했다는 논문을 한국환경보건학회지에 발표했지요. 지난해 10월 국정감사를 통해 이들 리콜 제품이 버젓이 유통되고 있는 것으로 드러나 파문이 일기도 했고요.이러니 직접 유해하지 않은 재료만 선별해 내 손으로 만들어 안전(?)하게 갖고 놀겠다는 이들이 늘었다는 건데요. 물풀 중에서도 최근에는 수질 오염 물질로 지정된 폼알데하이드가 없는 제품들 수요가 더더욱 늘어나고 있고요. 일부 업체는 안전성 확보를 위해 KC마크를 획득했다는 사실을 광고하기도 하더군요. 그 밖에도 11번가에서 '무독성 슬라임'으로 검색되는 추이는 2017년만 해도 0이었는데요. 지난해 하반기부터는 10월 36회, 12월 192회로 점점 늘어나는 추세입니다.물론 여전히 학부모들의 고민은 있습니다. 학부모 김지희 씨는 ""집중력을 길러주는 점, 무언가를 창조해낸다는 점에서는 긍정적이긴 하지만 한편으로는 너무 중독성이 있는 건 아닌가 싶어 걱정되기도 한다""고 말합니다. 다른 학부모 하은애 씨는 ""아직 완전히 유해성 논란이 해소된 게 아니라서 사주지는 못하고 있는데 다른 또래 아이들이 다들 갖고 노니까 아이가 너무 갖고 싶어해서 고민""이라고 털어놓기도 하네요.여하튼 아이들 장난감에서 시작해 점차 동호회, 마니아층이 형성되고 있는 슬라임. 숱한 논란과 화제를 낳으며 점차 일상 속으로 훅 들어온다는 사실만큼은 인정해야 할 듯합니다.[박수호 매경이코노미 기자]▶매경 뉴스레터 '매콤달콤'을 지금 구독하세요▶뉴스 이상의 무궁무진한 프리미엄 읽을거리[ⓒ 매일경제 &amp; mk.co.kr, 무단전재 및 재배포 금지]   ]","['짐플리키즈 슬라임플레이는 붕소가 전혀 들어가지 않은 어린이 안전 인증, 화장품 인증 받은 제품입니다. 이 기사에 왜 저 제품의 사진이 게재되어있는건가요?']",http://www.etoday.co.kr/news/section/newsview.php?idxno=1716803,https://n.news.naver.com/mnews/article/009/0004287310?sid=101
2019.01.01.,아이뉴스24,,"[컨콜] SKT ""지배구조개편은 ICT 포트폴리오 완성때 단행""",,,http://www.inews24.com/view/1155235,http://www.newspim.com
2019-01-14 16:04:32,뉴스1,,"[IR종합]SKT ""올해 5G+미디어 힘입어 매출 1조이상 상승""",,,http://news1.kr/articles/?3539098,http://www.inven.co.kr
2019-01-21 09:16:03,PC사랑,,"제이씨현시스템, 유디아 더 넓고 선명한 27형 모니터 출시기념 특가이벤트 진...",[],[],http://www.ilovepc.co.kr/news/articleView.html?idxno=21408,https://sports.news.naver.com/news.nhn?oid=442&aid=0000092972
2019-01-11 15:03:10,문화일보,,망원시장 등 전통시장 중심 ‘제로페이’ 확산,,,http://www.munhwa.com/news/view.html?no=2019013001071427099001,http://www.inven.co.kr
None,이투데이,,"SK텔레콤, 5G 시대 파트너사와 동반성장…'뉴 ICT 콜라보데이’ 개최",[],[],http://www.etoday.co.kr/news/section/newsview.php?idxno=1716803,https://sports.news.naver.com/news.nhn?oid=442&aid=0000092924
None,아이뉴스24,,"[컨콜] SKT ""지배구조개편은 ICT 포트폴리오 완성때 단행""",,,http://www.inews24.com/view/1155235,http://www.inthenews.co.kr
2019.01.15.,뉴스1,,"[IR종합]SKT ""올해 5G+미디어 힘입어 매출 1조이상 상승""",,,http://news1.kr/articles/?3539098,http://www.inven.co.kr
2019.01.01.,인더뉴스,,"“선택 약정 증가 영향”...SKT, 작년 영업익 1.2조· 전년比 22%↓",[],[],http://www.inthenews.co.kr/news/article.html?no=13318,https://sports.news.naver.com/news.nhn?oid=442&aid=0000092924
2019.01.02.,뉴데일리,,"SKT, 새 학기 맞아 '요금-데이터-제휴' 등 고객 혜택 확대",,,http://biz.newdaily.co.kr/site/data/html/2019/01/30/2019013000014.html,http://www.inthenews.co.kr
2019.01.21.,PC사랑,,"제이씨현시스템, 유디아 더 넓고 선명한 27형 모니터 출시기념 특가이벤트 진...",,,http://www.ilovepc.co.kr/news/articleView.html?idxno=21408,http://www.news2day.co.kr
2019.01.18.,문화일보,,망원시장 등 전통시장 중심 ‘제로페이’ 확산,,,http://www.munhwa.com/news/view.html?no=2019013001071427099001,http://www.nspna.com/
15면 1단,한국금융신문,,SKT “5G+뉴 ICT 사업으로 실적 반등할 것…올해 매출 18조원”,,,http://www.fntimes.com/html/view.php?ud=2019013119330584192881bc4acb_18,http://tenasia.co.kr/
2019.01.18.,PC사랑,,"한사랑씨앤씨, 삼성 게이밍 노트북 오디세이 NT800G5S-XD71A 특가 진행",[               [텐아시아=김수경 기자]  MBC 아이돌 서바이벌 ‘언더나인틴’. 사진제공= MBCMBC 아이돌 서바이벌 ‘언더나인틴’이 오는 2월 23일 오후 5시 서울 올림픽공원 올림픽홀에서 ‘FINAL CONCERT’(파이널 콘서트)를 개최한다.티켓은 24일 오후 8시 11번가에서 예매가 가능하다.‘FINAL CONCERT’에서는 출연진의 다채로운 퍼포먼스를 볼 수 있을 것으로 기대된다.‘언더나인틴’은 매주 토요일 오후 6시 25분에 방송된다.김수경 기자 ksk@tenasia.co.kr&lt;ⓒ “텐아시아” 무단전재 재배포금지&gt; ],[],http://www.ilovepc.co.kr/news/articleView.html?idxno=21405,https://n.news.naver.com/mnews/article/312/0000367855?sid=106
2019.01.15.,케이벤치,,"제이씨현, 11번가서 기가바이트 지포스 RTX 2060을 구입이벤트 진행",,,http://kbench.com/?q=node/195256,http://www.munhwa.com/
2019.01.05.,SR타임스,사회,"[SR경제&라이프] SK텔레콤, 작년 매출 16조8740억원 기록…전년대비 3.7%↓",[     “‘부평 11번가’는 지역의 중심 시가지를 경제적·사회적·물리적·환경적으로 활성화해 도시의 경쟁력을 높이는 혁신사업입니다.”차준택(사진) 부평구청장은 17일 “‘부평 11번가’ 도시재생 뉴딜사업을 반드시 성공시키겠다”고 말했다. 차 구청장은 “한 때 인천에서 가장 잘사는 동네가 지금은 가장 쇠퇴한 곳이 됐다”며 “도시재생 사업으로 원도심이 활력을 되찾고 지속가능한 발전의 토대를 마련하겠다”고 강조했다. 부평 토박이인 그는 지난해 6월 지방선거에서 “새로운 미래 10년을 준비하겠다”며 ‘부평 11번가’의 성공적 사업추진을 공약으로 내세워 전국 기초단체장 중 가장 높은 득표율(69.81%)로 당선됐다.부평 11번가는 2017년도 국토교통부가 공모한 전국 도시재생 뉴딜 시범사업에 중심시가지형 사업으로 선정돼 지난해 지역 주민이 참여한 협력적 거버넌스를 구축해 최근 구체적인 사업 계획을 확정했다. 도심을 관통하는 굴포천을 생태하천으로 복원해 누구나 걷고 싶은 공간으로 조성하고 부평역 주변 침체된 상권을 되살려 고용·생산·소비가 선순환되는 도시를 만들겠다는 구상이다. 이 같은 구상은 지역주민이 협력적 거버넌스로 참여한 ‘부평비전 2020 위원회’에서 구체화됐다. 차 구청장은 반환되는 미군부대 시설에 공영주차장을 만들어 도심의 주차난을 해소하면 불법주차로 골머리를 앓는 골목길 상권도 회복될 것으로 기대했다.차 구청장은 “부평 11번가 사업을 구심점으로 지역 주민이 자발적 참여할 수 있는 소규모 도시재생 사업을 지속적으로 추진해 주민이 체감할 수 있는 사업으로 만들겠다”고 말했다. 그는 부평 11번가 사업이 본격 추진되는 올해를 부평의 새로운 10년을 만드는 원년으로 정했다.   인천=지건태 기자 jus216@munhwa.com[ 문화닷컴 바로가기 | 문화일보가 직접 편집한 뉴스 채널 | 모바일 웹 ][Copyrightⓒmunhwa.com '대한민국 오후를 여는 유일석간 문화일보' 무단 전재 및 재배포 금지(구독신청:02)3701-5555)]   ],[],http://www.srtimes.kr/news/articleView.html?idxno=32313,https://n.news.naver.com/mnews/article/021/0002378990?sid=102
2019.01.22.,디지털타임스,,"""데이터 늘려주고, 요금은 할인""...SKT, 새학기 맞춤형 이벤트",,,http://www.dt.co.kr/contents.html?article_no=2019013002109931032001&ref=naver,http://www.edaily.co.kr/
None,한국금융신문,경제,SKT “5G+뉴 ICT 사업으로 실적 반등할 것…올해 매출 18조원”,"[ 11번가서 아침햇살 구매하면 200원 기프티콘 판매    (사진=웅진식품)[이데일리 강신우 기자] 웅진식품이 아침햇살 출시 20주년을 맞아 11번가에서 200원 기프티콘 한정판매 이벤트를 진행한다고 18일 밝혔다. 이번 행사는 1월 20일부터 5월까지 매월 20일 11번가에서 ‘스무살 아침햇살이 바쁜 청춘을 응원합니다.’ 캠페인의 일환으로 진행되며 매월 1000명 한정으로 판매한다.아침햇살은 1999년 선보인 국산 쌀과 현미로 만든 국내 최초의 쌀 음료다. 한국인의 식생활 문화와 정서를 담은 웅진식품의 대표 음료로 출시이래 20년 동안 소비자들에게 변함없는 사랑을 받아오고 있다.지난해 9월에는 ‘아침햇살 빈티지 컵’ 기획 세트도 2000명에게 선착순 한정 판매하여 판매 개시 5시간 만에 모든 수량이 소진되고, 추가로 재판매를 진행할 만큼 젊은 층의 주목을 끌기도 했다.장문영 웅진식품 아침햇살 담당 브랜드 매니저는 “출시 20주년을 맞은 아침햇살이 스무살 청춘들과 함께 성장하고 사랑받을 수 있도록 다양한 청춘 응원 캠페인을 준비하고 있다”며 “앞으로도 다양한 세대에서 사랑받는 제품이 될 수 있도록 지속으로 새로운 마케팅 활동을 진행하겠다”고 말했다.강신우 (yeswhy@edaily.co.kr)네이버에서 이데일리 [구독하기▶], 꿀잼가득 [영상보기▶]빡침해소! 청춘뉘우스~ [스냅타임▶]＜ⓒ종합 경제정보 미디어 이데일리 - 무단전재 &amp; 재배포 금지＞ ]",[],http://www.fntimes.com/html/view.php?ud=2019013119330584192881bc4acb_18,https://n.news.naver.com/mnews/article/018/0004294245?sid=101
2019-01-18 16:56:00,PC사랑,,"한사랑씨앤씨, 삼성 게이밍 노트북 오디세이 NT800G5S-XD71A 특가 진행",,,http://www.ilovepc.co.kr/news/articleView.html?idxno=21405,http://www.seoulwire.com
2019-01-17 14:50:37,케이벤치,,"제이씨현, 11번가서 기가바이트 지포스 RTX 2060을 구입이벤트 진행",,,http://kbench.com/?q=node/195256,http://www.kado.net/
2019-01-18 09:55:54,스포츠동아,,"푸에르자 부르타 웨이라 인 서울, 4월 다시 한국서 재공연",,,http://sports.donga.com/3/all/20190130/93922704/2,http://www.cnet.co.kr
2019.01.21.,베타뉴스,,"벤큐, 신년 맞이 HDR 지원 4K 모니터 프로모션 실시",,,http://www.betanews.net:8080/article/957206.html,http://www.kbench.com/
2019.01.02.,싱글리스트,,"젠하이저, '모멘텀 트루 와이어리스' 11번가 이벤트...사은품 증정",,,http://www.slist.kr/news/articleView.html?idxno=61780,http://www.etoday.co.kr
2019.01.02.,데일리안,,"SK텔레콤, 'New ICT 콜라보데이’ 개최",,,http://www.dailian.co.kr/news/view/769156/?sc=naver,http://www.ebn.co.kr
2019.01.22.,뉴스워치,,[유통워치] 명절·데이 앞둔 유통업계…불경기 속 소비자 잡아라,,,http://www.newswatch.kr/news/articleView.html?idxno=17120,http://www.betanews.co.kr
2019.01.10.,스포츠동아,,"푸에르자 부르타 웨이라 인 서울, 4월 다시 한국서 재공연",,,http://sports.donga.com/3/all/20190130/93922704/2,http://www.kbench.com/
14면 1단,베타뉴스,,"벤큐, 신년 맞이 HDR 지원 4K 모니터 프로모션 실시",,,http://www.betanews.net:8080/article/957206.html,http://www.dt.co.kr/
2019.01.18.,싱글리스트,경제,"젠하이저, '모멘텀 트루 와이어리스' 11번가 이벤트...사은품 증정","[     화웨이 컨슈머 비즈니스 그룹이 10.8인치 플래그십 태블릿 '화웨이 미디어패드 M5 10'과 웨어러블 제품 '화웨이 밴드 3 프로'를 11번가를 통해 출시한다.화웨이 미디어패드 M5 10은 스마트폰에 주로 적용됐던 2.5D 글래스 스크린을 태블릿에 적용하고 가장자리를 금속 프레임으로 구성해 내구성을 향상시켰다. 또 하만카돈과 장기적인 파트너십을 기반으로 개발된 4개의 스피커를 장착했으며, 고음질 오디오를 지원한다.화웨이 미디어패드 M5 10은 기린 960s 시리즈 프로세서, 7500mAh 배터리도 갖춰 12시간 연속 1080p 동영상 재생을 가능하게 한다. 화웨이 퀵차지 기술을 토대로 화웨이 미디어패드 M5 10의 배터리 완충에는 단 2.9시간이 소요된다.화웨이 밴드 3 프로는 화웨이가 한국 시장에서 최초로 선보이는 웨어러블 제품이다. 화웨이 밴드 3 프로에는 0.95 인치 HD 아몰레드 (240x120) 컬러 터치 스크린이 탑재돼 한층 넓은 공간에 데이터를 표시할 수 있다. 또한 화웨이 밴드 3 프로는 하루 동안 사용자의 심박수를 정확하게 모니터링 하며, 기존처럼 눈에 띄는 조명을 사용하지 않고도 심박수를 정확하게 추적할 수 있도록 IR(적외선) 센서를 적용했다.화웨이 밴드 3 프로에 탑재된 독립 GPS는 스마트폰 없이도 사용자의 운동 기록을 추적 가능하게 하며, 저전력 소모를 통해 최대 7시간 연속으로 GPS를 구동할 수 있다. 아울러△수심 50m까지 지원되는 방수 기능 △수영 시 스트로크 측정 △다중 운동 모드 △5단계로 구분된 심박수 모니터링 기능을 갖췄다. 미디어패드 M5 10은 스페이스 그레이 색상, 화웨이 밴드 3 프로는 블랙, 블루 2가지 색상으로 출시한다. 출고가는 각각 49만9000원과 12만9000원이며, 11번가 쿠폰 적용 시 각각 2만원, 1만원 할인된 가격에 구입할 수 있다.  김은지기자 kej@dt.co.kr 디지털타임스 홈페이지 바로가기 / 디지털타임스 뉴스 더보기네이버 채널에서 '디지털타임스'를 구독해주세요. ]","['안산다 꺼져라', '화웨이 - 중국 인민해방군(정보부) 산하 기업. 즉, 니들 개인신상은 바로 털린다.', '', '짱깨 공산당 기업 화웨이는 전세계에 스파이를 쫙 깔아 놓고 정보 빼가는 것도 모자라 통신장비에 백도어(개인,기업,군대,정부기관의 정보를 중국으로 빼내가는 소프트웨어) 심어 해킹하다 걸려 미국,호주,뉴질랜드,일본,영국,독일,프랑스 등에서 배제되고 있다. 짱깨 화웨이는 비상장기업에 전체 지분 중 창업주인 런정페이 회장의 지분이 1.4%에 불과하고 화웨이 임원 중 10여명은 베일에 가려진 인물들이다... 미국 및 유럽에서는 그 인물들이 공산당 지분이라는 것이고 짱깨 공산당은 언제든 다시 백도어를 심을 수 있다는 것이 그들의 판단이다!!!', '절대로 쓰지마라 공산당 제품쓰는 나라는 망한다.중국오랑캐 하웨이는 공산당기업 대한민국기업.개인 신상 다털린다.\n절대로 쓰지마라..공산당기업 하웨이//', '화웨이 단말기는 빠르면 빠를수록 타국 핵심기술 빨리 빼내 짱개 첩보국에 빨리 전송 시킨다며....', '중국꺼는 되도록 안쓰는게 좋음.', '짱게산은쓰지도맙시다 도둑집단에 글로벌스텐다드  모르는 생선대가리 같은 놈들 빨리 폭망해야 합니다', '', '응 공짜로 줘도 안써', '', '어? LG 본사인 화웨이네...', '화웨이 밴드 3 프로에 탑재된 독립 GPS는 당신이 어디에 있던 중국 공안에 위치를 전송 시킬 것이다.', '이거 차면 중국 공산당으로 일거수일투족 다 보고됨 ㅋ', '카악~~~~~퉤!!!!!!!!!!!', '네이버는 신문기사 내리고 기사 삭제요망', '화웨이 제품 국내 수입 금지해라.', '', '저거쓰면 개인신상 다 털린다', '미세먼지 만든 족속의 제품은 취급안합니다.', '', '중국이 한국인 생체정보를 수집하지 않는다는 보장이 있나?', '세계의 왕따... ㅎㅎㅎ', '실시간 해킹당할듯', '', '', '이런 뉴스는 우리 우방국인 트럼프 대통령을 굉장히 불쾌하게 한다 앞으로 이런 재수없는 뉴스는 보내지마라 울 국민들이 싸지도 않을 뿐더러 관심이 1도 없거덩 혹시 엘쥐나 관심 가질려나.', '생각보다 훨씬 비싸네...난 또,미디어패드 18만원선, 전자시계(밴드)2만원 선 하는 줄 알고 기사를 읽어 봤더니... 중국산이 요즘 왜 이리도 비싸냐..', '나의 생체정보가 화웨이에 흘러들어간다는 생각은??????? 찝찝......... 지금 서방세계가 화웨이 장비 거부하는 이유 알지???', '국내 거주 중국인들에게 무척 많이 팔릴듯...  차는순간 중국인 인증...ㅋ', '응 안사', '지속적으로 중국 공산단 업체 홍보가 나오는 게 수상~ 돈먹은 넘들이 한두넘이 아닌듯~ 정재계에', '', '저거 차는 순간 이동하는것까지 감시받겠네', '', '겁나 욕하지만 정작 쓰고있는 물건 제조국은 다 중국산이다', '김은지 짱개ㄴ아 이딴거 올릴시간에 책이나봐라 그렇게 해서 돈벌고 싶냐']",http://www.slist.kr/news/articleView.html?idxno=61780,https://n.news.naver.com/mnews/article/029/0002503069?sid=101
2019.01.15.,이뉴스투데이,,"SKT, 새 학기 맞이 요금데이터제휴 혜택 제공",,,http://www.enewstoday.co.kr/news/articleView.html?idxno=1267766,http://www.kukinews.com
2019.01.21.,뉴스웍스,,"SK텔레콤, 지난해 매출 16조8740억원, 영업이익 1조2018억원",,,http://www.newsworks.co.kr/news/articleView.html?idxno=332905,http://news1.kr/
2019.01.29.,데일리안,경제,"SK텔레콤, 'New ICT 콜라보데이’ 개최","[ 11번가 단독 기획전 1월31일까지…커피쿠폰·다이어리 증정    필립스 2019 새해맞이 11번가 단독 '청소기 기획전' 개최© News1(서울=뉴스1) 심언기 기자 = 필립스코리아가 온라인쇼핑몰 11번가와 손을 잡고 할인·경품 프로모션을 진행한다고 15일 밝혔다.필립스코리아는 이날부터 오는 31일까지 '2019 새해맞이 11번가 단독 기획전'을 진행한다. ‘스피드프로 맥스(FC6813)’ 무선청소기와 ‘스마트프로 컴팩트 XL’(FC8766) 무선청소기 구매시 최대 43% 할인 혜택을 제공한다. 필립스코리아는 프로모션 대상 청소기 구매고객을 대상으로 경품 이벤트도 진행한다. 후기 이벤트는 2월10일까지 진행하며 경품은 2월25일부터 순차 배송된다.‘스피드프로 맥스 100% 당첨 후기 이벤트’ 참여자 전원에게 3만원 상당의 스타벅스 상품권을, ‘스마트프로 컴팩트 XL 100% 당첨 후기 이벤트’ 참여자에게는 2019 카카오 프렌즈 다이어리를 증정한다.필립스코리아 생활가전 청소기 마케팅 관계자는 ""삼한사미’라는 신조어가 나올 정도로 추위와 미세먼지가 반복되는 올 겨울 소비자들의 호흡기 건강을 지키기 위해 이번 청소기 기획전을 마련했다”며 “소비자들이 필립스 청소기로 빠르고 깨끗하게 집안 미세먼지를 청소해 건강한 새해맞이를 하기를 바란다""고 말했다.eonki@news1.kr▶ [ 크립토허브 ]  [ 터닝포인트 2019 ] ▶ 에어팟&amp;스타벅스 커피 경품(~1/25)[© 뉴스1코리아(news1.kr), 무단 전재 및 재배포 금지] ]",[],http://www.dailian.co.kr/news/view/769156/?sc=naver,https://n.news.naver.com/mnews/article/421/0003786825?sid=101
2019-01-14 14:43:47,뉴스워치,,[유통워치] 명절·데이 앞둔 유통업계…불경기 속 소비자 잡아라,,,http://www.newswatch.kr/news/articleView.html?idxno=17120,http://www.kihoilbo.co.kr/
2019-01-15 15:07:26,중소기업뉴스,,카카오페이·KT 등 15곳 제로페이에 합류,,,http://news.kbiz.or.kr/news/articleView.html?idxno=48874,http://biz.chosun.com/
2019-01-29 06:03:02,더벨,경제,"[더벨]코리아센터, M&A·IPO 앞두고 '몸값 높이기'","[    유튜브 방송에 출연하는 초등학교 저학년 여학생 네명이 자신의 메이크업 도구를 자랑한다. 3단 메이크업 박스가 열리면, 첫번째 칸부터 3종류의 립제품과 12색 아이섀도우가 등장한다. 다른 메이크업 박스에는 립스틱과 아이섀도우 화장품만 32개. 매니큐어와 볼터치까지 들었다. 한 초등학생은 ""너무 많이 써서 더러워졌다""며 부끄러운 듯 아이섀도우를 가렸다. 또 다른 유튜브 영상은 초등학교 여학생 두명의 화장 대결이다. 동영상 화면 속 썬팩트와 볼터치를 문지르는 손이 클로즈업된다. 립스틱을 바르는 손이 빠르게 움직인다. 서로 ""너 볼터치가 예쁘다"", ""완전 블링블링하다""는 칭찬도 빼먹지 않는다. 지난해 11월 올라온 이 영상에는 얼굴과 화장을 평가하는 댓글만 2400여개. 조회수는 44만회를 기록했다.     유튜브에 올라와 있는 어린이 화장관련 영상. / 유튜브 ‘팅글리’ 캡처29일 온라인 쇼핑몰 옥션에 따르면 지난해 유아용 썬쿠션·썬팩트 매출은 전년보다 279% 늘었다. 유아 메이크업 용품 매출도 2배 가까이(83%) 증가했다.11번가도 비슷하다. 11번가에서 지난해 어린이 화장품의 거래액은 전년 대비 338% 증가했다. 어린이 화장품은 2016년 1월 12종만 판매됐으나, 지난해 말 판매 등록된 상품(350개) 중 117종이 활발하게 판매됐다. 11번가 관계자는 ""시장이 확대되면서 중소형 브랜드의 수입·판매가 늘었다""며 ""올해는 쁘띠엘린, 보령 등이 진출해 ‘프리미엄급’ 어린이 화장품도 나올 것""으로 예상했다. 어린이용 화장품의 인기는 유튜브가 이끌고 있다. 유튜브에선 어린이 혼자서 팩트를 들고 얼굴은 하얗게 칠하거나, 눈두덩이와 볼을 붉은색으로 물들이는 모습을 어렵지 않게 찾을 수 있다. 초통령(초등학생 대통령)으로 불리는 ‘헤이지니’는 어린이 화장품을 다룬 영상만 10개 넘게 올렸다. 구독자만 155만명인 헤이지니답게 조회수는 20만에서 100만을 넘어가기도 한다. 지난해 7월에는 자신의 이름을 딴 어린이 화장품까지 내놨다.  실생활에서도 어린이용 화장품 구매가 어렵지 않아 부모들은 골머리를 앓기도한다. 마트, 백화점, 면세점 등에서는 어린이 화장품을 쉽게 구매할 수 있다. 현대백화점면세점은 개장 직후부터 어린이용 화장품 매장을 마련했다. 붙이는 매니큐어와 색깔 있는 립밤 등을 판매한다.    캐리키즈카페에서 키즈 뷰티살롱을 체험한 아이들이 기념사진을 찍고 있다. 어린이들은 네일아트와 화장을 받은 상태다./ 캐리키즈카페 인스타그램 캡처키즈카페 등에서 화장을 접할 기회도 많다. 여의도 IFC 내에 있는 캐리카페에는 ‘캐리뷰티’가 성황이다. 얼굴에는 팩을 하면서 손가락에는 네일을 받은 뒤, 썬팩트와 립스틱, 볼터치를 하는게 하나의 코스다. 주말에는 대기를 해야할 정도로 사람이 몰린다. 잠실 롯데월드몰에는 아이 전용 뷰티 스파 ‘슈슈앤쎄씨’가 마련돼있다. 얼굴 마사지는 물론 손톱 관리까지 해준다. 상황이 이렇자 어린이들 사이에서는 외모 경쟁이 일어나기도 한다. 어린이집 교사를 하고 있는 김현성(30)씨는 ""가격이 터무니없이 비싼데다 어린 나이부터 외모에 집착하게 되는 등 좋지 않은 영향을 준다""며 ""5~7살이 ‘입술을 발라야 화장이 완성된다’, ‘예뻐지려면 꾸며야 한다'고 말하기도 한다""고 했다  어린이 화장품에 대한 안전문제 우려도 커지고 있다. 네살배기 딸을 키우는 강지민(36)씨는 ""유해성이 없다고는 써 있지만 마냥 믿기 어려워 걱정이 크다""며 ""가능한 어린이 화장 영상부터 안 보여주려고 한다""고 말했다. 이택광 경희대 글로벌커뮤니케이션학부 교수는 ""영국 등 일부 국가는 유·아동 화장품에 대해서는 규제를 강하게 적용한다""며 ""어릴 때부터 유해성분에 노출될 뿐만 아니라 외모에 집착하는 등 좋지 않은 습관을 가질 수 있다""고 했다. 이현진 영남대 유아교육과 교수는 ""아이들의 모방은 자연스러운 행동이기 때문에 너무 억압하는 것은 좋지 않다""면서도 ""다른 쪽으로 관심을 돌릴 수 있도록 도와주는 것이 좋을 것""이라고 조언했다. [안소영 기자 seenrun@chosunbiz.com]chosunbiz.com   ]","['미친...공부나해라 등신들아...나이처머고 후회하지말고....', '연예인시킨다고 애들 끌고다니며 잠도 안재우고 연습시키고 난리치는 세상인데 뭐 애들 장래희망도 한몫 하고있고 나는 개인적으로 애들이 어른춤 흉내내는것도 보기싫던데...이건 내가 보수적인건지 모르는 일이라지만...애들이 하고싶어하는일을 찾아주는게 우선이다 맨날 보이는게 연예인뿐인데 뭐가 하고싶을까...', '아이답게크자 보기않좋다', '큰일입니다 이나라~~', '부모들 대가리가 비었으니~', '이쁘게 살아라. 딸 없는 내가 인생성공이네.', '꾸밈노동이니뭐니 요새 것들이 지껄이던건뭐야????? 남들한테 멋지고 아름다워보이고 우월해보이고싶은건 생물의 본능인데. 이러니까 패미가정신병이지.', '답이없다없어....', '[정법강의] 3417강 학생들의 메이크업, 이유없이 외롭고 슬픈 아이들&gt;&gt;&gt;&gt;&gt;https://youtu.be/k6u92kskWwo', '', '이건 지 애가 원하는건 뭐든지 해주는 맘충의 멍청한 머가리가 문제다', '', '이래도 탈코르셋 나불댈 거냐 ㅋㅋㅋㅋㅋㅋ']",http://www.thebell.co.kr/front/free/contents/news/article_view.asp?key=201812310100048530002970,https://n.news.naver.com/mnews/article/366/0000425642?sid=101
2019.01.15.,이데일리,,오감 만족 퍼포먼스 '푸에르자 부르타' 4월 재공연,,,http://www.edaily.co.kr/news/newspath.asp?newsid=01863046622363296,http://news1.kr/
2019.01.21.,중소기업뉴스,경제,카카오페이·KT 등 15곳 제로페이에 합류,"[ 11번가 단독 기획전 1월31일까지…커피쿠폰·다이어리 증정    필립스 2019 새해맞이 11번가 단독 '청소기 기획전' 개최© News1(서울=뉴스1) 심언기 기자 = 필립스코리아가 온라인쇼핑몰 11번가와 손을 잡고 할인·경품 프로모션을 진행한다고 15일 밝혔다.필립스코리아는 이날부터 오는 31일까지 '2019 새해맞이 11번가 단독 기획전'을 진행한다. ‘스피드프로 맥스(FC6813)’ 무선청소기와 ‘스마트프로 컴팩트 XL’(FC8766) 무선청소기 구매시 최대 43% 할인 혜택을 제공한다. 필립스코리아는 프로모션 대상 청소기 구매고객을 대상으로 경품 이벤트도 진행한다. 후기 이벤트는 2월10일까지 진행하며 경품은 2월25일부터 순차 배송된다.‘스피드프로 맥스 100% 당첨 후기 이벤트’ 참여자 전원에게 3만원 상당의 스타벅스 상품권을, ‘스마트프로 컴팩트 XL 100% 당첨 후기 이벤트’ 참여자에게는 2019 카카오 프렌즈 다이어리를 증정한다.필립스코리아 생활가전 청소기 마케팅 관계자는 ""삼한사미’라는 신조어가 나올 정도로 추위와 미세먼지가 반복되는 올 겨울 소비자들의 호흡기 건강을 지키기 위해 이번 청소기 기획전을 마련했다”며 “소비자들이 필립스 청소기로 빠르고 깨끗하게 집안 미세먼지를 청소해 건강한 새해맞이를 하기를 바란다""고 말했다.eonki@news1.kr▶ [ 크립토허브 ]  [ 터닝포인트 2019 ] ▶ 에어팟&amp;스타벅스 커피 경품(~1/25)[© 뉴스1코리아(news1.kr), 무단 전재 및 재배포 금지] ]",[],http://news.kbiz.or.kr/news/articleView.html?idxno=48874,https://n.news.naver.com/mnews/article/421/0003786825?sid=101
2019.01.29.,브릿지경제,,SK텔레콤 '뉴 ICT 콜라보데이’ 개최…5G 시대 동반 성장 결의,,,http://www.viva100.com/main/view.php?key=20190130010009825,http://www.kihoilbo.co.kr/
20면 1단,더벨,,"[더벨]코리아센터, M&A·IPO 앞두고 '몸값 높이기'",,,http://www.thebell.co.kr/front/free/contents/news/article_view.asp?key=201812310100048530002970,http://biz.chosun.com/
2019.01.03.,이데일리,경제,오감 만족 퍼포먼스 '푸에르자 부르타' 4월 재공연,"[    유튜브 방송에 출연하는 초등학교 저학년 여학생 네명이 자신의 메이크업 도구를 자랑한다. 3단 메이크업 박스가 열리면, 첫번째 칸부터 3종류의 립제품과 12색 아이섀도우가 등장한다. 다른 메이크업 박스에는 립스틱과 아이섀도우 화장품만 32개. 매니큐어와 볼터치까지 들었다. 한 초등학생은 ""너무 많이 써서 더러워졌다""며 부끄러운 듯 아이섀도우를 가렸다. 또 다른 유튜브 영상은 초등학교 여학생 두명의 화장 대결이다. 동영상 화면 속 썬팩트와 볼터치를 문지르는 손이 클로즈업된다. 립스틱을 바르는 손이 빠르게 움직인다. 서로 ""너 볼터치가 예쁘다"", ""완전 블링블링하다""는 칭찬도 빼먹지 않는다. 지난해 11월 올라온 이 영상에는 얼굴과 화장을 평가하는 댓글만 2400여개. 조회수는 44만회를 기록했다.     유튜브에 올라와 있는 어린이 화장관련 영상. / 유튜브 ‘팅글리’ 캡처29일 온라인 쇼핑몰 옥션에 따르면 지난해 유아용 썬쿠션·썬팩트 매출은 전년보다 279% 늘었다. 유아 메이크업 용품 매출도 2배 가까이(83%) 증가했다.11번가도 비슷하다. 11번가에서 지난해 어린이 화장품의 거래액은 전년 대비 338% 증가했다. 어린이 화장품은 2016년 1월 12종만 판매됐으나, 지난해 말 판매 등록된 상품(350개) 중 117종이 활발하게 판매됐다. 11번가 관계자는 ""시장이 확대되면서 중소형 브랜드의 수입·판매가 늘었다""며 ""올해는 쁘띠엘린, 보령 등이 진출해 ‘프리미엄급’ 어린이 화장품도 나올 것""으로 예상했다. 어린이용 화장품의 인기는 유튜브가 이끌고 있다. 유튜브에선 어린이 혼자서 팩트를 들고 얼굴은 하얗게 칠하거나, 눈두덩이와 볼을 붉은색으로 물들이는 모습을 어렵지 않게 찾을 수 있다. 초통령(초등학생 대통령)으로 불리는 ‘헤이지니’는 어린이 화장품을 다룬 영상만 10개 넘게 올렸다. 구독자만 155만명인 헤이지니답게 조회수는 20만에서 100만을 넘어가기도 한다. 지난해 7월에는 자신의 이름을 딴 어린이 화장품까지 내놨다.  실생활에서도 어린이용 화장품 구매가 어렵지 않아 부모들은 골머리를 앓기도한다. 마트, 백화점, 면세점 등에서는 어린이 화장품을 쉽게 구매할 수 있다. 현대백화점면세점은 개장 직후부터 어린이용 화장품 매장을 마련했다. 붙이는 매니큐어와 색깔 있는 립밤 등을 판매한다.    캐리키즈카페에서 키즈 뷰티살롱을 체험한 아이들이 기념사진을 찍고 있다. 어린이들은 네일아트와 화장을 받은 상태다./ 캐리키즈카페 인스타그램 캡처키즈카페 등에서 화장을 접할 기회도 많다. 여의도 IFC 내에 있는 캐리카페에는 ‘캐리뷰티’가 성황이다. 얼굴에는 팩을 하면서 손가락에는 네일을 받은 뒤, 썬팩트와 립스틱, 볼터치를 하는게 하나의 코스다. 주말에는 대기를 해야할 정도로 사람이 몰린다. 잠실 롯데월드몰에는 아이 전용 뷰티 스파 ‘슈슈앤쎄씨’가 마련돼있다. 얼굴 마사지는 물론 손톱 관리까지 해준다. 상황이 이렇자 어린이들 사이에서는 외모 경쟁이 일어나기도 한다. 어린이집 교사를 하고 있는 김현성(30)씨는 ""가격이 터무니없이 비싼데다 어린 나이부터 외모에 집착하게 되는 등 좋지 않은 영향을 준다""며 ""5~7살이 ‘입술을 발라야 화장이 완성된다’, ‘예뻐지려면 꾸며야 한다'고 말하기도 한다""고 했다  어린이 화장품에 대한 안전문제 우려도 커지고 있다. 네살배기 딸을 키우는 강지민(36)씨는 ""유해성이 없다고는 써 있지만 마냥 믿기 어려워 걱정이 크다""며 ""가능한 어린이 화장 영상부터 안 보여주려고 한다""고 말했다. 이택광 경희대 글로벌커뮤니케이션학부 교수는 ""영국 등 일부 국가는 유·아동 화장품에 대해서는 규제를 강하게 적용한다""며 ""어릴 때부터 유해성분에 노출될 뿐만 아니라 외모에 집착하는 등 좋지 않은 습관을 가질 수 있다""고 했다. 이현진 영남대 유아교육과 교수는 ""아이들의 모방은 자연스러운 행동이기 때문에 너무 억압하는 것은 좋지 않다""면서도 ""다른 쪽으로 관심을 돌릴 수 있도록 도와주는 것이 좋을 것""이라고 조언했다. [안소영 기자 seenrun@chosunbiz.com]chosunbiz.com   ]","['미친...공부나해라 등신들아...나이처머고 후회하지말고....', '연예인시킨다고 애들 끌고다니며 잠도 안재우고 연습시키고 난리치는 세상인데 뭐 애들 장래희망도 한몫 하고있고 나는 개인적으로 애들이 어른춤 흉내내는것도 보기싫던데...이건 내가 보수적인건지 모르는 일이라지만...애들이 하고싶어하는일을 찾아주는게 우선이다 맨날 보이는게 연예인뿐인데 뭐가 하고싶을까...', '아이답게크자 보기않좋다', '큰일입니다 이나라~~', '부모들 대가리가 비었으니~', '이쁘게 살아라. 딸 없는 내가 인생성공이네.', '꾸밈노동이니뭐니 요새 것들이 지껄이던건뭐야????? 남들한테 멋지고 아름다워보이고 우월해보이고싶은건 생물의 본능인데. 이러니까 패미가정신병이지.', '답이없다없어....', '[정법강의] 3417강 학생들의 메이크업, 이유없이 외롭고 슬픈 아이들&gt;&gt;&gt;&gt;&gt;https://youtu.be/k6u92kskWwo', '', '이건 지 애가 원하는건 뭐든지 해주는 맘충의 멍청한 머가리가 문제다', '', '이래도 탈코르셋 나불댈 거냐 ㅋㅋㅋㅋㅋㅋ']",http://www.edaily.co.kr/news/newspath.asp?newsid=01863046622363296,https://n.news.naver.com/mnews/article/366/0000425642?sid=101
2019.01.22.,비지니스코리아,,"SKT, 새 학기 맞아 요금·데이터·제휴 혜택 푼다",,,http://www.businesskorea.co.kr/news/articleView.html?idxno=28801,http://www.fnnews.com/
2019.01.08.,위키리크스한국,경제,"SK텔레콤, 지난해 영업익 1조2018억원… 전년比 21.8%↓","[   패션업계 온라인 자사몰들이 킬러 콘텐츠 육성에 주력하고 있다. 삼성물산 패션부문의 SSF샵, LF의 LF몰 등은 전문성을 살려 패션업체만이 제공할 수 있는 콘텐츠를 제공해 옥션, G마켓, 11번가 등 유명 쇼핑몰들과의 차별화에 나선다.24일 패션업계에 따르면 SSF샵은 '겟 더 스타일', LF몰은 '인생 한벌'이라는 코너를 메인으로 내세우고 있다. 삼성물산 패션부문 관계자는 ""유통을 전문으로 하는 온라인 쇼핑몰들과의 경쟁이 쉽지 않기 때문에 패션업체만의 강점을 살려야 한다고 봤다""고 말했다.SSF샵은 '겟 더 스타일' 코너를 통해 방문객 수와 연계 매출이 100% 증가했다. 삼성패션연구소에서 제공하는 트렌드 분석 자료를 토대로 패션에 대한 이해도를 높이고 최근 동향을 알아 볼 수 있도록 서비스를 확대했다.지난 3월부터 선보인 '인생한벌'은 LF몰이 입점 브랜드와의 공동 기획을 통해 출시한 단독 신상품을 매주 월요일 오전 10시에 공개한 후 일주일이라는 한정된 기간 동안, 정해진 수량만큼만 정가 대비 20~30% 할인된 가격에 판매하는 코너다.LF몰의 '인생한벌'은 기존 온라인 쇼핑몰들의 타임특가 이벤트들이 단순히 가격적인 이점만을 부각시켜 소비자들을 유인하는 것과 다르다. 가격 혜택 외에도 실제 착용 모습을 파악할 수 있는 동영상을 제공하는 온라인 쇼핑을 제안한다.LF몰의 '인생한벌'은 질스튜어트액세서리의 반지갑, 앳코너의 체크 재킷, 닥스 남성 티셔츠, 닥스 여성 잠옷 등 수 차례 완판 아이템을 탄생시켰다.padet80@fnnews.com 박신영 기자     ▶ 세상의 모든 골 때리는 이야기 'fn파스'▶ 속보이는 연예뉴스 fn스타  ※ 저작권자 ⓒ 파이낸셜뉴스. 무단 전재-재배포 금지   ]",[],http://www.wikileaks-kr.org/news/articleView.html?idxno=46723,https://n.news.naver.com/mnews/article/014/0004166596?sid=101
2019.01.15.,뉴스토마토,,"SKT ""무선 역성장 지속…미디어·보안으로 성장기반 마련""(종합)",,,http://www.newstomato.com/ReadNews.aspx?no=873921,http://www.ajunews.com
2019.01.24.,게임포커스,,벤큐 'HDR 모니터' 구매자 대상 문화상품권 증정 이벤트 실시,,,http://gamefocus.co.kr/detail.php?number=89907,http://www.cctvnews.co.kr
2019.01.21.,Tomorrow,,'새벽배송' 시대… 온라인 신선식품 매출 29.5% 급증,,,http://www.dailytw.kr/news/articleView.html?idxno=18434,http://www.greened.kr/
2019-01-15 15:07:26,머니투데이,,"[MT리포트]업황은 둔화하는데…유통·식품업계 ""인력감축은 딜레마""",,,http://news.mt.co.kr/mtview.php?no=2019013014012798017,http://www.thisisgame.com
2019-01-29 06:03:02,전기신문,,SK텔레콤 영업이익 22%감소…선택약정할인 증가 탓,,,http://www.electimes.com/article.php?aid=1548900107173173091,http://gokorea.kr
2019-01-24 16:47:16,뉴스토마토,,"SKT ""무선 역성장 지속…미디어·보안으로 성장기반 마련""(종합)",,,http://www.newstomato.com/ReadNews.aspx?no=873921,http://www.newsworks.co.kr/
2019.01.07.,글로벌경제,,"SK텔레콤, 새 학기 맞아 '요금·데이터·제휴' 혜택 푼다",,,http://www.getnews.co.kr/view.php?ud=20190130102658157f7a2feaf6_16,http://www.kwnews.co.kr/
2019.01.31.,게임포커스,사회,벤큐 'HDR 모니터' 구매자 대상 문화상품권 증정 이벤트 실시,[    【원주】원주 서원대로 시네마 11번가 인근 화단에 경관 조명이 설치돼 눈길을 끌고 있다. 단구·반곡관설 행정복지센터는 지난달 말 시네마 11번가 불빛 조명 시설 설치를 완료하고 시험 가동을 거쳐 이달부터 본격 운영 중이다. 화단 4곳에 LED플라워를 각각 다른 모양으로 연출해 4가지 테마의 야간 꽃밭을 볼 수 있도록 한 불빛 조명 시설은 시민들이 즐겨 찾는 명소로 기대되고 있다.유학렬기자   ],[],http://gamefocus.co.kr/detail.php?number=89907,https://n.news.naver.com/mnews/article/087/0000740273?sid=102
2019.01.01.,Tomorrow,,'새벽배송' 시대… 온라인 신선식품 매출 29.5% 급증,,,http://www.dailytw.kr/news/articleView.html?idxno=18434,http://www.tfnews.co.kr/
2019.01.01.,머니투데이,,"[MT리포트]업황은 둔화하는데…유통·식품업계 ""인력감축은 딜레마""",,,http://news.mt.co.kr/mtview.php?no=2019013014012798017,http://www.biztribune.co.kr/
2019.01.14.,프라임경제,,"SKT, 4Q 영업익 전년比 27.42% ↓…""매출·영업익 동반 하락""",,,http://www.newsprime.co.kr/news/article.html?no=445430,http://www.segye.com
2019.01.03.,매일경제,경제,"설 연휴 앞두고 반품수거 중단한 네이버…""접수 막는 게 더 효율적""","[    11번가가 신년맞이 다이어트 프로모션을 실시한다.  이번 프로모션은 건강간편식 브랜드 ‘랩노쉬’와 국내 최정상급 피트니스대회 ‘나바코리아’와 함께 공동기획한 ‘1대1 맞춤관리형 다이어트 식단’을 선착순 200명에게 선보인다. 또 다양한 다이어트 보조식품을 최대 52% 할인가에 판매한다. 이번에 선보이는‘11번가 X 랩노쉬 X 나바코리아’ 단독 다이어트 식단‘마이 식단’은 나바코리아 인기 트레이너인 배지타(유지어터), 워너비즈(속성 다이어터), 성치현(직장인 다이어터)선수가 다이어트 목표와 형태, 원하는 기간(1·2·4주)에 맞는 맞춤형 식단을 제공한다.  예를 들어, 속성 다이어트를 원하는 고객이 워너비즈의 식단을 선택하게 되면 탄수화물 위주의 1일 4끼로 구성된 일주일 식단을 7만9000원에 제공하는 형태다. 각 선수들이 해당 식단에 맞는 라이프스타일과 다이어트 가이드도 제안해 준다. 4주 식단을 구매한 고객들은 전문 트레이너를 통한 1대1 관리를 받을 수 있다.  나바코리아 대회 소속 트레이너들이 각자 배정된 고객들을 지속적으로 관리하면서 다이어트 진행상황에 따른 식단 상담이나 필요한 운동에 대한 코칭을 해준다. 이와 함께 오는 1월6일까지 닭가슴살, 식사대용 간편식, 헬스보조식품 등 다이어트 보조식품을 최대 52% 할인가에 판매한다.  간편한 식사대용 ‘마시는 푸드쉐이크10종 믹스 세트’는 1만6000원, 야식의 허전함을 달래줄 ‘밤이 되면 곤약면(4개입)’은 9900원, 냉장 없이 6개월 상온보관이 가능한 ‘촉촉한 닭가슴살?연어스테이크’는 1500원에서 3800원이다. 11번가는 이번 단독상품 판매를 시작으로 앞으로 다양한 공동 마케팅을 지속 이어갈 계획이다.  건강간편식 ‘랩노쉬’를 성공적으로 론칭한 이그니스의 상품개발 노하우, 나바코리아의 피트니스 시장 관리 노하우, 11번가의 이커머스 판매 경쟁력을 결합해 현대인들의 구매 니즈를 파고드는 차별화된 프로모션을 차례로 선보일 예정이다. 김기환 유통전문기자 kkh@segye.comⓒ 세상을 보는 눈, 글로벌 미디어 세계일보 ]",[],http://news.mk.co.kr/newsRead.php?year=2019&no=65081,https://n.news.naver.com/mnews/article/022/0003330292?sid=101
2019.01.21.,아이뉴스24,,"[컨콜] SKT ""올해 연결매출, 6% 상승한 18조원 예상""",,,http://www.inews24.com/view/1155219,https://www.moneys.co.kr/
2019.01.21.,뉴스1,IT/과학,"[IR]SKT ""올 매출, 1조원 이상 상승…非통신 사업 강화""","[     화웨이 미디어패드 M5 10과 화웨이 밴드 3 프로(왼쪽부터). /사진=화웨이화웨이가 10.8인치 플래그십 태블릿 ‘화웨이 미디어패드 M5 10’과 웨어러블 디바이스 ‘화웨이 밴드3 프로’를 출시했다.14일 화웨이는 “새 학기를 맞아 고해상도 태블릿 M5 10과 밴드3 프로를 11번가에서 출시한다”고 밝혔다. M5 10과 밴드3 프로의 출고가는 각각 49만9000원, 12만9000원이다.M5 10은 탁월한 시각적 경험과 터치감을 제공한다. 특히 10.8인치의 대형 스크린 태블릿의 일상생활 충격에 취약한 부분을 보완하기 위해 M5 10의 가장자리를 금속 프레임으로 구성해 내구성을 향상시켰다.또 해상도는 2560×1600으로 지능형 알고리즘을 기반으로 최적화된 사진과 동영상을 구현한다. 장시간 사용에 따른 눈의 피로를 줄여주는 시력보호모드도 지원한다.프로세서는 기린 960s 시리즈가 탑재돼 동영상 시청 웹서핑, 이메일 및 게임 등 어떤 종류의 사용에도 최적화된 성능을 발휘한다. 화웨이의 EMUI 8.0 운영체제(OS)는 사용자의 니즈에 맞는 최적화된 모바일 환경을 구현하며 7500mAh 배터리는 12시간 연속 1080p 동영상 재생을 가능케 한다.밴드3 프로는 0.95인치 HD AMOLED 터치 스크린이 탑재된 웨어러블 디바이스로 직관적인 제어기능을 제공한다. 트루신 3.0 기술은 사용자의 심박수를 측정할 수 있도록 설계됐으며 기존처럼 눈에 띄는 조명을 사용하지 않아도 심박수를 정확하게 측정할 수 있도록 적외선 센서도 새로 적용됐다. 화웨이 측은 “밴드3 프로는 독립 GPS로 스마트폰 없이 사용자의 운동기록을 추적할 수 있으며 7시간 연속 GPS 구동이 가능하다”며 “다중 운동 모드와 5단계로 구분된 심박수 모니터링 기능, 수영 시 스트로크 측정 기능 등은 사용자가 운동에 보다 체계적으로 접근할 수 있도록 도울 것”이라고 말했다.박흥순 기자 soonn@mt.co.kr&lt;저작권자 ⓒ '성공을 꿈꾸는 사람들의 경제 뉴스' 머니S, 무단전재 및 재배포 금지&gt;▶ 고수들의 재테크 비법 ▶ 박학다식 '이건희칼럼'  ]",[],http://news1.kr/articles/?3539092,https://n.news.naver.com/mnews/article/417/0000371109?sid=105
2019.01.13.,프라임경제,,"SKT, 4Q 영업익 전년比 27.42% ↓…""매출·영업익 동반 하락""",,,http://www.newsprime.co.kr/news/article.html?no=445430,http://www.m-i.kr
2019.01.03.,메트로신문,,"통신요금 반값 할인부터 전용폰 출시까지…SKT, 새 학기 혜택 푼다",,,http://www.metroseoul.co.kr/news/newsview?newscd=2019013000040,http://www.ekn.kr
2019-01-07 00:33:17,매일경제,,"설 연휴 앞두고 반품수거 중단한 네이버…""접수 막는 게 더 효율적""",,,http://news.mk.co.kr/newsRead.php?year=2019&no=65081,http://www.m-i.kr
2019-01-01 03:07:14,아이뉴스24,,"[컨콜] SKT ""올해 연결매출, 6% 상승한 18조원 예상""",,,http://www.inews24.com/view/1155219,https://www.asiae.co.kr/
2019-01-14 14:19:24,뉴스1,경제,"[IR]SKT ""올 매출, 1조원 이상 상승…非통신 사업 강화""","[     [아시아경제 이지은 기자] 온라인 쇼핑몰들이 저마다 특정일에 혜택을 몰아 주는 '데이 마케팅'을 통해 소비자 마음 잡기에 나서고 있다. 데이 마케팅의 경우 소비자들에게 마케팅 효과가 높고 실질적으로 매출이 늘어나는 효과를 눈으로 볼 수 있다는 게 장점이다. 옥션과 지마켓은 매달 9일, 19일, 29일마타 '빠른 직9데이' 프로모션을 열고 다양한 해외 인기 직구 품목을 선별해 할인가에 선보이는 행사를 진행한다. 지난 9일에는 나이키, 아디다스 등 스포츠웨어 인기 브랜드를 특가 판매하는 한편, 크록스, 데상트, 스케쳐스, 르꼬끄 등 다양한 브랜드의 운동화, 가방 등 인기상품도 마련했다. 11번가는 사이트 이름을 딴 '11번가 데이' 마케팅으로 재미를 쏠쏠하게 보고 있다. 지난 11일에는 새해 첫 11번가 데이를 통해 주방용품, 인테리어소품, 가공식품, 브랜드 의류 등 총 122개 카테고리의 모든 상품에 T멤버십 11% 할인이 제공하며 소비자 눈길을 끌었다. 일부 상품은 최대 22% T멤버십 할인을 제공했다. 11번가 데이는 매월 진행되는 프로모션으로 11번가 고객들에게 큰 인기를 끌고 있다. 매월 11일은 같은 달 같은 요일 대비 평균 60% 정도 거래액이 증가하며 '11일을 기다려 쇼핑한다'는 고객의 반응이 있을 정도로 11번가의 대표 프로모션으로 자리매김했다.     지마켓은 금요일 특가 프로모션인 '슈퍼프라이데이'를 지난 11일 리뉴얼 오픈했다. 매주 금요일마다 인기 브랜드상품을 저렴하게 제공하고, 카드사 할인과 쿠폰 할인을 몰아주는 데이 프로모션이다. 지마켓의 금요일 할인 행사는 8월 시작 이후 판매 실적이 최대 4배 이상 증가하는 등 성공적으로 안착한 바 있다. 홈쇼핑도 데이 마케팅에 나섰다. 현대홈쇼핑은 오는 14일 패션 부문, 15일 잡화 부문, 19일부터 21일까지 리빙 부문 원데이 특별전을 진행해 해당 부문 상품을 집중적으로 편성했다. 14일에는 정구호 디자이너의 'J BY', 모피 전문기업 진도의 '끌레베', 인기 패션 브랜드 '조이너스', 현대홈쇼핑 대표 진 브랜드인 '데님오브벌츄' 방송이 진행되며 15일에는 '라라츄 헤어큐션', '조성아 스틱 파운데이션' 등이, 19일과 20일에는 LG 가전과 삼성 가전 방송이 각각 진행된다이지은 기자 leezn@asiae.co.kr▶ 네이버 홈에서 '아시아경제' 뉴스 확인하기▶ 재미와 신기 '과학을읽다' ▶ 꿀잼 '인기만화'&lt;ⓒ경제를 보는 눈, 세계를 보는 창 아시아경제 무단전재 배포금지&gt;   ]",[],http://news1.kr/articles/?3539092,https://n.news.naver.com/mnews/article/277/0004392997?sid=101
2019-01-13 09:35:00,글로벌이코노믹,,"SKT, “5G 시대에도 함께 성장합시다”…'New ICT 콜라보데이’ 개최",,,http://www.g-enews.com/ko-kr/news/article/news_all/201901301032158406dd127793fa_1/article.html,http://www.segye.com
2019-01-03 03:15:57,시사매거진,경제,경남도 인터넷쇼핑몰 'e경남몰' 설맞이 행사,"[    11번가는 보이그룹 워너원의 2019년 콘서트 'Therefore'의 공식 콘서트 굿즈를 단독 예약판매한다고 2일 밝혔다.워너원의 2019년 콘서트는 오는 24일부터 27일까지 4일간 고척 스카이돔에서 열린다. 이에 맞춰 11번가는 2일 오후 2시부터 워너원 공식 콘서트 굿즈 22종을 예약판매한다. 공식 응원봉과 파우치, 머플러, 와펜·배지 세트, 명찰, 엽서, 티셔츠, 키링 등 다양한 종류의 상품을 11번가에서만 구입할 수 있다. 제작과 판매는 종합디자인 회사 로운컴퍼니가 맡았으며 상품 배송은 21일부터 일괄 진행된다. 결제 시 현장수령을 선택하면 원하는 콘서트 날짜에 맞춰 현장에서 상품을 받을 수도 있다.이번 워너원 공식 콘서트 굿즈의 판매는 11번가 외에 콘서트 현장판매를 통해서만 구입할 수 있고, 워너원 리멤버세트(11만원, 배지 16개, 인화사진, 삽지, 패키지케이스)는 오직 11번가에서만 판매되는 온라인 단독 상품이다.김기환 유통전문기자 kkh@segye.comⓒ 세상을 보는 눈, 글로벌 미디어 세계일보 ]","['', '워너원 졸업콘 기념하기위해 구매하고 싶음']",http://www.sisamagazine.co.kr/news/articleView.html?idxno=167023,https://n.news.naver.com/mnews/article/022/0003330777?sid=101
2019.01.13.,인천일보,,"캠프마켓 반환 앞당기자, 정화조 부지로",,,http://www.incheonilbo.com/news/articleView.html?idxno=925761,https://www.asiae.co.kr/
2019.01.14.,경남도민신문,경제,경남 인터넷 쇼핑몰 'e경남몰' 설맞이 행사,"[     [아시아경제 이지은 기자] 온라인 쇼핑몰들이 저마다 특정일에 혜택을 몰아 주는 '데이 마케팅'을 통해 소비자 마음 잡기에 나서고 있다. 데이 마케팅의 경우 소비자들에게 마케팅 효과가 높고 실질적으로 매출이 늘어나는 효과를 눈으로 볼 수 있다는 게 장점이다. 옥션과 지마켓은 매달 9일, 19일, 29일마타 '빠른 직9데이' 프로모션을 열고 다양한 해외 인기 직구 품목을 선별해 할인가에 선보이는 행사를 진행한다. 지난 9일에는 나이키, 아디다스 등 스포츠웨어 인기 브랜드를 특가 판매하는 한편, 크록스, 데상트, 스케쳐스, 르꼬끄 등 다양한 브랜드의 운동화, 가방 등 인기상품도 마련했다. 11번가는 사이트 이름을 딴 '11번가 데이' 마케팅으로 재미를 쏠쏠하게 보고 있다. 지난 11일에는 새해 첫 11번가 데이를 통해 주방용품, 인테리어소품, 가공식품, 브랜드 의류 등 총 122개 카테고리의 모든 상품에 T멤버십 11% 할인이 제공하며 소비자 눈길을 끌었다. 일부 상품은 최대 22% T멤버십 할인을 제공했다. 11번가 데이는 매월 진행되는 프로모션으로 11번가 고객들에게 큰 인기를 끌고 있다. 매월 11일은 같은 달 같은 요일 대비 평균 60% 정도 거래액이 증가하며 '11일을 기다려 쇼핑한다'는 고객의 반응이 있을 정도로 11번가의 대표 프로모션으로 자리매김했다.     지마켓은 금요일 특가 프로모션인 '슈퍼프라이데이'를 지난 11일 리뉴얼 오픈했다. 매주 금요일마다 인기 브랜드상품을 저렴하게 제공하고, 카드사 할인과 쿠폰 할인을 몰아주는 데이 프로모션이다. 지마켓의 금요일 할인 행사는 8월 시작 이후 판매 실적이 최대 4배 이상 증가하는 등 성공적으로 안착한 바 있다. 홈쇼핑도 데이 마케팅에 나섰다. 현대홈쇼핑은 오는 14일 패션 부문, 15일 잡화 부문, 19일부터 21일까지 리빙 부문 원데이 특별전을 진행해 해당 부문 상품을 집중적으로 편성했다. 14일에는 정구호 디자이너의 'J BY', 모피 전문기업 진도의 '끌레베', 인기 패션 브랜드 '조이너스', 현대홈쇼핑 대표 진 브랜드인 '데님오브벌츄' 방송이 진행되며 15일에는 '라라츄 헤어큐션', '조성아 스틱 파운데이션' 등이, 19일과 20일에는 LG 가전과 삼성 가전 방송이 각각 진행된다이지은 기자 leezn@asiae.co.kr▶ 네이버 홈에서 '아시아경제' 뉴스 확인하기▶ 재미와 신기 '과학을읽다' ▶ 꿀잼 '인기만화'&lt;ⓒ경제를 보는 눈, 세계를 보는 창 아시아경제 무단전재 배포금지&gt;   ]",[],http://www.gndomin.com/news/articleView.html?idxno=192267,https://n.news.naver.com/mnews/article/277/0004392997?sid=101
2019.01.03.,THE PR,,[이거봤어?] 1월 둘째주…다짐은 돌고 돌아,,,http://www.the-pr.co.kr/news/articleView.html?idxno=41817,http://www.ajunews.com
2019.01.18.,경남도민신문,,경남 인터넷 쇼핑몰 'e경남몰' 설맞이 행사,,,http://www.gndomin.com/news/articleView.html?idxno=192267,http://www.segye.com
2019.01.21.,THE PR,경제,[이거봤어?] 1월 둘째주…다짐은 돌고 돌아,"[    11번가는 보이그룹 워너원의 2019년 콘서트 'Therefore'의 공식 콘서트 굿즈를 단독 예약판매한다고 2일 밝혔다.워너원의 2019년 콘서트는 오는 24일부터 27일까지 4일간 고척 스카이돔에서 열린다. 이에 맞춰 11번가는 2일 오후 2시부터 워너원 공식 콘서트 굿즈 22종을 예약판매한다. 공식 응원봉과 파우치, 머플러, 와펜·배지 세트, 명찰, 엽서, 티셔츠, 키링 등 다양한 종류의 상품을 11번가에서만 구입할 수 있다. 제작과 판매는 종합디자인 회사 로운컴퍼니가 맡았으며 상품 배송은 21일부터 일괄 진행된다. 결제 시 현장수령을 선택하면 원하는 콘서트 날짜에 맞춰 현장에서 상품을 받을 수도 있다.이번 워너원 공식 콘서트 굿즈의 판매는 11번가 외에 콘서트 현장판매를 통해서만 구입할 수 있고, 워너원 리멤버세트(11만원, 배지 16개, 인화사진, 삽지, 패키지케이스)는 오직 11번가에서만 판매되는 온라인 단독 상품이다.김기환 유통전문기자 kkh@segye.comⓒ 세상을 보는 눈, 글로벌 미디어 세계일보 ]","['', '워너원 졸업콘 기념하기위해 구매하고 싶음']",http://www.the-pr.co.kr/news/articleView.html?idxno=41817,https://n.news.naver.com/mnews/article/022/0003330777?sid=101
2019.01.22.,FETV,,"SKT, 새 학기 맞아 요금·데이터·제휴 혜택 확대 나서",,,http://www.fetv.co.kr/news/article.html?no=19732,http://www.naeil.com
2019.01.18.,인더뉴스,,"“5G시대 동반성장 목표”...SK텔레콤, 협력사 전략 공유",,,http://www.inthenews.co.kr/news/article.html?no=13294,http://www.kfenews.co.kr/
13면 1단,보건뉴스,,영유아 뉴트리션 전문가 거버,,,http://www.bokuennews.com/news/article.html?no=171324,http://www.kbench.com/
20면 1단,지디넷코리아,,"에이수스, 지포스 RTX 장착 게임용 노트북 출시",,,http://www.zdnet.co.kr/ArticleView.asp?artice_id=20190130102453,http://www.etoday.co.kr
2019.01.07.,경남도민일보,,'e경남몰' 내달 6일까지 설맞이 특별 할인행사,,,http://www.idomin.com/?mod=news&act=articleView&idxno=586162,http://www.dt.co.kr/
2019-01-13 09:35:00,디지털투데이,경제,"[컨콜 종합] SK텔레콤 ""올해 연간 매출, 전년 대비 6% 상승한 18조원 목표""","[    [디지털타임스 김아름 기자] 이커머스 업계의 '유료 가입자' 확보 경쟁이 더 치열해질 전망이다. 그간 유·무료 멤버십을 운영하지 않았던 위메프까지 유료 멤버십 '특가클럽'을 선보이면서 11번가를 제외한 주요 이커머스가 모두 유료 멤버십 제도를 운영하게 됐다. 최저가를 내세우며 출혈 마케팅을 펼치던 이커머스 업계가 충성고객을 확보하는 '집토끼 우대' 전략으로 방향을 선회했다는 분석이다.23일 위메프는 유료 멤버십 서비스 '특가클럽'을 출시한다고 밝혔다. 특가클럽은 1개월에 990원, 3개월에 2590원의 업계 최저가로 운영된다. 쿠팡의 로켓와우가 월 2900원, 티몬 슈퍼세이브가 5000원임을 감안하면 3분의 1 수준이다. 위메프는 유료 멤버십 후발 주자라는 약점을 990원이라는 싼 가격으로 상쇄해 가입자를 끌어모은다는 계획이다. 위메프까지 유료 멤버십 경쟁에 뛰어들면서 이제 업계에서 유료 멤버십을 운영하는 곳은 총 4곳이 됐다. 가장 먼저 유료 멤버십 서비스를 내놓은 곳은 지마켓과 옥션을 운영하는 이베이코리아다. 이베이코리아의 스마일클럽은 연 3만원을 내면 3만5000원(첫해 3만7000원)을 적립금으로 제공한다. 실질적으로 매년 5000원을 받고 멤버십을 이용할 수 있는 셈이다. 여기에 매달 할인쿠폰을 제공하고 0.3~1%의 결제 금액 적립금을 준다.스마일클럽 누적 가입자는 지난해 말 100만명을 돌파한 것으로 알려졌다. 가입 즉시 큰 폭의 적립금을 지급하는 것이 진입 허들을 낮췄다는 평가다. 티몬은 그간 결제 금액 별로 제공하던 무료 멤버십 혜택을 없애고 유료 멤버십 '슈퍼세이브'를 운영하고 있다. 현재 누적 가입자는 16만명 수준이다. 30일에 5000원, 90일 1만3000원으로 경쟁사들 대비 가입비가 비싸지만, 모든 구매 제품에 대해 2%의 적립금을 제공한다는 점은 차별화된 장점이다.쿠팡 로켓와우는 후발 주자임에도 로켓배송을 앞세워 지난해 말 기준 유료 가입자가 100만명을 돌파했다. 지금도 하루 1만명 꼴로 가입자가 늘어나고 있다. 지난해 10월부터 무료 이용 기간을 운영해 결제 없이 멤버십 서비스를 이용해 볼 수 있다.  김아름기자 armijjang@ 디지털타임스 홈페이지 바로가기 / 디지털타임스 뉴스 더보기네이버 채널에서 '디지털타임스'를 구독해주세요. ]",[],http://www.digitaltoday.co.kr/news/articleView.html?idxno=206865,https://n.news.naver.com/mnews/article/029/0002504882?sid=101
2019-01-03 03:15:57,파이낸셜뉴스언론사 선정,,등골휘는 상차림 그만 … 명절음식도 '테이크아웃'이 대세,,,http://www.fnnews.com/news/201901281746163710,http://www.munhwa.com/
2019-01-23 18:37:26,IT조선,IT/과학,"통신료 인하 압박 때문에…SKT·LGU+, 멤버십 혜택 축소 나서","[    다시 돌아온 스카이(SKY) 브랜드가 무선이어폰으로 소비자를 처음 만난다. 착한텔레콤은 11번가와 무선이어폰 ‘스카이 핏 프로’의 사전 예약을 시작해 28일 출시한다고 22일 밝혔다. 이 제품은 블루투스 5.0 기반에 8㎜ 다이내믹 드라이버를 채택해 하이파이 사운드 음질을 제공한다. 이어폰 양쪽에 잡음을 제거하는 듀얼마이크를 장착했다. 6시간 연속 재생에 충전 크래들을 이용하면 최대 24시간을 사용할 수 있다. 기존 무선이어폰이 버튼 하나로 전화 연결, 음악 재생 등을 조절하는 것과 달리 스카이 핏 프로는 3개의 버튼을 탑재해 볼륨 조절과 곡 전환을 할 수 있다. 스마트폰 음성 인식 서비스인 애플 시리, 구글 어시스턴트를 호출할 수 있다.출고가는 5만9900원이며, 사전예약 시 최대 18%가 할인된다. 박종일 착한텔레콤 대표는 “무선이어폰 시장은 전년 대비 2배 이상 급성장하고 있으며 삼성전자와 애플을 비롯해 샤오미, 모토로라와 같은 스마트폰 제조사들도 경쟁적으로 뛰어들고 있다”며 “스카이 핏 프로는 품질은 높이고 가격은 낮춘 제품”이라고 말했다.권도경 기자 kwon@munhwa.com[ 문화닷컴 바로가기 | 문화일보가 직접 편집한 뉴스 채널 | 모바일 웹 ][Copyrightⓒmunhwa.com '대한민국 오후를 여는 유일석간 문화일보' 무단 전재 및 재배포 금지(구독신청:02)3701-5555)]   ]",[],http://it.chosun.com/site/data/html_dir/2019/01/30/2019013002495.html,https://n.news.naver.com/mnews/article/021/0002379311?sid=105
2019-01-22 10:00:41,SR타임스,,"[SR경제&라이프] SK텔레콤, 파트너사와 'New ICT 콜라보데이' 개최",,,http://www.srtimes.kr/news/articleView.html?idxno=32206,http://www.koreaittimes.com/
2019.01.14.,경남도민일보,,'e경남몰' 내달 6일까지 설맞이 특별 할인행사,,,http://www.idomin.com/?mod=news&act=articleView&idxno=586162,http://www.enewstoday.co.kr/
2019.01.18.,디지털투데이,,"[컨콜 종합] SK텔레콤 ""올해 연간 매출, 전년 대비 6% 상승한 18조원 목표""",,,http://www.digitaltoday.co.kr/news/articleView.html?idxno=206865,http://www.itworld.co.kr
20면 1단,파이낸셜뉴스언론사 선정,,등골휘는 상차림 그만 … 명절음식도 '테이크아웃'이 대세,,,http://www.fnnews.com/news/201901281746163710,http://www.munhwa.com/
2019.01.07.,IT조선,IT/과학,"통신료 인하 압박 때문에…SKT·LGU+, 멤버십 혜택 축소 나서","[    다시 돌아온 스카이(SKY) 브랜드가 무선이어폰으로 소비자를 처음 만난다. 착한텔레콤은 11번가와 무선이어폰 ‘스카이 핏 프로’의 사전 예약을 시작해 28일 출시한다고 22일 밝혔다. 이 제품은 블루투스 5.0 기반에 8㎜ 다이내믹 드라이버를 채택해 하이파이 사운드 음질을 제공한다. 이어폰 양쪽에 잡음을 제거하는 듀얼마이크를 장착했다. 6시간 연속 재생에 충전 크래들을 이용하면 최대 24시간을 사용할 수 있다. 기존 무선이어폰이 버튼 하나로 전화 연결, 음악 재생 등을 조절하는 것과 달리 스카이 핏 프로는 3개의 버튼을 탑재해 볼륨 조절과 곡 전환을 할 수 있다. 스마트폰 음성 인식 서비스인 애플 시리, 구글 어시스턴트를 호출할 수 있다.출고가는 5만9900원이며, 사전예약 시 최대 18%가 할인된다. 박종일 착한텔레콤 대표는 “무선이어폰 시장은 전년 대비 2배 이상 급성장하고 있으며 삼성전자와 애플을 비롯해 샤오미, 모토로라와 같은 스마트폰 제조사들도 경쟁적으로 뛰어들고 있다”며 “스카이 핏 프로는 품질은 높이고 가격은 낮춘 제품”이라고 말했다.권도경 기자 kwon@munhwa.com[ 문화닷컴 바로가기 | 문화일보가 직접 편집한 뉴스 채널 | 모바일 웹 ][Copyrightⓒmunhwa.com '대한민국 오후를 여는 유일석간 문화일보' 무단 전재 및 재배포 금지(구독신청:02)3701-5555)]   ]",[],http://it.chosun.com/site/data/html_dir/2019/01/30/2019013002495.html,https://n.news.naver.com/mnews/article/021/0002379311?sid=105
2019.01.15.,케이벤치,,"벤큐, 시력보호 기능 갖춘 LED 스탠드 위트, 위트지니 특별 사은행사",,,http://kbench.com/?q=node/195182,http://www.koreaittimes.com/
2019.01.04.,위키리크스한국,,[설 선물 특집] 온라인 '최강 가성비'...'1만원 이하... 여행상품·해외직구'...,,,http://www.wikileaks-kr.org/news/articleView.html?idxno=46264,http://www.newsprime.co.kr
2019.01.09.,뉴스핌,,"""오감만족 공연의 진화""…'푸에르자 부르타', 4월 재공연 확정",,,http://www.newspim.com/news/view/20190131000476,http://ddaily.co.kr
2019.01.07.,한국경제TV,IT/과학,"뜨거운 감자 SKT 중간지주…""배당 높일 것""","[     [디지털데일리 이형두기자] 국내 이커머스 산업이 시장규모 100조원 시대에 들어섰다. 통계청에 따르면 지난 2018년 1월~11월 국내 온라인쇼핑 누적 거래액은 101조9094억원이다.  지난해 11월은 ‘블랙프라이데이’ 문화 영향으로 각 업체 프로모션 경쟁이 특히 치열했다. 11월 거래액은 10조6293억원으로 사상 최대치를 경신했다. 전년 같은 기간 대비 22.1% 증가했다. 12월 거래액을 포함하면 지난해 총 누적 거래액은 113조~114조원 규모가 될 것으로 추정된다. 11월 카테고리별 거래액을 살펴보면 전년 동월 대비 가전‧전자통신기기가 27.9%, 음‧식료품이 32.3%, 음식서비스가 70.9%의 높은 성장률을 보였다. 온라인으로 고가, 고관여(high involvement) 제품을 사는 것에도 심리적 거부감이 크게 줄었다는 것을 의미한다. 다년 간 이용자 경험이 누적되면서 온라인 구매 상품에 대한 신뢰도가 높아졌다는 평가다.  특히 배송 인프라 고도화가 큰 영향을 미친 것으로 분석된다. 1인 가구 증가세로 간편식품, 신선식품 소규모 구매가 이커머스 블루 오션으로 주목받는 것과 맞물린다. '새벽배송'을 앞세운 마켓컬리는 지난해 매출 1600억원을 기록한 것으로 추정된다. 쿠팡은 '로켓배송' 강화를 위해 물류센터 규모를 현재 2배 이상으로 확대할 계획을 세우고 있다. 이베이코리아가 올해 상반기 가동을 목표로 경기도 동탄에 물류센터를 가동해 '스마일 배송' 역량을 강화하는 것도 같은 맥락이다.    ◆실탄 장전 쿠팡, ‘로켓 배송’ 더 강화 = 이커머스 업체들 중에서 가장 눈에 띄는 성장 속도를 보여주고 있는 곳은 쿠팡이다. 지난해 매출액은 전년 2조7000억원 대비 거의 2배 증가한 5조원으로 추정된다. 핵심 브랜드인 ‘로켓배송’에 대한 공격적 투자를 이어가고 있다. 최근 소프트뱅크 비전펀드로부터 2.2조원 추가 투자를 유치하면서 누적 적자에 대한 우려도 다소 불식시켰다.    쿠팡의 공격 기조는 올해도 이어질 전망이다. ‘쿠팡을 3번만 사용해 보면 충성고객이 된다’는 공식 아래 로켓배송 역량을 더 강화한다. ‘아마존 프라임’을 모델로 한 유료멤버십 ‘로켓와우’가 선봉이다. 무료로 로켓배송, 무료반품 서비스를 이용할 수 있는 프로모션을 진행하며 이용자를 끌어모으고 있다. 연말 기준 가입자 100만명을 돌파했다.    로켓와우 멤버십 서비스는 월 2900원이지만, 쿠팡은 무료 프로모션 기간을 계속 연장하고 있다. 오히려 투자를 늘리며 일부 지역, 품목 한정으로 ‘당일배송’까지 영역을 확대 중이다. 전날 밤 12시 전에만 주문하면 아침 7~8시까지 배송된다. 오전 9시까지 구매하면 당일에 상품을 받아볼 수 있다.    이는 월 수백억원 단위의 적자를 내는 서비스다. 그러나 멤버십 고객을 수백만명 이상 확보하면 적자폭은 계속 줄어든다. 향후 구독 경제를 기반으로 콘텐츠, 동영상 스트리밍 등 추가 상품을 결합해 규모의 경제를 구현할 수 있다. 아마존 프라임이 이를 기반으로 성장했다.    업계에서는 그동안 쿠팡이 성장시킨 배송 역량과 상품 셀렉션을 기반으로 올해 11월 블랙프라이데이 시즌에 큰 이벤트를 벌일 것으로 추정하고 있다. 지난해 11월 이베이코리아, 11번가, 위메프 등이 격렬하게 프로모션 경쟁을 벌이는 동안 쿠팡은 참전않고 비교적 조용히 상황을 관전했다. 이커머스업계 관계자는 ""공교롭게도 올해 11월1일은 금요일이라 의미가 더 크다""며 ""해외직구 등 영향으로 블랙프라이데이에 대한 소비자 관심이 지속적으로 커지고 있는 만큼, 지난해보다 더 큰 이커머스 업계 이벤트가 될 것으로 예상된다""고 내다봤다.      ◆11번가, ‘올해는 반드시 흑자전환 간다’ = 쿠팡의 올해 기조가 ‘공격’이라면 11번가는 비교적 ‘수비’에 집중한다. 올해 11번가 최대 목표는 흑자전환이다. 적자 원인으로 지적됐던 과도한 마케팅 지출이나 무리한 투자는 최대한 자제할 전망이다.    11번가는 지난해 9월 SK플래닛에서 분사해 신설법인으로 거듭났다. 11번가 분사 전 SK플래닛의 영업적자는 지난 2016년 3650억원, 2017년 3497억원이다. 이 중 절반 정도가 11번가에서 발생한 적자로 추정됐다. 지난해 11번가 적자는 약 1000억원 안팎으로 분석된다.    최근 비용절감에 힘쓰면서 적자폭 자체는 줄어드는 추세다. 지난해 11월 ‘십일절’ 하루에만 1000억원 이상 거래액을 기록하는 등 하반기 좋은 성과를 낸 것도 고무적이다. 11번가 관계자는 “실제로도전년과 비교해서 지난해 적자는 많이 줄어들었다, 줄여온 적자폭을 고려하면 올해 흑자전환 충분히 가능할 것으로 본다”며 “잘하던 부분에 집중하면서 수익구조를 개선하는 것이 가장 큰 목표”라고 말했다.        신설법인에는 사모펀드(PEF) H&amp;Q코리아가 5000억원을 투자했다. 투자금을 어디에 집중적으로 투입할 지는 아직 미지수다. 분사 당시 신임 이상호 대표가 밝힌 ‘커머스 포털’은 아직 구체적인 방향성이 드러나지 않았다. 현재까지는 신생회사로서 기반을 다지는 작업에 집중하고 있다는 평이다.    우선 투자금 중 일부는 ‘크로스보더(역직구)’ 역량 강화에 투입됐다. 해외직구 1위 플랫폼 ‘몰테일’을 운영하는 코리아센터와 전략적 업무제휴(MOU)를 맺고 지분 투자를 진행했다. 약 275억원을 들여 코리아센터 지분 5%(115만7042주)를 취득했다. 그러나 11번가는 이번 투자가 향후 사업 방향성을 의미하는 것은 아니라는 입장을 밝혔다.     11번가 관계자는 “지분 투자가 진행된 만큼, 단순 보여주기식 MOU 이상의 의미가 있는 것은 맞다""면서도 ""양사 인프라를 활용해 시너지를 낼 부분을 찾아 사업을 해보자는 의지는 맞지만, 이번 투자는 단기간에 협력 결과물이 나올 사안은 아닌 것으로 보인다”고 설명했다.     &lt;이형두 기자&gt;dudu@ddaily.co.krIT언론의 새로운 대안[디지털데일리]IT정보의 즐거운 업그레이드[딜라이트닷넷]뉴스채널 설정 - 네이버 메인에서 디지털데일리 뉴스를 볼 수 있어요.이형두(dudu@ddaily.co.kr)&lt;저작권자 © 디지털데일리 무단전재-재배포금지&gt;   ]",[],http://news.wowtv.co.kr/NewsCenter/News/Read?articleId=A201901300252&t=NNv,https://n.news.naver.com/mnews/article/138/0002068982?sid=105
2019.01.18.,비즈트리뷴,,"SK텔레콤, 새 학기 맞아 요금·데이터·제휴 혜택 푼다…제휴사 최대 55% 할인",,,http://biztribune.co.kr/news/view.php?no=95188,http://www.ilovepc.co.kr
2019.01.22.,베타뉴스,,"컴포인트, NVMe 지원 SSD ‘플렉스터 M9PeGN 512GB’ 프로모션",,,http://www.betanews.net:8080/article/957212.html,http://www.ilovepc.co.kr
2019-01-22 10:00:41,PC사랑,,"솔로몬닷컴, 가볍고 오래가는 'LG전자 외장ODD' 출시",,,http://www.ilovepc.co.kr/news/articleView.html?idxno=21492,http://www.g-enews.com/
2019-01-04 11:00:16,일요서울,,"경상남도 인터넷쇼핑몰, 'e경남몰' 설맞이 행사",,,http://www.ilyoseoul.co.kr/news/articleView.html?idxno=279193,http://www.finomy.com
2019.01.14.,뉴스메이커,,"경남도 인터넷쇼핑몰, 'e경남몰' 설맞이 행사",,,http://www.newsmaker.or.kr/news/articleView.html?idxno=70040,http://ddaily.co.kr
2019.01.07.,뉴스웍스,IT/과학,"SKT, 새 학기 맞아 초중고대학생 요금·데이터·제휴 혜택","[     [디지털데일리 최민지기자] 화웨이가 ‘밴드3 프로’를 출시한다. 웨어러블 디바이스를 국내에 선보인 것은 이번이 처음이다. 화웨이컨슈머비즈니스그룹은 10.8인치 플래그십 태블릿 ‘미디어패드 M5 10’과 ‘밴드3 프로’를 11번가에서 출시한다고 14일 밝혔다.    밴드3 프로는 0.95인치 HD 능동형유기발광다이오드(AMOLED, 240x120) 컬러 터치스크린이 탑재돼 넓은 공간에 데이터를 표시할 수 있다. 스트랩에는 안전성 인증을 획득한 실리콘 소재 및 자외선 경화 기술이 적용됐다. 5단계로 구분된 심박수 모니터링뿐 아니라 빅데이터 분석을 통해 수면 질을 저해하는 문제 해결을 돕는다.    또한, 7시간 연속 구동 가능한 독립 GPS를 활용해 스마트폰 없이도 사용자 운동 기록을 추적한다. 이 외에도 ▲최대 수심 50m까지 지원되는 방수  ▲수영 때 스트로크 측정 ▲다중 운동 모드 등을 갖췄다.    미디어패드 M5 10은 화웨이가 새 학기를 맞아 출시한 고해상도 프리미엄 태블릿이다. 스마트폰에 주로 적용됐던 2.5D 글래스 스크린을 태블릿에 장착해 향상된 시각 경험과 터치감을 제공한다. 가장자리를 금속 프레임으로 구성해 내구성을 높였다. 이는 10.8인치 대형 스크린이 가진 내구성 취약 문제를 보완하기 위한 조치다.     아울러 ▲지능형 알고리즘을 기반 최적화된 사진‧동영상 ▲시력 보호 모드 ▲하만카돈과의 파트너십 기반으로 개발된 4개 스피커 ▲기린 960s 시리즈 프로세서 ▲7500mAh 배터리 ▲2시간9분만에 완충되는 퀵차지 기술 등을 적용했다.    미디어패드 M5 10는 스페이스 그레이, 밴드3 프로는 블랙‧블루 2가지 색상으로 출시되며, 11번가 다운로드 쿠폰 적용 때 각 제품을 47만9000원(출고가 49만9000원), 11만9000원(출고가 12만9000원)에 구입할 수 있다.   &lt;최민지 기자&gt;cmj@ddaily.co.krIT언론의 새로운 대안[디지털데일리]IT정보의 즐거운 업그레이드[딜라이트닷넷]뉴스채널 설정 - 네이버 메인에서 디지털데일리 뉴스를 볼 수 있어요.최민지(cmj@ddaily.co.kr)&lt;저작권자 © 디지털데일리 무단전재-재배포금지&gt;   ]",[''],http://www.newsworks.co.kr/news/articleView.html?idxno=332433,https://n.news.naver.com/mnews/article/138/0002069259?sid=105
2019.01.18.,에너지경제,,"이커머스업계, '디테일로 승부한다'...전문관 마케팅 강화",,,http://www.ekn.kr/news/article.html?no=412773,http://www.ilovepc.co.kr
2019.01.22.,EBN,,"SK텔레콤, 미디어·보안·커머스 3각축 'New ICT' 성장판 연다",,,http://www.ebn.co.kr/news/view/971079,http://www.g-enews.com/
2019.01.29.,PC사랑,,"알파스캔,  개봉기념 할인 및 예매권 증정 행사 진행",,,http://www.ilovepc.co.kr/news/articleView.html?idxno=21499,http://www.finomy.com
18면 TOP,메트로신문,,설 선물도 온라인쇼핑으로! 본격 프로모션 돌입,,,http://www.metroseoul.co.kr/news/newsview?newscd=2019011400155,http://ppss.kr/
2019.01.07.,시사저널이코노미,,지난해 대형마트 울고 이커머스 웃고,,,http://www.sisajournal-e.com/news/articleView.html?idxno=195085,http://www.sedaily.com
2019.01.15.,비즈니스워치,경제,"[어닝 2018]SKT, 무선사업 부진속 성장동력 찾기","[ 현대百 한우·굴비·과일 등인기세트 가격 작년수준 동결이마트24도 1만~4만원대실속형 세트 70%이상 구성CJ오쇼핑 '지정일 배송' 등다양한 고객 편의 서비스도11번가는 대표상품 최대 반값    [서울경제] 유통업계가 지난해 추석에 이어 올해 설에도 발 빠르게 선물세트 예약판매에 나서며 온·오프라인 업체 할 것 없이 ‘가성비’ 전쟁에 나서고 있다. 한우·과일 등 현지 시세가 오른 상품은 구성을 바꿔 오히려 가격을 낮추는 등 실속형·저가 제품을 크게 강화해 고객 부담을 줄이는 데 집중하는 추세다. 먼저 현대백화점(069960)은 설 선물세트 판매 기간인 다음 달 3일까지 한우·굴비·과일 등 주요 인기 선물세트의 판매 가격을 작년 설 수준으로 동결하고, 10만 원 내외 ‘실속형 선물세트’ 물량도 지난 설보다 20~30% 확대했다고 7일 밝혔다. 민족 최대 명절인 설을 맞아 들썩이는 한우·굴비·과일 등 공급원가가 많게는 10% 가까이 올랐지만 지난해 수준의 합리적인 가격대로 고객 부담을 줄이겠다는 취지다. 특히 고객 수요가 많은 10만 원대 한우 선물세트는 현지 시세가 10%여 올랐지만 가격을 지난해와 동일하게 책정하고 물량은 오히려 20% 가량 늘린 1만 1,000세트를 선보인다. 또 수산물의 경우 작년 설보다 어획량이 증가한 전복·갈치 구성을 강화하고 가격을 5~10% 낮췄다. 윤상경 현대백화점 신선식품팀장은 “이번 설 선물세트는 고객들의 소비 트렌드에 맞춰 상품군별로 10만 원 내외의 실속형 선물세트를 강화한 것이 특징”이라고 말했다. 편의점 이마트(139480)24도 ‘가성비’에 중점을 둔 선물세트를 선보인다. 이번에 선보이는 상품은 △신선식품 23품목 △가공식품 36품목 △생활용품 20품목 △주류 12품목 △건강·음료 14품목 등 총 105품목으로, 1만~4만 원대 선물세트 구성비가 70% 이상이다. 지난해 설·추석의 선물세트 매출에서 1~4만 원대 상품 매출이 전체의 81.2%를 넘긴 데 따른 전략이다. 이성민 이마트24 전략마케팅팀장은 “실속형 명절 선물세트의 구매 수요가 계속될 것으로 예상되는 만큼, 앞으로도 가성비를 극대화한 명절 선물세트를 선보여 고객 만족도를 높여나가겠다”고 말했다.CJ ENM(035760) 오쇼핑부문은 다양한 선물세트 상품은 물론 고객 편의서비스를 강화했다. 오는 31일까지 CJmall을 통해 ‘2019 설 풍성한 혜택’ 기획전을 운영하고 식품·주방가전·선물세트 등을 선보인다. 여기에 상대의 휴대폰 번호만 입력하면 선물을 전할 수 있는 ‘모바일 선물하기’, 원하는 날짜에 상품을 받을 수 있는 ‘설 맞이 지정일 배송 서비스’, 동일 상품에 한해 최대 3곳까지 배송지 설정이 가능한 ‘복수 배송 서비스’ 등 다양한 고객 편의 서비스도 강화한다. 또 앱을 통해 식품을 2회 이상 구매하면 적립금을 최대 10만 원 제공하고, 총 10개·50만 원 이상 대량구매 고객에게는 최대 적립금 100만 원을 지급하는 통 큰 혜택도 준비됐다.11번가도 오는 13일까지 사전특가 행사인 ‘설 마중’ 기획전을 연다. 14일부터 본 판매에 앞서 ‘얼리버드’ 고객들을 위한 설 선물 사전특가와 연휴를 위한 여행상품, 각종 놀거리 상품들을 저렴하게 판매한다. 한정특가 상품 전용 ‘더블할인’(상품별 11~20% 할인쿠폰+T멤버십 할인) 혜택까지 받으면 더욱 저렴한 가격에 구매 가능하다. 특히 매년 설 시즌 판매 데이터를 기반으로 ‘HOT 키워드’ 8개를 선정해 각 키워드별 대표상품을 최대 50% 저렴한 가격에 선보인다. 11번가 임현동 마트 담당은 “본격적인 설 시즌에 앞서 미리 준비하는 고객들에게 더 많은 혜택을 드리기 위해 사전판매 행사를 마련했다”며 “10년간의 설 행사로 쌓인 데이터를 기반으로 고객들이 매년 명절마다 자주 찾고, 구매하는 인기상품들로만 엄선했다”고 설명했다./이재유기자 0301@sedaily.com    현대백화점 ‘현대화식 한우 실속세트’    한우 이미지    CJmall ‘2019 설 풍성한 혜택’ 기획전    이마트24, 설맞이 선물세트 행사    11번가 ‘설마중’ 기획전[서울경제 바로가기]Telegram으로 서울경제 뉴스를 실시간으로 받아보세요 [바로가기▶]프리미엄 미디어 Signal이 투자의 바른 길을 안내합니다 [바로가기▶]저작권자 ⓒ 서울경제, 무단 전재 및 재배포 금지   ]",[],http://news.bizwatch.co.kr/article/mobile/2019/01/31/0018/naver,https://n.news.naver.com/mnews/article/011/0003480799?sid=101
2019.01.15.,아시아투데이,,엑소 카드지갑 패키지 한정판 “바로 소장각”... 오늘(11일)부터 ‘예약판매...,,,http://www.asiatoday.co.kr/view.php?key=20190111000925574,http://www.einfomax.com
2019.01.15.,아이뉴스24,,"""설 특수 잡아라""…이커머스, 선물세트 판매 경쟁 본격화",,,http://www.inews24.com/view/1151421,http://weekly.cnbnews.com/
2019-01-14 15:35:18,KPI뉴스,,"'대세' 온라인쇼핑, 매출 16%↑…대형마트는 울상",,,https://www.kpinews.kr/newsView/1065599324258626,https://www.asiae.co.kr/
2019-01-07 17:42:11,머니투데이,IT/과학,"""낚시에서 골프, 홈트까지…온라인몰 전문관 아이쇼핑 하세요""","[ 15일 공식 출시…11번가 구매 가능제이슨 우 지사장 ""테두리 깎아 디스플레이 대 바디 비율 95%로""    [아시아경제 임온유 기자] 글로벌 노트북 3위 제조사 에이수스가 화면은 키우고 본체는 줄인 신형 울트라 슬림 노트북 ‘젠북 13·14’를 15일 공개했다. 제이슨 우 에이수스 코리아 시자장은 이날 서울 홍익대 무브홀에서 열린 기자간담회에서 “세계에서 가장 작은 13·14인치 노트북”이라며 “슬림 베젤을 채택해 동일한 디스플레이를 탑재한 노트북 대비 크기를 대폭 줄였다”고 설명했다.특히 13.3인치 젠북13의 경우 베젤의 두께가 좌우 2.8mm, 상단 5.9mm, 하단 3.3mm에 불과하다. 젠북13은  A4 사이즈 보다 작은 크기로 휴대성을 강화했고, 최대 95%의 스크린 대 바디 비율을 구현해 뛰어난 디스플레이 성능으로 향상된 몰입감을 제공한다.젠북 13·14는 최신 인텔 8세대 쿼드코어 프로세서인 위스키레이크를 탑재하고 엔비디아 지포스 MX150 그래픽 카드를 장착해 문서 작업뿐만 아니라 사진, 영상, 디자인 등 멀티 미디어 작업에도 적합한 모델이다.또 PCIe® 3.0 SSD를 탑재해 초고속 부팅과 초고속 데이터 읽기·쓰기 속도를 제공한다. 1kg의 가벼운 무게로 콤팩트한 디자인과 뛰어난 휴대성은 물론 US 밀리터리 스탠다드(MIL-STD 810G) 군용 규격을 통과해 뛰어난 내구성도 인정받았다.    더불어 젠북 13·14는 다양한 기능을 업그레이드해 사용자의 편의성을 높였다. 소형 노트북의 단점으로 지적됐던 숫자 키패드 미탑재를 보완하기 위해 세계 최초로 넘버패드 기능을 지원한다. 에이수스 관계자는 “넘버패드 기능은 터치패드의 우측 상단 버튼을 누르면 숫자 키패드를 사용할 수 있는 유용한 기능”이라며 “넘버패드 모드에서도 터치 패드 기능을 유지할 수 있어 더욱 편리한 사용이 가능하다”고 말했다.또한 에르고 리프트 힌지 디자인을 채택해 편안한 타이핑 각도를 제공한다. 특수 3D IR 카메라를 탑재해 어두운 환경에서도 지문 인식보다 더 쉽고 빠르게 로그인할 수 있는 얼굴 인식 윈도 헬로 기능을 지원한다.튬폴리머 배터리를 탑재해 배터리 수명이 최대 14시간으로 외부 활동이 많은 기업인, 직장인에게 최적화됐다. 제품 색상은 로열 블루, 아이시클 실버, 버건디 레드 총 3가지로 구성됐으며, 버건디 레드 색상은 2월 에이수스 온라인 스토어에서만 판매될 예정이다.젠북 13·14는 15일부터 11번가에서 판매된다. 에이수스는 출시 기념으로 내달 3일까지 특별한 프로모션을 실시한다. 프로모션 기간 동안 신제품을 구매하는 소비자는 에이수스 프리미엄 케어 서비스 혜택을 누릴 수 있다. 에이수스 프리미엄 케어 서비스는 기본 무상 AS 보증 기간 외에 일반 노트북, 게이밍 노트북 구매 시 최대 3년까지 AS 기간이 연장되며, 출장 방문 수리 서비스 등 프리미엄 혜택이 제공되는 고객 맞춤형 케어 서비스이다.우 지사장은 “젠북 13·14는 최신 CPU와 그래픽카드를 탑재해 최고 사양의 성능은 물론이고 세련된 디자인과 뛰어난 휴대성 중 하나도 노치지 않은 제품으로 기업가, 전문가, 직장인 등에게 최적화됐다”며 “앞으로도 뛰어난 기술력을 바탕으로 소비자들의 니즈를 충족하는 다양한 제품들을 꾸준히 개발해 나갈 전망”이라고 전했다.임온유 기자 ioy@asiae.co.kr▶ 네이버 홈에서 '아시아경제' 뉴스 확인하기▶ 재미와 신기 '과학을읽다' ▶ 꿀잼 '인기만화'&lt;ⓒ경제를 보는 눈, 세계를 보는 창 아시아경제 무단전재 배포금지&gt;   ]",['잰폰2 써보고 거르는 회사인데...  카메라 안켜짐    후레쉬 안켜짐.  거기에 해외 공식홈페이지에서는 글로벌워런티라면서  국내로 연결 시켜주더니  as불가능한 제품이라함.'],http://news.mt.co.kr/mtview.php?no=2019013011000630822,https://n.news.naver.com/mnews/article/277/0004394721?sid=105
2019-01-15 14:28:18,케이벤치,,"벤큐, HDR 모니터 구입 시 최대 5만원 문화상품권 증정 행사 진행",,,http://kbench.com/?q=node/194991,http://stoo.com
2019.01.15.,넥스트데일리,,"SKT, 새 학기 맞아 학생고객 맞춤 혜택 예고",,,http://www.nextdaily.co.kr/news/article.html?id=20190130800047,https://www.asiae.co.kr/
2019.01.14.,뉴스워커,IT/과학,[뉴스워커_SK텔레콤] 새 학기 맞아 요금·데이터·제휴 혜택 푼다,"[ 15일 공식 출시…11번가 구매 가능제이슨 우 지사장 ""테두리 깎아 디스플레이 대 바디 비율 95%로""    [아시아경제 임온유 기자] 글로벌 노트북 3위 제조사 에이수스가 화면은 키우고 본체는 줄인 신형 울트라 슬림 노트북 ‘젠북 13·14’를 15일 공개했다. 제이슨 우 에이수스 코리아 시자장은 이날 서울 홍익대 무브홀에서 열린 기자간담회에서 “세계에서 가장 작은 13·14인치 노트북”이라며 “슬림 베젤을 채택해 동일한 디스플레이를 탑재한 노트북 대비 크기를 대폭 줄였다”고 설명했다.특히 13.3인치 젠북13의 경우 베젤의 두께가 좌우 2.8mm, 상단 5.9mm, 하단 3.3mm에 불과하다. 젠북13은  A4 사이즈 보다 작은 크기로 휴대성을 강화했고, 최대 95%의 스크린 대 바디 비율을 구현해 뛰어난 디스플레이 성능으로 향상된 몰입감을 제공한다.젠북 13·14는 최신 인텔 8세대 쿼드코어 프로세서인 위스키레이크를 탑재하고 엔비디아 지포스 MX150 그래픽 카드를 장착해 문서 작업뿐만 아니라 사진, 영상, 디자인 등 멀티 미디어 작업에도 적합한 모델이다.또 PCIe® 3.0 SSD를 탑재해 초고속 부팅과 초고속 데이터 읽기·쓰기 속도를 제공한다. 1kg의 가벼운 무게로 콤팩트한 디자인과 뛰어난 휴대성은 물론 US 밀리터리 스탠다드(MIL-STD 810G) 군용 규격을 통과해 뛰어난 내구성도 인정받았다.    더불어 젠북 13·14는 다양한 기능을 업그레이드해 사용자의 편의성을 높였다. 소형 노트북의 단점으로 지적됐던 숫자 키패드 미탑재를 보완하기 위해 세계 최초로 넘버패드 기능을 지원한다. 에이수스 관계자는 “넘버패드 기능은 터치패드의 우측 상단 버튼을 누르면 숫자 키패드를 사용할 수 있는 유용한 기능”이라며 “넘버패드 모드에서도 터치 패드 기능을 유지할 수 있어 더욱 편리한 사용이 가능하다”고 말했다.또한 에르고 리프트 힌지 디자인을 채택해 편안한 타이핑 각도를 제공한다. 특수 3D IR 카메라를 탑재해 어두운 환경에서도 지문 인식보다 더 쉽고 빠르게 로그인할 수 있는 얼굴 인식 윈도 헬로 기능을 지원한다.튬폴리머 배터리를 탑재해 배터리 수명이 최대 14시간으로 외부 활동이 많은 기업인, 직장인에게 최적화됐다. 제품 색상은 로열 블루, 아이시클 실버, 버건디 레드 총 3가지로 구성됐으며, 버건디 레드 색상은 2월 에이수스 온라인 스토어에서만 판매될 예정이다.젠북 13·14는 15일부터 11번가에서 판매된다. 에이수스는 출시 기념으로 내달 3일까지 특별한 프로모션을 실시한다. 프로모션 기간 동안 신제품을 구매하는 소비자는 에이수스 프리미엄 케어 서비스 혜택을 누릴 수 있다. 에이수스 프리미엄 케어 서비스는 기본 무상 AS 보증 기간 외에 일반 노트북, 게이밍 노트북 구매 시 최대 3년까지 AS 기간이 연장되며, 출장 방문 수리 서비스 등 프리미엄 혜택이 제공되는 고객 맞춤형 케어 서비스이다.우 지사장은 “젠북 13·14는 최신 CPU와 그래픽카드를 탑재해 최고 사양의 성능은 물론이고 세련된 디자인과 뛰어난 휴대성 중 하나도 노치지 않은 제품으로 기업가, 전문가, 직장인 등에게 최적화됐다”며 “앞으로도 뛰어난 기술력을 바탕으로 소비자들의 니즈를 충족하는 다양한 제품들을 꾸준히 개발해 나갈 전망”이라고 전했다.임온유 기자 ioy@asiae.co.kr▶ 네이버 홈에서 '아시아경제' 뉴스 확인하기▶ 재미와 신기 '과학을읽다' ▶ 꿀잼 '인기만화'&lt;ⓒ경제를 보는 눈, 세계를 보는 창 아시아경제 무단전재 배포금지&gt;   ]",['잰폰2 써보고 거르는 회사인데...  카메라 안켜짐    후레쉬 안켜짐.  거기에 해외 공식홈페이지에서는 글로벌워런티라면서  국내로 연결 시켜주더니  as불가능한 제품이라함.'],http://www.newsworker.co.kr/news/articleView.html?idxno=25713,https://n.news.naver.com/mnews/article/277/0004394721?sid=105
2019.01.15.,머니S,,"경기농식품유통진흥원, 청년농부 2기 모집",,,http://moneys.mt.co.kr/news/mwView.php?no=2019012907578071043,http://www.newsprime.co.kr
2019.01.02.,IT조선,,"자급제폰 유통에 네이버 참전…온라인 쇼핑 업계 ""판 키우자"" 기대감",,,http://it.chosun.com/site/data/html_dir/2019/01/16/2019011601309.html,http://stoo.com
2019.01.09.,IT조선,,"자급제폰 유통에 네이버 참전…온라인 쇼핑 업계 ""판 키우자"" 기대감",,,http://it.chosun.com/site/data/html_dir/2019/01/16/2019011601309.html,http://news1.kr/
2019.01.11.,파이낸셜뉴스,경제,'등골휘는' 명절 상차림은 이제 그만..명절음식도 '테이크아웃'이 대세,"[ [NYT터닝포인트]연평균 20% 폭발적 성장, 롯데·신세계·현대百 등 온라인 투자 강화쿠팡 3조, 11번가 5천억 등 '신흥' 온라인쇼핑 기업도 투자 맞불[편집자주] '사실 앞에 겸손한 정통 민영 뉴스통신' 뉴스1이 뉴욕타임스(NYT)와 함께 펴내는 '뉴욕타임스 터닝포인트 2019'가 발간됐다. '터닝포인트'는 전 세계 정치 경제 사회 문화 각 분야별 '전환점'을 짚어 독자 스스로 미래를 판단하고 대비할 수 있도록 가이드라인을 제시하는 지침서다. 올해의 주제는 '화합의 시대로 가는 항해: 가치와 질서의 재편성'이다. 격변하고 있는 전 세계 질서 속에서 어떤 가치가 중심이 될 것인지를 가늠하고 준비하는데 '터닝포인트'가 도움이 될 것으로 기대한다. [편집자 주]    경기도 용인시 소재 이마트 보정 온라인 전용 물류센터© News1(서울=뉴스1) 류정민 기자 = 급성장하고 있는 국내 온라인쇼핑시장의 주도권을 쥐기 위한 유통 대기업들의 경쟁이 2019년 한 해를 뜨겁게 달굴 전망이다. 유통시장의 무게추가 오프라인에서 온라인으로 빠르게 옮겨가면서 이베이코리아(G마켓, 옥션), 11번가, 쿠팡, 위메프, 티몬 등 기존 온라인쇼핑 업계는 물론 롯데, 신세계, 현대백화점 등 전통의 유통 대기업들도 한국의 ‘아마존(Amazon.com)’을 꿈꾸며 일전을 준비하고 있다.1994년 온라인서점으로 시작한 아마존은 미국 온라인 소비 지출의 약 40%를 장악하고 있고, 미국 가구의 54%가량을 ‘아마존 프라임’ 회원으로 만들 정도로 미국 온라인 시장에서 절대적인 위치에 올라선 기업이다. 매출은 2017년 말 기준 1,780억 달러(약 200조 원)에 달하며 시가총액은 애플과 알파벳에 이어 나스닥시장 3위로 평가받는다.한국의 경우 아마존이나 중국의 알리바바와 같이 절대적인 지위에 올라선 기업은 없다. 하지만 폭발적인 성장세를 이어가고 있는 온라인시장을 차지하기 위한 전통의 유통 대기업과 신흥 온라인 업체들의 경쟁이 흥미롭게 전개되고 있다.◇ 온라인쇼핑, 2022년 최대 190조 규모 전망2일 통계청에 따르면 2017년 기준 국내 온라인쇼핑 거래액은 78조 2,000억 원으로 추정된다. 이는 2005년 10조 6,000억 원에서 7.3배, 연평균 약 20% 성장한 것으로, 국내 온라인쇼핑 시장은 5년 주기로 약 2.3배씩 성장하고 있다.정보통신정책연구원은 연구보고서를 통해 현재와 같은 추세대로라면 2022년 온라인쇼핑의 시장 규모는 최소 176조 원에서 최대 190조 원에 육박할 것으로 전망하고 있다. 온라인은 폭발적인 성장세에 힘입어 전체 쇼핑시장에서 차지하는 비중도 점점 커지고 있다.산업통상자원부에 따르면 국내 주요 유통업체 매출 중 오프라인 매출이 차지한 비중은 2016년 68.2%에서 2017년 66.1%로 낮아진 반면 온라인은 31.8%에서 33.9%로 높아졌다. 2018년 들어 온라인의 약진은 더욱 두드러져 6월 말 기준 매출 비중이 37.5%까지 높아졌다.    © News1 김일환 디자이너이처럼 온라인의 성장세가 예상을 뛰어넘으면서 유통 대기업들은 속속 대규모 투자 계획을 내놓고 있다. 먼저 롯데는 2018년 5월 온라인에 향후 5년간 3조 원을 투자하겠다고 발표했다. 롯데는 백화점과 대형할인마트 등 기존 오프라인 인프라와 온라인을 융합한 ‘O4O(On-line for Off-line)’ 전략을 실현하겠다는 목표를 세우고 있다. 온라인을 강화해 오프라인 사업에 도움을 주고, 오프라인 핵심 역량을 온라인에 활용하겠다는 구상으로 이는 신동빈 회장이 평소 강조한 ‘옴니채널(omni-channel)’과 맞닿아 있다. 옴니채널은 ‘모든 것, 모든 방식’을 의미하는 접두사 옴니와 유통 경로를 의미하는 채널의 합성어로 소비자가 온·오프라인을 넘나들며 상품을 검색하고 구매할 수 있도록 한다는 전략이다.이를 위해 롯데그룹은 롯데쇼핑에 ‘e커머스사업본부’를 신설했으며, 계열사별로 운영하는 8개 온라인몰을 통합해 선보일 예정이다. 이를 위해 롯데는 2022년까지 온라인몰 통합과 결제 시스템 개발에 5,000억 원, 통합물류시세틈 구축에 1조 원, 마케팅에 1조 5,000억원 등을 투자한다. 이를 통해 지난해 기준 전체 쇼핑사업 매출(40조 원) 가운데 18%에 불과했던 온라인 매출(7조 원) 비중을 2022년까지 30% 선인 20조 원 규모로 키울 계획이다.강희태 롯데쇼핑 대표이사는 “4차 산업혁명의 키워든 융합과 연결”이라며 “이커머스 사업을 오프라인과 어떻게 연결해 시너지를 낼 것인가는 숙명적 과제”라고 온라인사업에 강한 의지를 보였다.    신동빈 롯데그룹 회장 2018.10.23/뉴스1 © News1 구윤성 기자신세계그룹도 2018년 12월 27일부로 이커머스를 전달할 별도 법인을 설립하고 투자를 본격화한다. 신세계는 온라인사업 통합 플랫폼인 쓱닷컴(SSG.COM)을 통해 쇼핑에서 결제까지 모든 과정을 통합하고 선진 배송 시스템을 구축할 계획이다.신세계는 이를 위해 투자운용사인 ‘어피니티(Affinity)’와 ‘비알브이(BRV)’로부터 1조 원을 투자했다. 신세계는 온라인 신설 법인의 물류·배송 인프라와 상품 경쟁력, IT기술 향상에 1조 7,000억 원을 투자해 2023년까지 매출 10조 원을 달성한다는 목표를 세웠다.정용진 신세계그룹 부회장은 “지금까지 그룹의 성장을 신세계백화점과 이마트가 담당해 왔다면 앞으로의 성장은 온라인 신설 법인이 이끌게 될 것”이라며 “그룹의 핵심 역량을 모두 집중해 온라인 사업을 백화점과 이마트를 능가하는 핵심 유통 채널로 성장시키겠다”고 말했다.정지선 회장이 이끄는 현대백화점그룹도 IT기술과 유통을 결합하는 ‘리테일테크(retailtech)’ 실험에 속도를 내고 있다.종합쇼핑몰인 더현대닷컴은 가상현실 기술을 적용한 ‘VR스토어’를 오픈했고, 지난해에는 인공 지능(AI) 기술을 활용해 상품을 추천해주는 ‘딥스캔(deep scan)’ 서비스도 도입했다. 증강현실을 이용한 메이크업 서비스도 선보이고 있다.현대백화점 관계자는 “선택과 집중을 통해 백화점·홈쇼핑·의류·가구 등 고객 생활과 밀접하게 연락된 계열사별 온라인몰의 전문성을 강화해 나갈 예정”이라며 “AI를 기반으로 한 4차 산업혁명에 맞춘 서비스 및 신사업 개발에도 나설 계획”이라고 말했다.    지난해 10월 서울 반포 JW메리어트호텔에서 열린 신세계그룹의 온라인 신설 법인 신주 인수 계약 체결 발표식에서 정용진 신세계그룹 부회장(가운데)과 이철주 어피니티 부회장(왼쪽), 윤관 BRV 대표가 손을 잡고 있다. (신세계 제공) © News1◇ 쿠팡·11번가 등 신흥 온라인쇼핑 기업도 맞불 신흥 온라인쇼핑 기업들도 투자를 강화하며 맞불을 놓고 있다. 쿠팡은 2015년 10억 달러(약 1조 1,300억 원)를 손정의 소프트뱅크 회장으로부터 투자받은 데 이어 2018년 일본 소프트뱅크 비전펀드로부터 20억 달러(약 2조 2,600억 원)를 추가로 투자받기로 했다. 이는 국내 온라인쇼핑몰 중 역대 최대 규모다. 손정의 회장이 쿠팡에 이처럼 막대한 자금을 투자하고 있는 것은 급성장을 거듭하고 있는 국내 온라인시장이 그만큼 투자 가치가 있다고 판단한 것으로 풀이된다.손정의 회장은 “김범석 쿠팡 대표가 보여준 거대한 비전과 리더십은 쿠팡을 한국 이커머스 시장의 리더이자 세계에서 가장 혁신적인 인터넷 기업 중 하나로 성장시켰다”고 언급하며 추가 투자 결정을 내린 것으로 전해진다. 손 회장의 이 같은 언급은 물류 인프라에 직접 투자하는 쿠팡의 사업 모델에 만족감을 나타내고 있는 것으로 풀이된다. 하지만 한국 온라인 시장의 특수성을 고려하면 손 회장의 투자 결정을 선뜻 이해하기 어렵다고 보는 시각도 적지 않다. 쿠팡은 물류 인프라에 직접 투자하며 ‘쿠팡맨’과 ‘로켓배송’ 등의 신조어도 만들어 냈지만, 최근 3년간 누적 적자만 1조 7,500억 원에 달할 정도로 수익성은 최악이다. 여기에 이베이, 11번가, 위메프, 티몬 등과 피 말리는 경쟁을 펼치고 있어 단기간에 수익성이 개선되기 힘들 것이라는 전망도 나온다.     손정의 소프트뱅크그룹 회장과 김범석 쿠팡 대표가 지난해 투자약정을 체결한 후 손을 맞잡고 있다.© News12017년 기준, 온라인몰 업계에서 흑자를 내는 기업은 G마켓과 옥션 등을 운영하는 이베이코리아(영업이익 623억 원)가 유일하다. 쿠팡은 2018년 매출이 지난해보다 두 배 증가한 5조 원에 이를 것으로 전망되지만 작년 6,389억 원 규모였던 영업손실도 그대로 이어질 것으로 예상된다.SK그룹도 SK플래닛 산하에 있던 11번가를 별도 법인으로 독립시키고 5,000억 원 투자 계획을 발표하는 등 온라인쇼핑몰 사업을 강화하고 있다. SK그룹은 ICT 패밀리(SK텔레콤·SK브로드밴드·SK플래닛)와의 시너지 창출을 통해 검색부터 주문과 배송까지 고객에게 차별화한 가치를 선보일 계획이다.특히 기존 온라인쇼핑몰들은 소비자와 상품 판매자를 중개하는 중개형 서비스를 제공하는 ‘오픈마켓’과 쇼핑몰사가 직접 상품을 매입해 소비자와 공공구매 등 다양한 거래(딜)를 하는 ‘소셜커머스’ 간 경계를 허물며 무한경쟁에 나서고 있다. 소셜커머스에서 출발한 티몬은 오픈마켓 비즈니스인 MMP(Managed Market Place) 플랫폼을 단계별로 순차적으로 선보여 완성해 나갈 계획에 있는 등 종합 온라인몰로 도약을 준비하고 있다. 투어 상품을 강화하는 한편, 미디어커머스를 라이브 홈쇼핑 방식으로 변화시켜 큐레이션 딜 비즈니스를 적극적으로 지원할 계획이다.티몬은 2017년 직전연도 대비 35% 증가한 3,562억 원의 매출을 이뤄낸 데 이어 2018년에도 지난해 대비 35%가량 성장한 매출을 달성할 것으로 전망하고 있다. 티몬은 공격적인 성장 전략을 유지하면서도 2020년까지 월 단위 또는 분기 단위 흑자 전환을 목표로 수익과 성장의 균형을 맞춰갈 계획이다.온라인쇼핑몰 업계 관계자는 “온라인시장이 예상을 뛰어넘는 성장을 이어가면서 온·오프라인 간 경계를 허무는 무한경쟁 시대가 도래했다”며 “온라인 쇼핑 산업은 전자금융, 택배, 물류뿐만 아니라 AI와 VR 등의 제4차 산업기술과 성장을 궤를 같이할 것”이라고 말했다.    온라인 쇼핑 거래액 동향(출처 통계청 )© News1 방은영 디자이너ryupd01@news1.kr▶ [ 크립토허브 ]  [ 터닝포인트 2019 ] ▶ 에어팟&amp;스타벅스 커피 경품(~1/25)[© 뉴스1코리아(news1.kr), 무단 전재 및 재배포 금지] ]","['190조 시장  판매자 마진은 5-6%인업체가 대다수 ~ 10%이상 마진 벌려면 매출은 최악 ~ \n마켓도 면세점 처럼 경쟁이 심하다 ~', '11번가는 갈수록 서비스가 나빠지는 듯. 고객보단 판매자 중심으로 정책을 운영. 정신들 차리세요.']",http://www.fnnews.com/news/201901281028373890,https://n.news.naver.com/mnews/article/421/0003765261?sid=101
2019.01.18.,데일리시큐,,"엘레니어, 11일 밤 11시 11번가서 ‘세스토라이트T’ 등 인기유모차 12시간 타...",,,//www.dailysecu.com/?mod=news&act=articleView&idxno=44129,http://www.marketnews.co.kr/
2019.01.24.,포브스코리아,,[2019 소비자 선정 최고의 브랜드 대상] 현대오피스,,,http://jmagazine.joins.com/forbes/view/324776,http://www.thebigdata.co.kr/
2019.01.02.,위키리크스한국,,"SK텔레콤, 새 학기 맞아 혜택 강화… 초등학생 요금 최대 50% 할인",,,http://www.wikileaks-kr.org/news/articleView.html?idxno=46612,http://www.lawissue.co.kr
2019.01.15.,아시아투데이,,"메디톡스, 특허받은 유산균 '칸의 아침' 출시 숙취해소음료시장 새바람",,,http://www.asiatoday.co.kr/view.php?key=20190131010020130,http://www.ilovepc.co.kr
2019-01-15 14:28:18,PC사랑,,2019년 기해년 맞이! 삼성노트북9 Always 2019 런칭 이벤트 진행,,,http://www.ilovepc.co.kr/news/articleView.html?idxno=21352,http://www.digitaltoday.co.kr/
2019-01-02 06:00:00,PC사랑,,"ASUS ROG, 최신 엔비디아 지포스 RTX 그래픽칩셋 탑재한 고성능 게이밍 노트북...",,,http://www.ilovepc.co.kr/news/articleView.html?idxno=21467,https://sports.khan.co.kr/
2019-01-15 00:01:34,아시아투데이,경제,"""현대홈쇼핑, 송출 수수료 증가로 영업이익 감소 전망""","[    ‘대목’, 설 명절을 앞두고 홈쇼핑·온라인 쇼핑 업체들이 일제히 설 선물 기획전에 나선다.14일 업계에 따르면 현대홈쇼핑 등 홈쇼핑 업체와 G마켓·옥션·11번가 등 대형 온라인 쇼핑업체들 대부분은 설 연휴를 직전인 이달 말 까지 최대 70%의 할인 판매 이벤트를 진행한다.    먼저 현대홈쇼핑의 현대H몰은 오는 30일까지 ‘2019 설 선물세트 기획전’을 벌인다. 현대백화점에서 판매되는 설 선물을 비롯해 총 5000여 가지 품목이 대상으로 할인쿠폰과 적립금 등 다양한 혜택도 제공한다. 특히 오는 20일부터는 현대백화점그룹 계열 종합식품회사인 현대그린푸드의 LA갈비 선물세트를 주 4회 이상 집중 편성키로 했다.G마켓 또한 오는 31일까지 ‘2019 설 혜택’ 기획전을 열고 명절 선물세트와 준비 용품을 최대 70% 할인 판매에 나선다. 특히 1만 원대 이하 실속형 선물세트 비중을 지난해 설보다 약 15% 늘리고 인기 상품을 엄선해 모은 특가 상품전도 함께 개최한다.옥션도 31일까지 ‘설 명절을 준비하기 딱 좋은 날’ 기획전을 열고 설에 필요한 선물과 차례 음식, 연휴를 즐길 수 있는 여행상품 등을 최대 69% 할인된 가격에 판매한다. 명절에 선물을 주고받는 사람들을 위한 한라봉과 안마의자, 차례상에 올라가는 밤, 아동 한복 등에 대해서도 할인 판매에 나서며 연휴 기간 여행을 떠나는 사람들을 위한 방콕과 제주도 등지로의 여행상품도 함께 선보인다. 11번가는 오는 30일까지 가성비 좋은 설 선물세트 3000여개를 최대 52% 할인해 판매한다. 이번 설에는 전남 장성 문영철 농부가 재배한 ‘장성 새싹삼’처럼 지역생산자들의 이름을 내건 신선 선물세트나 제조사와 협업을 통해 가성비를 앞세운 단독 상품 마련에 집중한 것이 특징. 여기에 2017∼2018년 설 시즌 동안 많이 검색된 키워드와 인기 선물 구매 리뷰를 분석해 11번가 검색창에 설날 선물을 검색하면 부모님이나 친인척, 선생님 등 대상별로 인기 선물도 추천해 주는 점도 눈여겨 볼 만 하다.쿠팡은 이달 19일까지 설 선물세트를 최대 30% 할인된 가격에 판매키로 했다. 상품별로 최대 20% 쿠폰 할인 혜택을 제공하고 제휴카드로 결제하면 추가로 10% 캐시백을 제공한다. 연휴 기간 여행을 떠나는 고객들을 위해 국외·국내 여행상품은 물론 여해용 가방과 카메라 등 관련 상품도 함께 선보였다.이충진 기자 hot@kyunghyang.com▶ [스포츠경향 인기 무료만화 보기]▶ [지금 옆사람이 보고있는 뉴스]©스포츠경향(sports.khan.co.kr), 무단전재 및 재배포 금지   ]",[],http://www.asiatoday.co.kr/view.php?key=20190131010019970,https://n.news.naver.com/mnews/article/144/0000591483?sid=101
2019.01.15.,오마이뉴스언론사 선정,,남성용 변기가 '현대미술'의 상징이 된 이유,,,http://www.ohmynews.com/NWS_Web/View/at_pg.aspx?CNTN_CD=A0002505287&CMPT_CD=P0010&utm_source=naver&utm_medium=newsearch&utm_campaign=naver_news,http://www.sportsworldi.com
2019.01.18.,아시아투데이,,경기도 농업을 싱싱하게 키우는 청년농부 2기 모집,"[      [스포츠월드=정가영 기자] ‘언더나인틴’이 4차 투표를 시작했다.    오는 19일 오후 8시까지 11번가 공식 홈페이지 및 모바일 어플을 통해 ‘언더나인틴’ 예비돌들의 생존과 탈락을 결정짓는 4차 투표가 진행된다.   투표는 아이디(ID) 당 매일 오전과 오후 하루 두 번 가능하며, 특히 4차부터 하루 3명의 예비돌에게 투표를 할 수 있다.    예비돌들이 매회 크리에이티브함과 눈부신 성장으로 매력을 뽐내고 있는 만큼, 4차 투표를 향한 서포터즈들의 관심이 뜨겁다. 4차 투표 결과를 반영한 예비돌들의 탈락자 발표는 26일 공개된다.    매주 토요일 오후 6시 25분 방송되는 ‘언더나인틴’은 다이나믹 듀오와 슈퍼주니어 은혁, 크러쉬, EXID 솔지 등과 예비돌들이 함께하는 ‘디렉터 콜라보 미션’을 예고하고 있다.   jgy9322@sportsworldi.com  사진=11번가 공식 홈페이지 캡처 ]",[],http://www.asiatoday.co.kr/view.php?key=20190129010018264,https://n.news.naver.com/mnews/article/396/0000500807?sid=106
2019.01.24.,미주중앙일보,,"한인 부부 입양한 아들, 총격 살해 범인 종신형",,,http://www.koreadaily.com/news/read.asp?art_id=6942032,http://www.lawissue.co.kr
2019.01.02.,위클리오늘,,"SKT, 지난해 영업이익 1조2000억원... 전년 대비 22% 급감",,,http://www.weeklytoday.com/news/articleView.html?idxno=83257,http://www.ilovepc.co.kr
2019.01.15.,파이낸셜뉴스,,"깨끗한나라, '베이비케어 밴드&팬티' 출시 기념 포토상품평 이벤트",,,http://www.fnnews.com/news/201901280941007906,http://www.digitaltoday.co.kr/
2019.01.24.,현대경제신문,,쿠팡·이마트몰 '가짜 흑돼지' 판매 논란…오픈마켓 규제강화 촉발,,,http://www.finomy.com/news/articleView.html?idxno=62636,https://sports.khan.co.kr/
2019.01.14.,농민신문,경제,“온라인서 ‘풍광수토’ 사면 기능성 쌀 드려요”,"[    ‘대목’, 설 명절을 앞두고 홈쇼핑·온라인 쇼핑 업체들이 일제히 설 선물 기획전에 나선다.14일 업계에 따르면 현대홈쇼핑 등 홈쇼핑 업체와 G마켓·옥션·11번가 등 대형 온라인 쇼핑업체들 대부분은 설 연휴를 직전인 이달 말 까지 최대 70%의 할인 판매 이벤트를 진행한다.    먼저 현대홈쇼핑의 현대H몰은 오는 30일까지 ‘2019 설 선물세트 기획전’을 벌인다. 현대백화점에서 판매되는 설 선물을 비롯해 총 5000여 가지 품목이 대상으로 할인쿠폰과 적립금 등 다양한 혜택도 제공한다. 특히 오는 20일부터는 현대백화점그룹 계열 종합식품회사인 현대그린푸드의 LA갈비 선물세트를 주 4회 이상 집중 편성키로 했다.G마켓 또한 오는 31일까지 ‘2019 설 혜택’ 기획전을 열고 명절 선물세트와 준비 용품을 최대 70% 할인 판매에 나선다. 특히 1만 원대 이하 실속형 선물세트 비중을 지난해 설보다 약 15% 늘리고 인기 상품을 엄선해 모은 특가 상품전도 함께 개최한다.옥션도 31일까지 ‘설 명절을 준비하기 딱 좋은 날’ 기획전을 열고 설에 필요한 선물과 차례 음식, 연휴를 즐길 수 있는 여행상품 등을 최대 69% 할인된 가격에 판매한다. 명절에 선물을 주고받는 사람들을 위한 한라봉과 안마의자, 차례상에 올라가는 밤, 아동 한복 등에 대해서도 할인 판매에 나서며 연휴 기간 여행을 떠나는 사람들을 위한 방콕과 제주도 등지로의 여행상품도 함께 선보인다. 11번가는 오는 30일까지 가성비 좋은 설 선물세트 3000여개를 최대 52% 할인해 판매한다. 이번 설에는 전남 장성 문영철 농부가 재배한 ‘장성 새싹삼’처럼 지역생산자들의 이름을 내건 신선 선물세트나 제조사와 협업을 통해 가성비를 앞세운 단독 상품 마련에 집중한 것이 특징. 여기에 2017∼2018년 설 시즌 동안 많이 검색된 키워드와 인기 선물 구매 리뷰를 분석해 11번가 검색창에 설날 선물을 검색하면 부모님이나 친인척, 선생님 등 대상별로 인기 선물도 추천해 주는 점도 눈여겨 볼 만 하다.쿠팡은 이달 19일까지 설 선물세트를 최대 30% 할인된 가격에 판매키로 했다. 상품별로 최대 20% 쿠폰 할인 혜택을 제공하고 제휴카드로 결제하면 추가로 10% 캐시백을 제공한다. 연휴 기간 여행을 떠나는 고객들을 위해 국외·국내 여행상품은 물론 여해용 가방과 카메라 등 관련 상품도 함께 선보였다.이충진 기자 hot@kyunghyang.com▶ [스포츠경향 인기 무료만화 보기]▶ [지금 옆사람이 보고있는 뉴스]©스포츠경향(sports.khan.co.kr), 무단전재 및 재배포 금지   ]",[],http://www.nongmin.com/article/ar_detail.htm?ar_id=294150,https://n.news.naver.com/mnews/article/144/0000591483?sid=101
2019.01.14.,국제신문,,혁신 갖췄지…성능 알차지…가격 착하지,,,http://www.kookje.co.kr/news2011/asp/newsbody.asp?code=0800&key=20190118.22018006805,http://www.nbntv.co.kr
2019.01.15.,민중의소리,,카카오페이 등 대형사업자 참여로 ‘청신호’ 켜진 ‘제로페이’,,,http://www.vop.co.kr/A00001374633.html,http://www.topdaily.kr
2019.01.31.,아이뉴스24,,"독일 주방가전 ‘까소’, 실속형 인덕션 국내 출시",,,http://www.inews24.com/view/1154540,http://www.asiatoday.co.kr
2019-01-15 13:15:00,전자신문,,[기자수첩] 휴대폰 불법 판매 근절하려면,,,http://www.etnews.com/20190129000376,http://www.insight.co.kr
2019-01-15 00:01:34,아이뉴스24,,"독일 주방가전 ‘까소’, 실속형 인덕션 국내 출시",,,http://www.inews24.com/view/1154540,http://biz.chosun.com/
2019-01-31 10:29:51,전자신문,IT/과학,[기자수첩] 휴대폰 불법 판매 근절하려면,"[    SK텔레콤의 지난해 연간 매출액과 영업이익이 모두 줄었다. 연간 선택약정할인 가입자가 증가해 이동통신사업 수익이 줄었다. 또 데이터 로밍 시 음성통화 무제한, 괌과 사이판 데이터로밍 패스 등 8대 혁신 프로그램을 진행한 영향도 컸다. 연간 영업이익은 1년 전보다 21.8% 줄었다. SK텔레콤(017670)은 31일 2018년 연간 매출액은 16조8740억원, 영업이익은 1조2018억원을 기록해 2017년에 비해 각각 3.7%, 21.8% 감소했다고 공시했다. 지난해 4분기 분기 매출액은 4조3517억원, 분기 영업이익은 2253억원으로 1년 전 같은 기간보다 각각 3.24%, 27.42% 감소했다.    SK텔레콤의 2018년 연간 매출액과 영업이익 모두 1년 전보다 줄었다. 연간 선택약정할인 가입자가 증가하면서 이동통신사업 수익이 줄었다. 로밍 시 음성통화 무제한 등의 8대 혁신 프로그램 영향도 컸다. /SK텔레콤 제공하지만 연간 당기순이익은 3조1320억원으로 1년 전보다 17.85% 증가했다. SK하이닉스(000660)가 역대 최고 실적을 기록하면서 지분법 이익 영향으로 연간 당기순이익이 늘었다. 이동전화매출은 지난해 9조9998억원으로 1년 전보다 7.1% 줄었다. 지난해 연간 무선 이동전화 분야 가입자가 18만5000명 증가하고 지난해 4분기 해지율은 1.21%까지 줄었지만 선택약정할인 가입자가 늘고 기초연금수급자 요금 감면 등으로 매출 규모가 줄었다. 이로인해 영업이익 역시 줄었다.가입 고객이 증가한 이유는 지난해 7월말 출시한 T플랜 요금제와 8월 출시한 만 24세 이하 사용자를 위한 요금제 영(0)플랜 등이 영향을 줬다. 지난해 12월말 기준 누적 가입자 약 440만명을 달성했다. 0플랜 가입자는 12월말 기준 50만명을 돌파했다. SK브로드밴드는 연간 매출 3조2537억원, 영업이익 1756억원으로 사상 최대 실적을 기록했다. IPTV 가입자는 전년 대비 약 10% 증가한 473만명이다. 프리미엄 서비스인 UHD 가입 비중은 4분기에 처음으로 전체 가입자의 50%를 넘어섰다.ADT캡스 실적은 4분기에 처음 반영됐다. ADT캡스는 4분기 매출액은 2008억원, 영업이익은 286억원이다. ADT캡스 인수를 통한 SK텔레콤 연간 실적 반영은 올해부터 뚜렷하게 나타날 전망이다. SK텔레콤의 지난해 설비투자(CAPEX)는 2조1300억원이 집행됐다. 1년 전보다 7.5% 가량 늘어난 수치로 5세대(G) 이동통신 투자와 관련해 2017년에 예상했던 수준에서 집행됐다.SK텔레콤은 올해 5G 서비스를 본격 전개하고 미디어, 보안, 커머스 중심으로 사업을 강화한다는 방침이다. 5G 서비스는 5G 스마트폰 출시에 맞춰 수도권과 주요도시를 중심으로 확대될 예정이다.SK텔레콤은 올해 매출과 이익이 줄어든 무선사업 분야에서 혁신 프로그램을 꾸준히 선보이면서도 5G를 바탕으로 올해 하반기부터 매출을 다시 상승 추세로 전환시킨다는 계획이다.미디어 사업은 옥수수와 푹(POOQ)을 통합해 경쟁력 있는 글로벌 온라인동영상서비스(OTT) 플랫폼으로 육성한다는 망침이다. 또 미국 최대 규모 지상파 방송사 싱클레어와 손잡고 미국 차세대 방송 솔루션 시장에 진출해 외연 확대에 나선다.보안 사업은 지난해 ADT캡스와 NSOK의 합병과 SK인포섹 인수가 마무리 돼 물리보안에서 정보보안까지 통합 서비스 체계를 구축했다. SK텔레콤은 올해 집과 주차장 등에 신규 보안 서비스를 제공할 예정이다.커머스 사업은 지난해 11번가의 5000억원 투자 유치를 바탕으로 인공지능(AI)과 데이터 기반 서비스를 고객에게 제공해 올해 손익분기점 달성을 목표로 하고 있다.윤풍영 SK텔레콤 코퍼레이트(Corporate) 센터장은 ""지난해 사업 포트폴리오를 성공적으로 재편하면서 무선, 미디어, 보안, 커머스 4대 사업의 기본 틀을 갖췄다""며 ""올 한해 5G 서비스 경쟁력을 바탕으로 새로운 사업 성장판을 여는데 최선을 다하겠다""고 말했다. [김범수 기자 kbs@chosunbiz.com]chosunbiz.com   ]",[],http://www.etnews.com/20190129000376,https://n.news.naver.com/mnews/article/366/0000425944?sid=105
2019.01.14.,스포츠경향,,이커머스 시장 왜 커지나 “뭐할려고 마트를 가” [마켓 인사이트],,,http://sports.khan.co.kr/news/sk_index.html?art_id=201901151748003&sec_id=561901&pt=nv,http://www.asiatoday.co.kr
2019.01.15.,이투데이,,"올웨이즈블루, 농축수산물 회원전용 특가몰 오픈",,,http://www.etoday.co.kr/news/section/newsview.php?idxno=1715646,http://www.insight.co.kr
2019.01.31.,한국경제,,"깨끗한나라 보솜이, '베이비케어 밴드&팬티' 출시 기념 '포토상품평 이벤트' ...",,,http://news.hankyung.com/article/201901286883i,http://biz.chosun.com/
2019.01.04.,게임포커스,IT/과학,"ASUS ROG, 최신 엔비디아 지포스 RTX 그래픽칩셋 탑재한 고성능 게이밍 노트북...","[    SK텔레콤의 지난해 연간 매출액과 영업이익이 모두 줄었다. 연간 선택약정할인 가입자가 증가해 이동통신사업 수익이 줄었다. 또 데이터 로밍 시 음성통화 무제한, 괌과 사이판 데이터로밍 패스 등 8대 혁신 프로그램을 진행한 영향도 컸다. 연간 영업이익은 1년 전보다 21.8% 줄었다. SK텔레콤(017670)은 31일 2018년 연간 매출액은 16조8740억원, 영업이익은 1조2018억원을 기록해 2017년에 비해 각각 3.7%, 21.8% 감소했다고 공시했다. 지난해 4분기 분기 매출액은 4조3517억원, 분기 영업이익은 2253억원으로 1년 전 같은 기간보다 각각 3.24%, 27.42% 감소했다.    SK텔레콤의 2018년 연간 매출액과 영업이익 모두 1년 전보다 줄었다. 연간 선택약정할인 가입자가 증가하면서 이동통신사업 수익이 줄었다. 로밍 시 음성통화 무제한 등의 8대 혁신 프로그램 영향도 컸다. /SK텔레콤 제공하지만 연간 당기순이익은 3조1320억원으로 1년 전보다 17.85% 증가했다. SK하이닉스(000660)가 역대 최고 실적을 기록하면서 지분법 이익 영향으로 연간 당기순이익이 늘었다. 이동전화매출은 지난해 9조9998억원으로 1년 전보다 7.1% 줄었다. 지난해 연간 무선 이동전화 분야 가입자가 18만5000명 증가하고 지난해 4분기 해지율은 1.21%까지 줄었지만 선택약정할인 가입자가 늘고 기초연금수급자 요금 감면 등으로 매출 규모가 줄었다. 이로인해 영업이익 역시 줄었다.가입 고객이 증가한 이유는 지난해 7월말 출시한 T플랜 요금제와 8월 출시한 만 24세 이하 사용자를 위한 요금제 영(0)플랜 등이 영향을 줬다. 지난해 12월말 기준 누적 가입자 약 440만명을 달성했다. 0플랜 가입자는 12월말 기준 50만명을 돌파했다. SK브로드밴드는 연간 매출 3조2537억원, 영업이익 1756억원으로 사상 최대 실적을 기록했다. IPTV 가입자는 전년 대비 약 10% 증가한 473만명이다. 프리미엄 서비스인 UHD 가입 비중은 4분기에 처음으로 전체 가입자의 50%를 넘어섰다.ADT캡스 실적은 4분기에 처음 반영됐다. ADT캡스는 4분기 매출액은 2008억원, 영업이익은 286억원이다. ADT캡스 인수를 통한 SK텔레콤 연간 실적 반영은 올해부터 뚜렷하게 나타날 전망이다. SK텔레콤의 지난해 설비투자(CAPEX)는 2조1300억원이 집행됐다. 1년 전보다 7.5% 가량 늘어난 수치로 5세대(G) 이동통신 투자와 관련해 2017년에 예상했던 수준에서 집행됐다.SK텔레콤은 올해 5G 서비스를 본격 전개하고 미디어, 보안, 커머스 중심으로 사업을 강화한다는 방침이다. 5G 서비스는 5G 스마트폰 출시에 맞춰 수도권과 주요도시를 중심으로 확대될 예정이다.SK텔레콤은 올해 매출과 이익이 줄어든 무선사업 분야에서 혁신 프로그램을 꾸준히 선보이면서도 5G를 바탕으로 올해 하반기부터 매출을 다시 상승 추세로 전환시킨다는 계획이다.미디어 사업은 옥수수와 푹(POOQ)을 통합해 경쟁력 있는 글로벌 온라인동영상서비스(OTT) 플랫폼으로 육성한다는 망침이다. 또 미국 최대 규모 지상파 방송사 싱클레어와 손잡고 미국 차세대 방송 솔루션 시장에 진출해 외연 확대에 나선다.보안 사업은 지난해 ADT캡스와 NSOK의 합병과 SK인포섹 인수가 마무리 돼 물리보안에서 정보보안까지 통합 서비스 체계를 구축했다. SK텔레콤은 올해 집과 주차장 등에 신규 보안 서비스를 제공할 예정이다.커머스 사업은 지난해 11번가의 5000억원 투자 유치를 바탕으로 인공지능(AI)과 데이터 기반 서비스를 고객에게 제공해 올해 손익분기점 달성을 목표로 하고 있다.윤풍영 SK텔레콤 코퍼레이트(Corporate) 센터장은 ""지난해 사업 포트폴리오를 성공적으로 재편하면서 무선, 미디어, 보안, 커머스 4대 사업의 기본 틀을 갖췄다""며 ""올 한해 5G 서비스 경쟁력을 바탕으로 새로운 사업 성장판을 여는데 최선을 다하겠다""고 말했다. [김범수 기자 kbs@chosunbiz.com]chosunbiz.com   ]",[],http://gamefocus.co.kr/detail.php?number=90662,https://n.news.naver.com/mnews/article/366/0000425944?sid=105
2019.01.04.,인벤,,"알파스캔, '알리타:배틀앤젠' 개봉 기념 할인 및 예매권 증정 행사",,,http://www.inven.co.kr/webzine/news/?news=214588,http://www.hemophilia.co.kr
2019.01.16.,인벤,,"제이씨현, 유디아 240Hz 게이밍 모니터 새해 특가 이벤트 진행",,,http://www.inven.co.kr/webzine/news/?news=212933,http://www.newsis.com
2019.01.15.,데일리한국,사회,"[기획] 서울시, '제로페이 가맹점' 확대 급급…구, 공무원 개인 목표 할당하기...","[     【창원=뉴시스】 홍정명 기자 = 경남도 쇼핑몰 ‘e경남몰’은 오는 7일부터 2월 6일까지 설맞이 특별할인 행사를 진행한다.2019.01.04.(사진=경남도 제공) photo@newsis.com【창원=뉴시스】 홍정명 기자 = 경상남도 인터넷쇼핑몰인 ‘e경남몰’은 새해 설맞이 특별할인 행사를 오는 7일부터 2월 6일까지 진행한다. 이번 행사는 소비자의 구매 편리를 위해 e경남몰 홈페이지(http://egnmall.net)뿐만 아니라 네이버 스토어팜, 11번가 지역특산물 전문관, 모바일 웹 등 다양한 채널에서 동시에 참여할 수 있다.설맞이 행사 기간 중 매주 월요일(1월 7일, 1월 14일, 1월 21일, 1월 28일, 2월 4일)마다 선착순 2019명에게 전 제품 10% 할인쿠폰을 발행한다.행사 기간 중 3만 원 이상 구매한 회원에게는 백미, 견과류, 유자빵, 적립금 중 원하는 상품을 선택 응모하면 총 100명에게 경품을 제공하는 이벤트도 진행된다.또한 상품별 최대 25% 할인 이벤트로 전체 상품에 걸쳐 할인율을 적용하며, 매주 월요일 발행되는 전 제품 10% 할인쿠폰과 상품별 25% 할인 이벤트는 중복이 가능하다.쿠폰 발행 즉시 바로 구매할 경우 구매 부담을 대폭 줄일 수 있다.'e경남몰'은 경상남도 추천상품인 ‘QC상품’, 안전한 농산물인 ‘안심농’, 경상남도 농산물 대표브랜드 ‘이로로’, 시장·군수가 추천하는 지역 농특산물 등 223개 업체의 3316여 상품이 다양하게 등록되어 있다.제품 구매나 자세한 내용은 ‘e경남몰 홈페이지'를 방문하면 확인할 수 있다.hjm@newsis.com▶ 뉴시스 빅데이터 MSI 주가시세표 바로가기 ▶ 네이버에서 뉴시스 채널 구독하기&lt;저작권자ⓒ 공감언론 뉴시스통신사. 무단전재-재배포 금지.&gt; ]",[],http://daily.hankooki.com/lpage/society/201901/dh20190127094511137780.htm,https://n.news.naver.com/mnews/article/003/0008994719?sid=102
2019.01.02.,뉴시스,,"구글, 새로운 크롬캐스트 국내 출시",,,http://www.newsis.com/view/?id=NISX20190122_0000536882&cID=13001&pID=13000,http://IT.DONGA.COM
2019.01.09.,전자신문,,"독일 주방가전 CASO(까소), 온도•화력 조절 가능한 2구 인덕션 선봬",,,http://www.etnews.com/20190129000174,http://www.etnews.com
2019.01.17.,뉴시스,IT/과학,"구글, 새로운 크롬캐스트 국내 출시","[     벤큐 시력보호 LED스탠드 위트벤큐(지사장 소윤석)는 벤큐 LED스탠드 공식수입원 오진상사와 함께 시력보호 LED스탠드 '위트(WiT)'와 '위트지니(WiT Genie)' 가격할인 행사를 진행한다.이달 31일까지 대형몰, 11번가, 지마켓, 옥션 등 온라인 오픈마켓, 위메프, 쿠팡, 티몬 등 소셜커머스 사이트 구매고객에게 최대 3만원 할인판매하고 구매 후 포토후기를 남기는 고객 20명에게 선착순으로 위트 데스크 클램프를 증정한다.    위트와 위트지니 스탠드는 컴퓨터, 모바일폰, 태블릿PC 등 디지털 스크린 사용자가 더욱 편한 환경에서 e리딩을 즐길 수 있도록 고안된 LED스탠드다. IEC 광학 방사선 안전 국제 표준을 준수한 LED램프를 사용해 눈과 피부에 유해한 요소를 줄였다. 플리커프리(Flicker-Free) IC가 내장돼 눈 피로를 줄일 수 있다.스마일 커브테크놀러지(Smile Curve Technology)가 적용된 곡선형 램프로 일반 램프 배광 범위보다 150% 가량 넓은 90㎝ 범위에 고른 광량을 공급해 눈부심이 덜하다. 듀얼 색온도 LED 광원을 채용해 따뜻한 색 조명과 시원한 색 조명으로 분위기를 자유롭게 연출할 수 있다.권상희기자 shkwon@etnews.com▶ 네이버 모바일에서 [전자신문] 채널 구독하기▶ 전자신문 바로가기 [Copyright ⓒ 전자신문 &amp; 전자신문인터넷, 무단전재 및 재배포 금지] ]",[],http://www.newsis.com/view/?id=NISX20190122_0000536882&cID=13001&pID=13000,https://n.news.naver.com/mnews/article/030/0002775847?sid=105
2019-01-31 10:29:51,비즈한국,,"하나·모두·인터파크, 스카이스캐너 제휴 중단 '전면전' 내막",,,http://www.bizhankook.com/article/17100,http://www.hemophilia.co.kr
2019-01-04 14:30:16,데이터넷,,"2019 대한민국우수브랜드대상 올즙, '올바른 건강즙' 선보여",,,http://www.datanet.co.kr/news/articleView.html?idxno=130737,http://www.edaily.co.kr/
2019-01-15 10:57:37,금융소비자뉴스,경제,"박정호 SKT 사장, 중간지주 전환 '난항'...악재 몰려 '산넘어 산'","[ G마켓·11번가 등 오픈마켓서 소형 마사지기 판매 급증저주파 안마기, 225% 신장…발 마사지기도 121% 증가저렴한 가격·휴대 용이, 간편한 사용법 등 인기 요소    소형 마사지기가 저렴한 가격과 간편한 사용법 등으로 큰 인기를 끌고 있다. 신세계인터내셔날 자주가 최근 출시한 소형 저주파 마사지기.(사진=신세계인터내셔날)[이데일리 송주오 기자] 30대 직장인 조송이씨는 최근 운동을 끝낸 후 선물 받은 샤오미의 소형 저주파 마사지기를 사용하는 게 습관이 됐다. 약 15분간의 마사지만으로도 운동 후 경직된 근육을 풀 수 있어서다. 그는 근무 중에도 틈틈이 마사지기를 애용하고 있다. 조 씨는 “운동 후에 손목 관절 등에 통증이 많았는데 마사지기를 이용한 후부터 괜찮아졌다”며 “크기도 작고 가벼워 들고 다니기 편하고 언제 어디서든 쓸 수 있다”고 말하며 만족감을 드러냈다.소형 마사지기가 인기를 끌고 있다. 10여분의 짧은 시간만 투자하면 마사지 효과를 볼 수 있고 보관도 편리하기 때문이다. 일상생활 중에도 사용할 수 있어 인기를 더하고 있다. 9일 오픈마켓 G마켓에 따르면 최근 한 달간 발 마사지기 판매가 전년 동기 대비 121% 급증했다. 같은 기간 두피 마사지기와 눈 마사지기는 각각 85%, 80% 신장했다. 미니 안마기도 53%의 성장률을 보였다. 또 다른 오픈마켓 11번가에서는 최근 한 달간 저주파 안마기의 판매량이 225% 급증했다.그동안 국내 마사지기 시장은 전신 안마 의자가 주도했다. 수백만원을 호가하는 높은 가격 부담을 낮춰줄 렌탈(대여) 서비스가 대중화된 영향이다. 렌탈 서비스를 이용하는 소비자가 늘면서 10여 년 전 1000억원에 불과했던 국내 마사지기 시장은 2조원(업계 추산)대로 성장했다. 대표적인 마사지기 업체인 바디프랜드의 매출이 2012년 652억원에서 2017년 4129억원까지 수직 상승하기도 했다.다만 전신 안마 의자는 공간을 많이 차지하는 탓에 특정 장소에서만 이용할 수 있었다. 수시로 사용할 수 있는 마사지기를 찾는 소비자에게는 무용지물이었다. 소비자의 이런 요구를 충족한 게 소형 마사지기다. 이동과 보관이 간편하면서 일상생활 중에도 사용할 수 있다는 점이 인기 요소로 꼽힌다. 저렴한 가격과 원하는 부위를 집중적으로 마사지할 수 있다는 점도 매력 요소다. 소형 마사지기는 소비자 공략에 성공하며 하나의 시장을 형성해가고 있다. 클럭(Klug)의 소형 마사지기는 출시 한 달 만에 30만개 이상이 팔렸다. 클럭 제품은 USB 충전형 소형 마사지기로 휴대가 간편하고 지방 아래에 있는 근육을 직접 자극하는 EMS(저주파) 방식을 이용해 마사지 효과도 뛰어나다는 평가를 받고 있다.소형 마사지의 인기는 앞으로도 계속될 전망이다. 소형 마사지기 시장에 새로운 업체가 뛰어들면서 관련 제품이 다양해지고 있어서다. 신세계인터내셔날의 라이프스타일 브랜드 자주(JAJU)는 소형 저주파 마사지를 출시하며 시장 진출을 선언했다. 자주는 시중에서 판매되는 근력 강화(EMS) 방식의 마사지기와는 달리 통증 완화(TENS)에 중점을 뒀다고 설명했다. TENS 저주파는 저주파 전기신호로 근섬유 신경에 자극을 주고 근육을 움직이게 해 근육통 등 결리거나 뭉친 근육을 풀어준다. 15분의 짧은 시간으로도 근육통 완화에 큰 효과를 볼 수 있는 것이 특징이다.업계 관계자는 “수면카페 등이 인기를 끌 정도로 피곤함을 호소하는 직장인, 학생 등이 많다”며 “소형 마사지기는 저렴한 가격에 언제든, 간편하게 마사지 효과를 얻을 수 있다는 점에서 앞으로도 수요가 증가할 것”이라고 말했다.송주오 (juoh413@edaily.co.kr)네이버에서 이데일리 [구독하기▶]빡침해소! 청춘뉘우스~ [스냅타임▶]＜ⓒ종합 경제정보 미디어 이데일리 - 무단전재 &amp; 재배포 금지＞ ]",[],http://www.newsfc.co.kr/news/articleView.html?idxno=34899,https://n.news.naver.com/mnews/article/018/0004288684?sid=101
2019-01-09 17:47:03,케이벤치,,"한성컴퓨터, RTX 그래픽 탑재 게이밍노트북 9종 전격출시",,,http://kbench.com/?q=node/195761,http://www.kjdaily.com
2019.01.30.,뉴스토마토,,"뮤지컬 '푸에르자부르타', 오는 4월 다시 한국 찾는다",,,http://www.newstomato.com/ReadNews.aspx?no=873250,http://biz.chosun.com/
2019.01.31.,경기일보,경제,"깨끗한나라, 베이비케어 밴드&팬티 포토상품평 이벤트","[    지난해 대형마트 매출이 전년대비 2.3% 감소한 것으로 나타났다. 유통시장 전통의 강호 대형마트와 백화점 등이 내수 부진과 온라인 쇼핑 증가 등의 영향으로 온라인유통업체에 자리를 내어주는 모양새다. 산업통상자원부는 지난해 백화점·대형마트·편의점·온라인쇼핑몰 등 주요 유통업체 매출이 전년대비 6.8% 증가했다고 30일 밝혔다. 온라인 유통업체 매출 증가율(15.9%)은 오프라인 유통업체 매출 증가율(1.9%)을 큰 폭으로 웃돌았다. 대형마트 매출이 감소한 데다 신기술 도입과 배송제도 개선 등 쇼핑 편의성이 좋아진 온라인 쇼핑에 대한 소비자 선호가 증가했기 때문이다.     조선DB오프라인 유통업체는 2017년 대비 편의점(8.5%), SSM(2.0%), 백화점(1.3%)의 매출은 증가한 반면, 대형마트(-2.3%)의 매출은 감소했다. 대형마트는 온라인‧전문점의 성장에 따른 시장 잠식 현상 등에 따라 식품군(0.7%)과 가전부문(0.7%)을 제외한 모든 상품군 매출이 감소했다.편의점의 경우 점포 수 증가와 소비 트렌드 변화에 따른 특화상품 판매 등의 영향으로 매출이 늘었다. 편의점은 지난 2017년 말 3만4163개에서 지난해 말 3만5676개로 1년새 1513개 늘었다.SSM도 1인 가구 확산에 맞춰 간편식 비중을 확대하는 등 상품군 구성을 변화시킨 영향으로, 주력 품목인 식품군(2.9%, 비중 89.7%) 매출이 증가했다. 백화점은 잡화(-5.9%)와 의류부문(-2.0%) 매출은 감소했지만, 단가가 높은 대형가전‧가구 등 가정용품(6.7%) 매출이 늘어난 것이 전체 매출 증가에 영향을 미쳤다. 온라인 유통업체는 AK몰·위메프·티몬 등 온라인 판매업체(19.2%)와 옥션·11번가·인터파크(108790)등 온라인 판매 중개업체(14.7%) 모두 2017년 대비 매출이 크게 증가했다. 온라인 판매업체는 새벽 배송 등 신선식품 배송 경쟁력 강화에 따른 식품부문(25.6%) 매출 성장을 중심으로 모든 상품군의 매출이 늘었다. 온라인 판매중개업체도 모바일 쇼핑의 확산 경향에 따라 상품추천‧간편결제 등 쇼핑 편의성이 개선되면서 매출 성장세가 지속됐다.[세종=이승주 기자 sj@chosunbiz.com]chosunbiz.com   ]",['쿠팡 새벽배송 신세계다~~ 파한단부터 우유~~ 가격도 싸고 마트갈 이유가 읍다 얼마나 편한데 아침7시에 문열면 와있다'],http://www.kyeonggi.com/news/articleView.html?idxno=2041591,https://n.news.naver.com/mnews/article/366/0000425812?sid=101
2019.01.07.,매일경제,,"[돈되는 금융상품] 롯데카드, 실적 없어도 할인 `아임 원더풀 카드`",,,http://news.mk.co.kr/newsRead.php?year=2019&no=58543,http://www.mk.co.kr/
2019.01.02.,이코노믹리뷰,경제,"깨끗한나라 보솜이, 출시 기념 이벤트 실시","[     [그래픽 = 김승한 기자] SK텔레콤이 2018년 4분기도 부진한 성적표를 받았다. 선택약정할인 할인율 상향과 8대 고객가치혁신 활동이 영향을 미쳤다.SK텔레콤은 2018년 연간 매출 16조8740억원, 영업이익 1조2018억원, 순이익 3조1320억원의 실적을 기록했다고 31일 밝혔다. 매출과 영업이익 전년 동기 대비 각각 3.7%와 21.8% 줄었지만 순이익은 SK하이닉스 역대 최고 실적에 따른 지분법 이익으로 17.9% 증가했다.2018년 4분기 매출액과 영업이익은 각각 4조3517억원과 2253억원이다. 매출액은 전기대비 4.0% 올랐지만 전년 동기 대비 3.2% 하락했다. 영업이익은 전기대비 25.9% 전년 동기 대비 27.4% 감소했다.SK브로드밴드는 연간 매출 3조2537억원, 영업이익 1756억원으로 사상 최대 실적을 기록했다. 미디어 사업은 양적, 질적 성장을 동시에 이뤄냈다. IPTV 가입자는 전년 대비 약 10% 증가한 473만명을 기록했으며, 프리미엄 서비스인 UHD 가입 비중은 4분기에 처음으로 전체 가입자의 50%를 넘어섰다.ADT캡스 실적은 4분기에 처음으로 반영됐다. ADT캡스는 4분기 매출 2008억원, 영업이익 286억원을 달성했다. ADT캡스의 사업 성과는 올해부터 SK텔레콤의 연간 실적에 크게 기여할 전망이다.SK텔레콤은 지난해 요금추천, 로밍, 멤버십, T플랜 등 8대 고객가치혁신 활동을 통해 고객 신뢰 회복에 힘썼다. 이에 따라 휴대폰 가입자는 연간 18만5000명 순증했으며, 역대 최저 연간 해지율 1.22%(MVNO 제외 기준 0.99%)를 달성했다. 또한, 전 산업 분야를 통틀어 3대 고객 만족도 조사(KCSI, NCSI, KS-SQI) 최장 기간 연속 1위라는 쾌거도 이뤄냈다.지난해 7월말 출시한 'T플랜'은 고객에게 '가족간 데이터 공유'라는 새로운 요금제 패러다임을 제시하며, 12월말 기준 누적 가입자 약 440만명을 달성했다. 만 24세 이하 고객을 위해 지난해 8월 선보인 '0플랜'도 12월말 기준 가입자 50만명을 돌파했다.SK텔레콤은 올해 5G 서비스를 본격 전개하고 미디어, 보안, 커머스 중심의 New ICT 사업을 강화해 실적을 견인할 예정이다.5G 서비스는 5G 스마트폰 출시에 맞춰 수도권 및 주요도시를 중심으로 확대될 예정이다. SK텔레콤은 AI 기반 네트워크 운용 기술과 세계 최고 수준의 양자암호 기술을 바탕으로 안전하고 차별화된 5G 네트워크 품질을 제공할 방침이다.MNO 사업은 지난해에 이어 차별화된 변화·혁신 프로그램을 꾸준히 선보여 고객 신뢰를 더욱 공고히 하고, 이를 기반으로 올해 하반기부터 매출을 다시 상승 추세로 전환시킨다는 계획이다.미디어 사업은 옥수수와 푹(POOQ)을 통합해 경쟁력 있는 글로벌 OTT 플랫폼으로 육성하고, 미국 최대 규모 지상파 방송사 싱클레어社와 손잡고 미국 차세대 방송 솔루션 시장에 진출함으로써 올 한해 외연 확대에 나선다.보안 사업은 지난해 ADT캡스-NSOK 합병과 SK인포섹 인수가 마무리 됨에 따라 물리보안에서 정보보안까지 통합 서비스 체계를 구축하게 됐다. SK텔레콤은 올해 Home, 주차장 등에 신규 보안 서비스를 제공할 예정이다.커머스 사업은 지난해 11번가의 5000억원 투자 유치 성과로 내실 있는 사업 성장을 위한 토대를 마련했다. 11번가는 AI/Data 기반 서비스를 고객에게 제공함으로써 올해 손익분기점 달성을 목표로 하고 있다.윤풍영 SK텔레콤 Corporate센터장은 ""지난해 New ICT 사업 포트폴리오를 성공적으로 재편함으로써 MNO, 미디어, 보안, 커머스 4대 사업의 기본 틀을 갖췄다""며 ""올 한해 압도적인 5G 서비스 경쟁력을 바탕으로 New ICT 사업의 성장판을 여는데 최선을 다할 것""이라고 밝혔다.[디지털뉴스국 김승한 기자]▶매경 뉴스레터 '매콤달콤'을 지금 구독하세요▶뉴스 이상의 무궁무진한 프리미엄 읽을거리[ⓒ 매일경제 &amp; mk.co.kr, 무단전재 및 재배포 금지]   ]",[],http://www.econovill.com/news/articleView.html?idxno=355544,https://n.news.naver.com/mnews/article/009/0004298066?sid=101
2019.01.29.,인벤,,"화려한 ARGB와 뛰어난 확장성, 'MSI MPG 궁니르 100' 케이스 출시",,,http://www.inven.co.kr/webzine/news/?news=214558&site=msi,http://it.chosun.com/
2019.01.14.,세계비즈,,이커머스 유료멤버십 경쟁 '치열'…각사 특징은?,,,http://www.segyefn.com/newsView/20190130003206?OutUrl=naver,http://www.inews24.com/
2019.01.10.,PC사랑,경제,"제이씨현시스템, 유디아 240Hz 게이밍 모니터 새해맞이 특가이벤트 진행","[    [아이뉴스24 장유미, 윤지혜기자] ◆농심, '십장생' 디자인 백산수 선봬농심 백산수가 새해를 맞아 '늘 건강한 2019년 되세요'라는 문구와 함께 '십장생(十長生)' 디자인을 입힌 백산수를 출시했다.새로운 백산수 패키지에는 건강한 한 해를 기원하는 마음이 담겨있다. 농심은 오래 산다고 알려진 열 가지 물상 '십장생(十長生, 돌·영지버섯·구름·학·거북·대나무·사슴·해·물·소나무)'을 현대적인 일러스트로 세련되게 그린 8가지 디자인을 선보였다.새 옷을 입은 백산수는 2월 말까지 한정 판매될 예정이다. 농심은 본인의 사진과 자신만의 새해 인사 메시지가 인쇄된 백산수 라벨 스티커를 만들어주는 이벤트도 진행한다. 이벤트에 대한 자세한 내용은 백산수 홈페이지를 참고하면 된다.◆서울우유, '레드페퍼 구워구워치즈' 출시서울우유협동조합이 구워 먹는 독특한 조리법이 특징인 '구워구워치즈' 시리즈의 야심작 '레드페퍼 구워구워치즈'를 출시했다.    이번에 선보인 '레드페퍼 구워구워치즈'는 국산치즈 패밀리 브랜드인 '서울우유 목장나들이'의 라인업 제품으로 1A등급 국산원유만을 사용해 만든 프리미엄 자연치즈다. 우유의 깊고 진한 맛과 더불어 매콤한 레드페퍼가 치즈 안에 쏙쏙 박혀 있어 치즈의 고소함과 매운 맛이 조화를 이룬다.◆일동후디스, '카카오닙스차 마시기 프로젝트' 진행일동후디스가 새해를 맞이해 '카카오닙스차 마시기 프로젝트'를 진행한다.'카카오닙스차 마시기 프로젝트'는 새해를 맞아 다이어트를 시작하는 소비자들을 응원하기 위해 기획됐다. 2일부터 22일까지 3주간 카카오닙스차를 매일 마신 뒤 총 21병의 공병을 찍어 #카카오닙스차, #다이어트시작 등의 지정 해시태그와 함께 인스타그램에 올리면 된다. 이 때 일상에서 매일 즐기는 카카오닙스차 사진을 추가적으로 올리면 당첨 확률이 올라간다.일동후디스는 추첨을 통해 총 25명에게 에어팟, 트레이닝복 세트, 에어프라이기 등 푸짐한 상품을 제공할 예정이다. 자세한 내용은 일동후디스 홈페이지에서 확인할 수 있다.◆TGI 프라이데이스, 신년 맞아 메뉴 대폭 리뉴얼TGI 프라이데이스가 2019년을 맞아 전체 메뉴의 약 25%를 리뉴얼했다. 소비자 니즈를 반영해 씨푸드 메뉴를 대폭 강화하고 기존 베스트셀러 메뉴를 업그레이드한 점이 특징이다.TGI 프라이데이스는 이번 리뉴얼을 통해 비프, 치킨 메뉴뿐만 아니라 씨푸드 메뉴 강화로 다양하고 풍성한 메뉴 라인업을 갖췄다. 이번 메뉴 리뉴얼은 2016년 10월 이후 2년 4개월만이다.    대표 신 메뉴로는 비프 및 치킨 퀘사디아에 씨푸드를 접목시킨 '쉬림프 퀘사디아'와 '상하이 치킨 샐러드', '케이준 쉬림프 &amp; 치킨 파스타'다. 또 기존 베스트셀러인 '케이준 후라이드 샐러드'와 '콤보 화이타' 등은 고객 취향에 맞게 업그레이드됐다.◆11번가, 워너원 공식 콘서트 굿즈 22종 단독 판매11번가는 아이돌 그룹 워너원의 2019년 콘서트 'Therefore'의 공식 굿즈를 단독 예약판매한다.이번 워너원 굿즈는 11번가 외에 오는 24~27일 고척 스카이돔에서 열리는 콘서트 현장에서만 구매할 수 있다. 해외 팬들은 '글로벌11번가'에서 영문과 중문으로 콘서트 굿즈를 구매 가능하다.종합 디자인 회사 로운컴퍼니가 제작과 판매를 맡았으며 상품 배송은 21일부터 일괄 진행된다. 결제 시 현장수령을 선택하면 원하는 콘서트 날짜에 상품을 현장 수령할 수 있다.◆애경산업, 핀란드산 원료 담은 치약 '스몰란드' 론칭애경산업은 북유럽 자연주의 오럴케어 브랜드 '스몰란드'를 선보였다. 북유럽 청정지역에서 자란 소나무가지껍질추출물 등 자연 유래 성분을 함유한 치약 브랜드로, 치아 표면의 치태를 제거하고 충치, 잇몸질환 등 다양한 구강고민을 덜어준다.    스몰란드 치약은 타르 색소, 동물성 원료, 벤조페논, 페녹시에탄올 등 우려되는 10가지 성분을 배제했다. 또 인공감미료인 사카린 대신 자연에서 얻은 스테비오사이드, 에리스리톨과 핀란드 자작나무에서 유래한 자일리톨을 함유했다.애경산업은 핀란드 원료사 '핀그리디언트'와 양해각서를 맺고 핀란드산 소나무가지껍질추출물을 함유했다. 설페이트계면활성제를 사용하지 않아 구강 자극을 줄여 양치 후 주스를 마셔도 본래의 맛 그대로 느낄 수 있다.◆다이소X배달의민족 신년 프로모션 진행아성다이소가 2019년 새해를 맞아 배달의민족과 함께 프로모션을 진행한다.다이소는 전국 매장에서 1만원 이상 구매하는 소비자들에게 배달의민족 최대 1만원 할인쿠폰을 증정한다. 배달의민족 기존 고객이라면 1천원, 3천원, 5천원, 1만원 쿠폰을 랜덤으로 받을 수 있으며, 신규 고객이라면 첫 결제 시 4천원 할인을 받을 수 있다.1만원 이상 구매한 다이소 영수증 하단에 출력된 쿠폰번호를 배달의민족 어플주문 및 결제 시 입력하면 할인 혜택이 적용된다. 이번 프로모션은 새해 첫날인 1월 1일부터 31일까지 한 달 내내 진행되고, 마트, 슈퍼, 복합몰 등 입점매장은 이벤트에서 제외된다.장유미기자 sweet@inews24.com, 윤지혜기자 jie@inews24.com▶네이버 채널에서 '아이뉴스24'를 구독해주세요.▶아이뉴스TV에서 부동산 고수를 만나보세요.[ⓒ 아이뉴스24 무단전재 및 재배포 금지] ]",[],http://www.ilovepc.co.kr/news/articleView.html?idxno=21233,https://n.news.naver.com/mnews/article/031/0000477165?sid=101
2019.01.17.,서울경제,,"과열되는 유통업계 배송 경쟁···""지속 서비스 어려울 것"" 주장도",,,http://www.sedaily.com/NewsView/1VE69ULKH5,http://news.itimes.co.kr
2019.01.17.,내외경제tv,,"LG전자 외장형ODD GP62NS60 실버, GP62NB60 블랙, GP62NW60 화이트 출시",,,http://www.nbntv.co.kr/news/articleView.html?idxno=192245,http://www.it-b.co.kr
2019.01.15.,뉴스웨이,,[컨콜]SKT “무선매출 역성장 불가피…하반기 반등 모색”(종합),,,http://www.newsway.co.kr/news/view?tp=1&ud=2019013117221582086,http://www.ajunews.com
2019-01-30 11:01:41,시민일보,,"경기농식품유통진흥원, 청년농부 2기 모집",,,http://www.siminilbo.co.kr/news/articleView.html?idxno=602196,http://www.jndn.com
2019-01-31 10:20:05,이코노미톡뉴스,,"거버, 온라인 전용 선물 패키지 출시",,,http://www.economytalk.kr/news/articleView.html?idxno=178742,http://sports.donga.com/
2019-01-02 16:54:47,파이낸셜뉴스,경제,"구글, 신형 크롬캐스트 출시","[     쿠팡·G마켓·11번가 등 일제히 기획전G9, ‘설 선물 발굴단’ 프로모션 진행대세로 자리 잡은 e커머스가 설 선물 시장까지 주도할까. 쿠팡과 이베이 등 e커머스 기업들이 일제히 설선물 기획전을 마련했다.쿠팡은 ‘2019 설날 기획전’(사진)을 2월7일까지 진행한다. 정육, 과일, 가전 등 다양한 카테고리의 상품을 제안하고, 연휴 기간 여행을 떠나는 소비자들을 위한 여행 상품도 준비했다. 바쁜 일정으로 선물을 미처 마련하지 못한 고객들을 위해 1만원부터 최대 30만원까지의 기프트카드도 준비했다. 19일까지는 설 선물세트를 최대 30% 할인가로 만나볼 수 있는 이벤트 페이지도 운영한다.이베이코리아가 운영하는 쇼핑 플랫폼들도 설 선물 판매 경쟁에 나섰다. G마켓은 31일까지 ‘2019 설 혜택’ 기획전을 열고, 선물세트 및 준비용품을 최대 70% 할인 판매한다. 1만원대 이하 ‘실속형 선물세트’ 비중을 약 15% 늘렸다. 옥션도 31일까지 ‘설 명절을 준비하기 딱 좋은 날’ 프로모션을 진행한다. 설 선물과 차례음식, 연휴 기간 여행상품들을 키워드별로 추천하고, 최대 69% 할인가에 판매한다. 쿠폰 등 다양한 혜택도 제공한다. 큐레이션 쇼핑 서비스 G9는 30일까지 ‘설 선물 발굴단’ 프로모션을 진행한다. 신선식품을 포함해 전 상품 무료배송과 해외직구 상품을 제외한 모든 상품에 대해 무료 반품 서비스를 제공한다.11번가는 30일까지 ‘완벽한 설날’ 프로모션을 실시한다. 최대 52% 할인한 가성비 좋은 설 선물세트 3000여개를 준비했다. 총 3번의 중복할인을 받을 수 있는 ‘세배 딜’, 지역생산자·브랜드사와 협업한 ‘실속형 선물세트’, 원하는 상품을 빠르고 편리하게 구매할 수 있도록 돕는 ‘상품 추천·큐레이션’이 특징이다.김명근 기자 dionys@donga.com▶ 연예현장 진짜 이야기  / 후방주의! 스타들의 아찔한 순간▶ 나의 아이돌을 픽♥ 해주세요. / 이번 주는 누가 1위?- Copyrights ⓒ 스포츠동아(http://sports.donga.com) 무단 전재 및 재배포 금지 -   ]",[],http://www.fnnews.com/news/201901221117020917,https://n.news.naver.com/mnews/article/382/0000703399?sid=101
2019-01-17 05:46:21,한국경제TV언론사 선정,,바뀌는 명절 트렌드…설에도 '나혼자 논다',,,http://news.wowtv.co.kr/NewsCenter/News/Read?articleId=A201901280536&t=NNv,http://www.newsworks.co.kr/
7면 1단,조세일보,,"올웨이즈블루, 농축수산물 회원전용 쇼핑몰 오픈",,,http://www.joseilbo.com/news/news_read.php?uid=369438&class=17&grp=,http://www.dt.co.kr/
2019.01.31.,케이벤치,경제,"LG전자, 외장형ODD 화이트, 블랙, 실버 출시","[     새벽 배송과 간편 결제 등 '편의 기능' 도입 효과로 지난해 온라인 매출이 15.9% 늘어났다.30일 산업통상자원부에 따르면 주요 유통업체 매출이 전년 대비 6.8% 증가한 가운데, 온라인 유통업체 매출이(15.9%)이 오프라인(1.9%)에 비해 큰 폭의 성장세를 나타냈다.이에 따라 전체 유통업체 매출에서 오프라인이 차지한 비중은 62.1%, 온라인 37.9%로 온라인 비중이 2.9%포인트 높아졌다. 간편결제 등 신기술을 활용한 쇼핑 편의성 개선 등의 효과로 온라인판매(19.2%)와 온라인판매중개(14.7%) 매출이 모두 늘어났다. 온라인판매업체는 이마트, 신세계, AK몰, 홈플러스, 갤러리아몰, 롯데닷컴, 롯데마트몰, 위메프,티몬 등 9개사이며, 온라인판매중개는 이베이코리아(G마켓·옥션),11번가, 인터파크, 쿠팡 등 4개사다.온라인판매는 새벽 배송 등 신선식품의 배송경쟁력을 강화한 식품부문(25.6%)을 중심으로 모든 상품군 매출이 증가했다. 온라인판매중개도 모바일 쇼핑의 확산 경향에 맞추어 상품추천· 간편결제 등 편리성을 높인 영향으로 매출 성장세가 지속됐다.오프라인 유통업체 중에서는 편의점(8.5%), SSM(2.0%), 백화점(1.3%)의 매출이 늘어났다. 편의점은 점포 수 증가와 소비 트렌드 변화에 대응한 특화상품 판매 등 적극적인 마케팅으로 전체 매출을 8.5% 늘렸다. 대형마트 매출은 2.3% 감소했다. 대형 마트는 온라인·전문점 성장에 따른 시장 잠식으로 식품군(0.7%)과 가전부문(0.7%)을 제외한 모든 상품군 매출이 감소했다.  예진수선임기자 jinye@                                                                                                                                                                                                                                                                                                                                                                                                                                                                                                           디지털타임스 홈페이지 바로가기 / 디지털타임스 뉴스 더보기네이버 채널에서 '디지털타임스'를 구독해주세요. ]","['', '노동자 관점 없이 매출 얘기만.. 택배 기사님들 수수료는 더 받고 있는지 업무에 무리가 가진 않는지 걱정되던데..', '새벽배송 편하긴 한데, 택배기사혹사시키고..일회용포장지가 너무 많아서,안시켜요.ㅠ 환경오염ㅠ']",http://kbench.com/?q=node/195770,https://n.news.naver.com/mnews/article/029/0002506125?sid=101
2019.01.15.,아이뉴스24언론사 선정,,"""아이폰 때문에…"", 이통3사 4분기 실적 '암울'",,,http://www.inews24.com/view/1153890,http://daily.hankooki.com
2019.01.16.,서울경제,,입고싶은 옷 사진 올리니...AI가 찾아주네,,,http://www.sedaily.com/NewsView/1VE7P9OIYN,http://www.newsworks.co.kr/
2019.01.15.,국민일보,,"이커머스, 역직구 시장 공략 본격화",,,http://news.kmib.co.kr/article/view.asp?arcid=0924055332&code=11151400&cp=nv,http://www.kihoilbo.co.kr/
2019.01.16.,머니S,,"표류하는 '제로페이', 성공할 수 있을까",,,http://moneys.mt.co.kr/news/mwView.php?no=2019012313438024843,http://www.thisisgame.com
2019.01.12.,아시아경제언론사 선정,,29만원짜리 맞춤 한복 입는 '콩이'…반려견 한복 불티나,,,http://view.asiae.co.kr/news/view.htm?idxno=2019012409503750585,http://www.jeollailbo.com
2019.01.14.,EBN,,"통신사, 은근슬쩍 멤버십 혜택 줄이기 관행 여전",,,http://www.ebn.co.kr/news/view/970703,http://www.sisajournal-e.com
2019.01.02.,노컷뉴스,,"스마트TV로 변신…구글, 새 크롬캐스트 출시",,,http://www.nocutnews.co.kr/news/5093314,http://www.goodkyung.com/
2019.01.14.,뉴데일리,,제로페이 출범 한 달… 소비자 편의성 개선 급선무,,,http://biz.newdaily.co.kr/site/data/html/2019/01/24/2019012400170.html,http://www.sportsworldi.com
2019-01-30 14:23:22,경향신문,,"케뱅페이, 잔액 없어도 500만원까지 결제","[      [스포츠월드=전경우 기자] 워너원(Wanna One)의 2019년 콘서트 ‘Therefore’의 공식 콘서트 굿즈를 예약판매가 시작됐다. 워너원의 2019년 콘서트 ‘Therefore’는 오는 24일부터 27일까지 4일간 고척 스카이돔에서 열린다.    11번가에서 2일 오후 2시부터 판매하는 워너원 공식 콘서트 굿즈 22종은 공식 응원봉과 파우치, 머플러, 와펜/배지 세트, 명찰, 엽서, 티셔츠, 키링 등이다. 워너원 리멤버세트(11만원, 배지 16개, 인화사진, 삽지, 패키지케이스)는 예약 판매를 통해서만 구매 가능하다.    kwjun@sportsworldi.com  ]",[],http://news.khan.co.kr/kh_news/khan_art_view.html?artid=201901212116005&code=930201,https://n.news.naver.com/mnews/article/396/0000499542?sid=106
2019-01-02 09:54:00,뉴시스,,"카카오페이·KT 등 15개사, 제로페이 본사업 참여 결정(종합)",,,http://www.newsis.com/view/?id=NISX20190121_0000536102&cID=13001&pID=13000,http://www.electimes.com
2019.01.02.,베타뉴스,,"한화손보, SKT·현대차와 인터넷보험 설립…새로운 보험 시장 개척",,,http://www.betanews.net:8080/article/967017.html,http://www.sportsworldi.com
2019.01.14.,매일일보,,짝퉁·불법 판매 온상 오픈마켓…책임은 나 몰라라?,"[      [스포츠월드=전경우 기자] 워너원(Wanna One)의 2019년 콘서트 ‘Therefore’의 공식 콘서트 굿즈를 예약판매가 시작됐다. 워너원의 2019년 콘서트 ‘Therefore’는 오는 24일부터 27일까지 4일간 고척 스카이돔에서 열린다.    11번가에서 2일 오후 2시부터 판매하는 워너원 공식 콘서트 굿즈 22종은 공식 응원봉과 파우치, 머플러, 와펜/배지 세트, 명찰, 엽서, 티셔츠, 키링 등이다. 워너원 리멤버세트(11만원, 배지 16개, 인화사진, 삽지, 패키지케이스)는 예약 판매를 통해서만 구매 가능하다.    kwjun@sportsworldi.com  ]",[],http://www.m-i.kr/news/articleView.html?idxno=492271,https://n.news.naver.com/mnews/article/396/0000499542?sid=106
A23면 1단,머니S,,"롯데네슬레코리아, 황금돼지의 해 …2019년도 네스카페와 함께 하세요!",,,http://moneys.mt.co.kr/news/mwView.php?no=2019012621388099380,http://www.electimes.com
2019.01.15.,디지털타임스,,"독일 프리미엄 주방가전 CASO(까소), 2구 인덕션 출시",,,http://www.dt.co.kr/contents.html?article_no=2019012902109923813004&ref=naver,http://www.mk.co.kr/
2019.01.31.,매일경제,경제,뮤지컬 `라이온 킹` 4월 11일 부산 공연 개막,"[    해외 배송대행 서비스 강자인 코리아센터가 유통업계 인수·합병(M&amp;A) 시장에서 주목받고 있다. 11번가와의 전략적 제휴와 지분 인수, 카카오와의 합병 추진과 함께 중국 현지 기업과 합작법인 신설에도 나섰다.2일 투자은행(IB) 업계에 따르면 코리아센터는 중국 유통기업과 해외직구 사업 합작사 설립을 위한 계약을 진행 중인 것으로 알려졌다. 해당 법인은 중국산 상품에 대한 국내 직구 수요는 물론 중국 현지의 해외직구 수요 주도권 확보에 나설 것으로 보인다. 코리아센터는 중국 산둥성에 해외직구 사업 전용 2만평 규모 물류센터 구축도 추진 중이다. 지난해 5월에는 상하이에 약 420평 규모 물류센터를 개소한 바 있다. 한 유통업계 관계자는 ""중국 사업의 가장 큰 변수인 중국 정부 측에서 적극적으로 사업 유치에 나서며 코리아센터와의 협상을 진행 중인 것으로 알고 있다""고 말했다.코리아센터는 해외직구 서비스업계 1위인 '몰테일'을 운영하고 있다. 지난해까지 해외 7개 지역에 물류센터를 세워 직구 시장을 섭렵한 상태다. 올해에는 9개 권역으로 확장해 역직구 시장 진출에 적극 나선다는 계획이다. 코리아센터는 2017년 연결 기준 매출 1331억원, 영업이익 63억원을 기록했다. 코리아센터의 기업가치는 5500억원 수준으로 추산된다.글로벌 사업 강화를 추진 중인 11번가 역시 지난달 코리아센터와 전략적 제휴를 통해 중국 등 해외 진출에 나설 것으로 보인다. 해외직구 사업에서 비교적 취약하다는 평가를 받았던 11번가는 이번 제휴 이후 해외 역직구 서비스 강화에 나설 것으로 보인다. 제휴와 함께 11번가는 코리아센터 지분 5%를 275억원에 취득했다. 카카오와의 협업과 합병 역시 진행 중이다. 지난해 9월 카카오는 e커머스와 방송 콘텐츠 분야 강화를 위해 코리아센터 측에 인수를 제안한 바 있다. 일부 업계에서는 카카오와 코리아센터의 합병이 사실상 무산됐다는 관측도 나온 바 있으나 코리아센터 측은 여전히 카카오의 제안을 다각도로 검토 중인 것으로 알려졌다. 한 IB업계 관계자는 ""지난달 카카오 본사로부터 분사한 카카오커머스가 합병에 앞서 내부 결속 다지기에 힘을 쏟고 있는 것으로 보인다""며 ""코리아센터와의 합병은 여전히 현재진행형""이라고 말했다. [박재영 기자]▶매경 뉴스레터 '매콤달콤'을 지금 구독하세요▶뉴스 이상의 무궁무진한 프리미엄 읽을거리[ⓒ 매일경제 &amp; mk.co.kr, 무단전재 및 재배포 금지]   ]",[],http://star.mk.co.kr/new/view.php?mc=ST&year=2019&no=44793,https://n.news.naver.com/mnews/article/009/0004281929?sid=101
2019.01.11.,부산일보,,"롯데네슬레코리아, 네스카페 설날 선물세트 출시",,,http://www.busan.com/view/busan/view.php?code=2019012517235870414,https://mksports.co.kr/
2019.01.07.,조선비즈,,풀HD급 영상 재생 가능한 구글 크롬캐스트 신제품 국내 정식 출시,"[               [매경닷컴 MK스포츠 김나영 기자] ‘언더나인틴’이 4차 투표를 시작했다. 오는 19일 오후 8시까지 11번가 공식 홈페이지 및 모바일 어플을 통해 ‘언더나인틴’ 예비돌들의 생존과 탈락을 결정짓는 4차 투표가 진행된다.투표는 아이디(ID) 당 매일 오전과 오후 하루 두 번 가능하며, 특히 4차부터 하루 3명의 예비돌에게 투표를 할 수 있다.    ‘언더나인틴’ 예비돌들이 매회 크리에이티브함과 눈부신 성장으로 매력을 뽐내고 있는 만큼, 4차 투표를 향한 서포터즈들의 관심이 뜨겁다. 4차 투표 결과를 반영한 예비돌들의 탈락자 발표는 26일 공개된다. 매주 토요일 오후 6시 25분 방송되는 ‘언더나인틴’은 다이나믹 듀오와 슈퍼주니어 은혁, 크러쉬, EXID 솔지 등과 예비돌들이 함께하는 ‘디렉터 콜라보 미션’을 예고하고 있다. mkculture@mkculture.com▶ 아이돌 B컷 사진 모음전▶ 클릭 핫! 뉴스[ⓒ MK스포츠 &amp; sports.mk.co.kr, 무단전재 및 재배포 금지]    ]",[],http://biz.chosun.com/site/data/html_dir/2019/01/22/2019012200773.html,https://n.news.naver.com/mnews/article/410/0000548470?sid=106
2019.01.09.,비즈한국,,KKday 한국법인 대표가 털어논 '액티비티 앱' 시장 성공 조건,,,http://www.bizhankook.com/article/17092,http://it.chosun.com/
2019.01.16.,머니투데이,,15% 성능 빨라진 新크롬캐스트 韓 출시…출고가 5만4900원,,,http://news.mt.co.kr/mtview.php?no=2019012209355271438,http://www.xportsnews.com
2019.01.30.,비즈한국,경제,KKday 한국법인 대표가 털어논 '액티비티 앱' 시장 성공 조건,"[     [엑스포츠뉴스 김지연 기자] ㈜썬엔터테인먼트(대표 조윤수)는 인기아이돌 그룹인 엑소의 카드지갑 패키지를 11번가, 인터파크, 옥션, 지마켓 등에서 1월 11일(금)부터 예약 판매를 진행하며 2월 20일(수)에 출시 될 예정이라고 11일 밝혔다.엑소 카드지갑 패키지 상품은 정규 5집 앨범인 ‘DON'T MESS UP MY TEMPO’의 아트웍으로 고급스럽게 디자인된 폴더형 카드 지갑, 개인정보 보호 및 카드 중복인식 방지를 위한 차폐 기능, 화려한 크리스탈 큐브과 메탈 키링, 내구성과 실용성을 겸비한 스테인레스 거울, 미공개 사진으로 제작된 교통카드로 구성되어 있으며 프리미엄 한정판으로 제작되었다.엑소는 정규 1집부터 5집까지 정규 앨범 5장 연속 밀리언셀러를 기록하며 퀸터플 밀리언셀러에 등극함은 물론, 국내 누적 음반판매량 1,000만장을 돌파해 뜨거운 인기를 입증한 바 있다.제작 및 유통을 담당한 ㈜썬엔터테인먼트의 서희동 실장은 “ 엑소가 만들어낸 전무후무한 기록들은 글로벌 시장에서의 케이팝의 무한한 성장 가능성을 보여준 것” 이라며, “ 매년 성장해 나가는 케이팝 시장에 발맞추어 아이돌 굿즈도 고급화된 모습을 보여줄 것” 이라고 밝혔다. ▶ 아이돌 팬이라면... [엑스포츠뉴스 네이버TV] ▶ 연예계 핫이슈 모음 [이슈퀸] - Copyrightsⓒ엑스포츠뉴스(http://www.xportsnews.com) 무단 전재 및 재배포 금지 ]","['이거 수익 멤버들한테 가나?안가는거면 안살래!', 'EXO kings', 'I want that', '', '', '고급스럽긴하다 근데 콘서트공지는 언제 내줄거야 팬클럽은??']",http://www.bizhankook.com/article/17092,https://n.news.naver.com/mnews/article/311/0000942688?sid=101
2019-01-02 09:54:00,서울와이어,,"달라진 설 풍경… 번거로운 상차림, 클릭 한번에 '뚝딱'",,,http://www.seoulwire.com/news/articleView.html?idxno=56902,http://www.digitaltoday.co.kr/
2019-01-02 17:34:04,비즈트리뷴,,"깨끗한나라 보솜이, '베이비케어 밴드&팬티' 포토 이벤트 진행",,,http://biztribune.co.kr/news/view.php?no=94895,https://zdnet.co.kr/
2019-01-15 12:22:00,울산매일신문,IT/과학,'달라진 명절선물'…수입 아보카도·애플망고 등 수입과일 급부상,"[    노트북 구매 후 3개월 이내 가입 가능, 출장 방문 서비스 제공(지디넷코리아=권봉석 기자)에이수스코리아가 기존 1년인 노트북 보증기간을 최대 3년까지 연장하는 프리미엄 케어 서비스를 국내 런칭한다.이 서비스는 에이수스 노트북 제품에 적용된다. G마켓, 11번가 등 오픈마켓을 포함한 전국 온/오프라인 판매처에서 ASUS 노트북을 구매한 후 3개월 이내에 에이수스 온라인 스토어에서 가입이 가능하다.    에이수스가 노트북 보증 연장 프로그램, 프리미엄 케어를 국내 시장에 런칭한다. (사진=에이수스)프리미엄 케어 상품은 젠북, 비보북 등 일반용 노트북 전 제품을 대상으로 하는 ‘일반모델 전용’과 기본 보증 기간이 1년인 TUF, ROG ‘게이밍 모델 전용’, 기본 보증 기간이 2년인 ‘ROG 모델 전용’으로 구분되었다.각 상품은 보증 기간 추가, 출장 방문 서비스 및 센터 방문 서비스 기간 추가 등으로 구성되어 있으며 선택 옵션에 따라 출장 방문 수리 서비스도 제공된다.에이수스는 오는 1월 20일부터 2월 10일까지 에이수스 온라인 스토어에서 젠북, 비보북, 게이밍 노트북 등을 구입한 소비자를 대상으로 프리미엄 케어 가격을 20% 할인한다.권봉석 기자(bskwon@zdnet.co.kr)  ▶ 네이버 채널에서 ‘지디넷코리아’를 구독해주세요  ]",[],http://www.iusm.co.kr/news/articleView.html?idxno=833944,https://n.news.naver.com/mnews/article/092/0002154082?sid=105
2019-01-11 11:01:15,뉴스1,,"메디톡스, 숙취해소 유산균 제품 '칸의 아침' 출시",,,http://news1.kr/articles/?3529437,http://www.jjn.co.kr/
2019-01-09 09:44:40,스포츠서울,,방탄소년단(BTS) 정국 한마디에 '다우니 어도러블' 품절,,,http://www.sportsseoul.com/news/read/722775,https://www.yna.co.kr/
2019-01-30 10:27:52,인사이트,IT/과학,"술자리 '대세템' 상쾌환, 한정판 설 선물세트 출시","[    (서울=연합뉴스) 최현석 기자 = SK텔레콤은 기해년 새 학기를 맞아 다음달 1일부터 초등학생, 중고생, 대학생 고객을 대상으로 다양한 맞춤 혜택을 제공한다고 30일 밝혔다.     만 12세 이하 초등학생은 다음달 1일부터 3월 말까지 신규약정, 재약정 시 '쿠키즈 요금제' 3종에 가입하면 3개월간 통신 요금을 50% 할인받을 수 있다. 선택약정할인 등 중복 할인도 가능하다. 쿠키즈 요금제는 초등학생 고객의 이용 패턴에 적합한 만 12세 이하 전용 요금제다.    SK텔레콤은 초등학생에게 인기가 높은 마블(MARVEL) 디자인이 적용된 '미니폰 마블_블랙'(출고가 25만3000원)도 2월 1일 출시한다. 위치 알림, 마블 테마 화면, 미세먼지 예보 앱 등 초등학생과 학부모에게 유용한 기능을 두루 탑재했다.    타 연령층 대비 데이터 수요가 많은 중고생은 '영한동' 웹사이트에서 별도 신청하면 다양한 데이터 혜택을 받을 수 있다.     SK텔레콤을 이용하는 모든 중고생은 3월 4일부터 15일까지 진행되는 '0틴위크' 이벤트를 통해 데이터 2GB를 무료로 받을 수 있다.    모두의마블, 2018프로야구 등 21개 앱을 데이터 차감 없이 쓰는 '데이터슈퍼패스', 데이터가 부족할 때 친구 3명이 모여 추가로 데이터 신청이 가능한 '데이터SOS' 혜택도 준다.    대학생은 영한동 웹사이트에서 '0캠퍼스'에 가입하면 다음달 8일부터 3월 31일까지 애플 맥북, LG그램 등 최신 노트북을 저렴하게 구매할 수 있다. 0캠퍼스에 가입한 대학생은 캠퍼스 전용 데이터 최대 3GB와 클라우드 최대 300GB를 무료로 받고, 월 6천900원(부가세 별도)인 FLO 음악 무제한 듣기 상품을 1천500원에 이용할 수 있다.    T멤버십을 이용 중인 학생, 학부모 고객은 설 연휴가 겹치는 다음달 4일부터 8일까지 T 데이(Day)의 파격적인 할인 혜택을 누릴 수 있다. T 데이는 빕스 40% 할인, 11번가 새 학기 이벤트 상품 최대 22% 할인, 롯데월드 종합이용권 55% 할인 등으로 구성됐다.     2월에는 설 연휴 이후에도 ▲ 13일 Most앱, T맵택시 할인 ▲ 20일 메가박스, T맵택시 할인 ▲ 27일 스타벅스, T맵택시 할인이 예정돼 있다.    SK텔레콤은 ""새 학기 시즌인 2~3월에는 초등~대학생의 통신 서비스 수요가 평월 대비 약 2배 늘어난다""며 ""이통사의 요금, 데이터, 제휴 혜택에 대한 관심도 여느 때보다 높다""고 설명했다.    [SKT 제공]    harrison@yna.co.kr▶연합뉴스 채널 구독하고 스타벅스 커피 드세요▶뭐 하고 놀까? #흥  ▶쇼미더뉴스! 오늘 많이 본 뉴스영상  ]",[],https://www.insight.co.kr/news/206710,https://n.news.naver.com/mnews/article/001/0010610033?sid=105
2019.01.30.,이코노믹리뷰,,"[아! 이 금융상품]롯데카드, 실적 없어도 할인 '아임 원더풀 카드' 출시",,,http://www.econovill.com/news/articleView.html?idxno=355656,https://www.yna.co.kr/
2019.01.15.,매일경제,IT/과학,`언더나인틴` 파이널 방송 120분 특별 편성,"[    (서울=연합뉴스) 최현석 기자 = SK텔레콤은 기해년 새 학기를 맞아 다음달 1일부터 초등학생, 중고생, 대학생 고객을 대상으로 다양한 맞춤 혜택을 제공한다고 30일 밝혔다.     만 12세 이하 초등학생은 다음달 1일부터 3월 말까지 신규약정, 재약정 시 '쿠키즈 요금제' 3종에 가입하면 3개월간 통신 요금을 50% 할인받을 수 있다. 선택약정할인 등 중복 할인도 가능하다. 쿠키즈 요금제는 초등학생 고객의 이용 패턴에 적합한 만 12세 이하 전용 요금제다.    SK텔레콤은 초등학생에게 인기가 높은 마블(MARVEL) 디자인이 적용된 '미니폰 마블_블랙'(출고가 25만3000원)도 2월 1일 출시한다. 위치 알림, 마블 테마 화면, 미세먼지 예보 앱 등 초등학생과 학부모에게 유용한 기능을 두루 탑재했다.    타 연령층 대비 데이터 수요가 많은 중고생은 '영한동' 웹사이트에서 별도 신청하면 다양한 데이터 혜택을 받을 수 있다.     SK텔레콤을 이용하는 모든 중고생은 3월 4일부터 15일까지 진행되는 '0틴위크' 이벤트를 통해 데이터 2GB를 무료로 받을 수 있다.    모두의마블, 2018프로야구 등 21개 앱을 데이터 차감 없이 쓰는 '데이터슈퍼패스', 데이터가 부족할 때 친구 3명이 모여 추가로 데이터 신청이 가능한 '데이터SOS' 혜택도 준다.    대학생은 영한동 웹사이트에서 '0캠퍼스'에 가입하면 다음달 8일부터 3월 31일까지 애플 맥북, LG그램 등 최신 노트북을 저렴하게 구매할 수 있다. 0캠퍼스에 가입한 대학생은 캠퍼스 전용 데이터 최대 3GB와 클라우드 최대 300GB를 무료로 받고, 월 6천900원(부가세 별도)인 FLO 음악 무제한 듣기 상품을 1천500원에 이용할 수 있다.    T멤버십을 이용 중인 학생, 학부모 고객은 설 연휴가 겹치는 다음달 4일부터 8일까지 T 데이(Day)의 파격적인 할인 혜택을 누릴 수 있다. T 데이는 빕스 40% 할인, 11번가 새 학기 이벤트 상품 최대 22% 할인, 롯데월드 종합이용권 55% 할인 등으로 구성됐다.     2월에는 설 연휴 이후에도 ▲ 13일 Most앱, T맵택시 할인 ▲ 20일 메가박스, T맵택시 할인 ▲ 27일 스타벅스, T맵택시 할인이 예정돼 있다.    SK텔레콤은 ""새 학기 시즌인 2~3월에는 초등~대학생의 통신 서비스 수요가 평월 대비 약 2배 늘어난다""며 ""이통사의 요금, 데이터, 제휴 혜택에 대한 관심도 여느 때보다 높다""고 설명했다.    [SKT 제공]    harrison@yna.co.kr▶연합뉴스 채널 구독하고 스타벅스 커피 드세요▶뭐 하고 놀까? #흥  ▶쇼미더뉴스! 오늘 많이 본 뉴스영상  ]",[],http://star.mk.co.kr/new/view.php?mc=ST&year=2019&no=45695,https://n.news.naver.com/mnews/article/001/0010610033?sid=105
2019.01.31.,월요신문,,"깨끗한나라 보솜이, '베이비케어 밴드&팬티' 출시 기념 포토 이벤트 진행",,,http://www.wolyo.co.kr/news/articleView.html?idxno=76625,http://www.celuvmedia.com/
2019.01.17.,매일경제,,`언더나인틴` 파이널 방송 120분 특별 편성,,,http://star.mk.co.kr/new/view.php?mc=ST&year=2019&no=45695,https://news.mtn.co.kr/
7면 TOP,매일경제,,"위메프, 990원 멤버십 `특가클럽` 출시",,,http://news.mk.co.kr/newsRead.php?year=2019&no=48085,http://www.farminsight.net/
2019.01.16.,기호일보,,"경기농식품유통원, ‘청년 농부’ 2기 오는 2월 18일까지 공모",,,http://www.kihoilbo.co.kr/?mod=news&act=articleView&idxno=789933,http://www.etnews.com
2019.01.18.,데일리한국,IT/과학,"삼양사 큐원 ‘상쾌환’, 설 맞이 선물세트 출시…23% 할인","[     SK텔레콤 로고SK텔레콤이 2019년 5세대(5G) 이동통신과 미디어, 보안, 커머스 등 뉴ICT 사업에서 수익을 창출, 매출을 1조원 이상 늘린다. 산업간 시너지를 극대화하기 위한 지배구조 개편에도 속도를 낼 전망이다.윤풍영 SK텔레콤 코퍼레이트센터장은 31일 “5G를 중심으로 이동통신(MNO), 미디어, 보안, 커머스 등 뉴ICT 대표 기업을 향한 성장 기반을 마련했다”면서 “2019년 연결 매출은 올해보다 1조원 이상, 6% 이상 성장한 18조원을 달성하겠다”고 밝혔다.SK텔레콤은 3월 수도권과 전국 주요시에 스마트폰을 활용한 5G 서비스를 출시한다. 인공지능(AI) 네트워크와 양자암호 기반 보안 성능을 차별화 포인트로 내세웠다. 상용화에 발맞춰 5G 요금제와 단말 라인업도 차질없이 준비한다.윤 센터장은 “5G 상용화와 데이터사용량 증가, 순증가입자 확대 등 힘입어 하반기 실적 상승세 전환(턴어라운드)이 가능할 것”이라고 말했다.다만, SK텔레콤은 5G 설비투자(CAPEX)와 관련해 서비스와 요금형태 등이 명확해져야 확정이 가능하다면서 신중한 입장이다.윤 센터장은 “올해 5G 상용화로 총 CAPEX가 다소 증가할 수 있지만, 투자 수익성을 담보할 수 있는 추가 매출상승 수준을 연계해 투자를 진행하겠다”면서 “5G 투자와 LTE 등 기존 네트워크 투자를 탄력 조정해 합리적 수익을 유지하도록 하겠다”고 방향성을 시사했다.SK텔레콤은 5G를 중심으로 뉴ICT 사업간 시너지를 극대화하겠다는 전략 목표를 제시했다.미디어 사업분야에서 상반기 옥수수 분사와 푹 합병법인 설립을 완료, 가시적 수익 창출이 가능할 것으로 자신했다. 윤 센터장은 “통합법인 출범 이후 외부 투자를 받아 국내 콘텐츠를 강화하고 동남아 중심으로 해외사업을 연내 출시한다”면서 “비즈니스 모델은 기본적으로 넷플릭스와 같은 구독형이 될 것”이라고 설명했다.보안 분야에서는 ADT캡스와 SK텔레콤간 시너지 확대를 위해 T맵과 연계한 주차보안 서비스를 상용화할 계획이다. 11번가 역시 SK텔레콤이 보유한 대부분 유무형 재화를 판매하며 연계를 강화하는 방식으로 성장을 꾀한다.SK텔레콤은 이같은 뉴ICT 사업간 연계를 바탕으로한 지배구조 개편에도 속도를 낼 방침이다.윤 센터장은 “ICT사업 포트폴리오 구축이 완료되는 최적 시점을 고려해 지배구조 개편을 추진하겠다”면서 “다만 현재까지 정확한 시점은 결정된 바는 없다”고 밝혔다.SK텔레콤은 K-IFRS15 기준 2018년 매출 16조8740억원, 영업이익 1조2018억원, 순이익 3조1320억원을 기록했다. 매출과 영업이익은 각각 3.7%, 21.8% 줄었지만 순이익은 SK하이닉스 지분이익 상승에 힘입어 17.9% 늘었다.〈표〉SK텔레콤 2017년·2018년 실적 (단위:억원)    박지성기자 jisung@etnews.com▶ 네이버 모바일에서 [전자신문] 채널 구독하기▶ 전자신문 바로가기 [Copyright ⓒ 전자신문 &amp; 전자신문인터넷, 무단전재 및 재배포 금지] ]","['영업을 저딴식으로 하니\n\n그러지 ㅋㅋ sk가 삼성에 굴복할수 밖에 없는게 바로 이거다 ~\n\n서비스에 신경좀 썻으면 좋겟네 ~~??\n\n돈만 먹을려 하지말고 좀~', 'Sk면 진보정권이랑 손잡고 웹하드 카르텔로 여자 팔아먹은 기업 아닌가?']",http://daily.hankooki.com/lpage/industry/201901/dh20190124115408147990.htm,https://n.news.naver.com/mnews/article/030/0002780696?sid=105
2019.01.30.,일요서울,,"경기농식품유통진흥원, 일자리를 창출하는 '청년농부' 2기 공모",,,http://www.ilyoseoul.co.kr/news/articleView.html?idxno=284702,http://www.jeonmin.co.kr
22면 1단,시민일보,,더욱 강력해진 차이슨 무선청소기 '디베아 Z10 프로' 론칭,,,http://www.siminilbo.co.kr/news/articleView.html?idxno=601925,http://www.nspna.com/
2019.01.08.,디지털데일리언론사 선정,,‘부활 선언’ 스카이… 첫 복귀작은 코드리스 이어폰,,,http://www.ddaily.co.kr/news/article.html?no=177112,http://www.newsis.com
2019-01-30 10:27:52,경인일보,경제,캠프마켓 정화조 부지 상반기 매매계약,"[ 5G·미디어·보안·커머스 등 주요 사업 방향 공유SKT, 파트너사에 컨설팅 제공, 사업화 지원5G 기술 관련 동반성장펀드 확대도 추진    【서울=뉴시스】SK텔레콤이 비즈니스 파트너와 함께 New ICT 사업 추진 방향과 동반성장 계획을 공유하는 ‘New ICT 콜라보데이’를 개최했다고 30일 밝혔다. 사진은 30일 서울 광진구 워커힐 호텔에서 열린 ‘New ICT 콜라보데이’에서 SK텔레콤 윤풍영 코퍼레이트 센터장(맨 앞줄 왼쪽에서 8번째)과 각 사업부 임원,우수 비즈니스 파트너사 대표들이 기념사진 촬영을 하고 있는 모습. (사진/SK텔레콤 제공)  photo@newsis.com【서울=뉴시스】이국현 기자 = SK텔레콤은 비즈니스 파트너와 함께 뉴(New) ICT 사업 추진 방향과 동반 성장 계획을 공유하는 'New ICT 콜라보데이'를 개최했다고 30일 밝혔다.서울 광진구 워커힐 호텔에서 열린 행사에는 ADT캡스, 11번가 등 SK ICT 패밀리사의 각 사업부문 대표 임원과 우수 비즈니스 파트너사 대표 50여명이 참석했다. 이날 SK텔레콤은 뉴 ICT 사업 추진 방향으로 ▲고객 신뢰 회복과 5G 벤치마크(BM) 발굴을 통한 이동통신(MNO) 사업 목표 ▲5G 킬러 콘텐츠 중심의 미디어 사업 로드맵 ▲물리·정보보안에서 양자암호통신을 아우르는 통합 보안 사업 계획 등을 발표했다.비즈니스 파트너와 함께 성장하기 위한 지원 계획도 밝혔다. SK텔레콤은 SK동반성장센터를 파트너사에 오픈하고 파트너사의 경쟁력 향상을 위한 컨설팅과 교육도 강화할 계획이다. 올해는 기존에 있던 동반성장 펀드를 5G 관련 기술을 개발하는 파트너사에 집중 지원할 예정이다. SK텔레콤 패밀리사의 파트너사에게도 자금 지원 기회가 확대된다.앞서 SK텔레콤은 동반성장위원회가 주관하는 '동반성장지수 평가'에서 최근 6년 연속 최우수 등급을 받은 바 있다.lgh@newsis.com▶ 네이버에서 뉴시스 채널 구독하기▶ 뉴시스 빅데이터 MSI 주가시세표 바로가기 &lt;저작권자ⓒ 공감언론 뉴시스통신사. 무단전재-재배포 금지.&gt; ]",[],http://www.kyeongin.com/main/view.php?key=20190127010009928,https://n.news.naver.com/mnews/article/003/0009040222?sid=101
2019-01-31 13:01:09,디지털타임스,,"구글, 크롬캐스트 신버전 국내 출시… 속도 15%↑",,,http://www.dt.co.kr/contents.html?article_no=2019012202109931033001&ref=naver,http://www.fnnews.com/
2019-01-30 15:16:48,디지털타임스,경제,"구글, 크롬캐스트 신버전 국내 출시… 속도 15%↑","[   온라인쇼핑에도 '설 마케팅' 전쟁이 본격 점화됐다.7일 유통가에 따르면 11번가는 오는 13일까지 설 연휴를 앞두고 사전특가 행사인 '설 마중' 기획전을 연다. 사전판매에서는 한정특가 상품을 단 일주일 동안 매일 5개씩 선보인다. 한정특가 상품 전용 '더블할인'(상품별 11%~20% 할인쿠폰+T멤버십할인) 혜택까지 받으면 더욱 저렴한 가격에 구매 가능하다. 또 매년 설 시즌마다 고객들이 많이 검색하고 찾은 상품 데이터를 기반으로 'HOT 키워드' 8개(한우, 건강식품, 한복, 과일, 스팸(햄), 샴푸·바디·치약, 화장품, 주방가전)를 선정해 각 키워드별 대표상품을 최대 50% 저렴한 가격에 선보인다.CJ ENM오쇼핑부문이 운영하는 온라인쇼핑몰인 CJmall도 오는 31일까지 '2019 설 풍성한 혜택' 기획전을 연다. '모바일 선물하기' 서비스를 운영하는 등 다양한 고객 편의 서비스도 강화한다.G마켓도 오는 13일까지 2019 신년 프로젝트로 '2019 새해선물은 G마켓에서' 프로모션을 열고, 최대 12% 할인쿠폰을 제공한다. 또 빅데이터를 통해 선정한 새해 선물 키워드를 제공해 쇼핑 편의성을 높였다.설 여행상품도 풍성하다. 옥션은 '미리 만나는 설 프로모션'을 오는 13일까지 진행하고 설 연휴 동안 즐길 수 있는 인기 여행지를 최대 12% 할인가에 선보인다. 11번가도 국내숙박, 해외여행, 각종 놀거리 티켓 등을 최대 15% 할인가에 판매한다.fnkhy@fnnews.com 김호연 기자     ▶ 세상의 모든 골 때리는 이야기 'fn파스'▶ 속보이는 연예뉴스 fn스타  ※ 저작권자 ⓒ 파이낸셜뉴스. 무단 전재-재배포 금지   ]",[],http://www.dt.co.kr/contents.html?article_no=2019012202109931033001&ref=naver,https://n.news.naver.com/mnews/article/014/0004156248?sid=101
2019-01-07 17:47:58,이투데이,,"비데 사용 늘자 화장지 업체 '먹구름'...모나리자, 적자 전환",,,http://www.etoday.co.kr/news/section/newsview.php?idxno=1715942,http://www.marketnews.co.kr/
2019.01.18.,아이뉴스24,,"카카오페이, 제로페이 본 사업 참여",,,http://www.inews24.com/view/1152673,http://www.nspna.com/
2019.01.30.,경향신문,,"SKT·현대차 고객 ‘빅데이터’ 활용…한화손보, 인터넷전문보험사 도전",,,http://news.khan.co.kr/kh_news/khan_art_view.html?artid=201901282120015&code=920501,http://www.newsis.com
22면 1단,조세일보,경제,"롯데네슬레코리아, '네스카페' 설날 선물세트 출시","[ 5G·미디어·보안·커머스 등 주요 사업 방향 공유SKT, 파트너사에 컨설팅 제공, 사업화 지원5G 기술 관련 동반성장펀드 확대도 추진    【서울=뉴시스】SK텔레콤이 비즈니스 파트너와 함께 New ICT 사업 추진 방향과 동반성장 계획을 공유하는 ‘New ICT 콜라보데이’를 개최했다고 30일 밝혔다. 사진은 30일 서울 광진구 워커힐 호텔에서 열린 ‘New ICT 콜라보데이’에서 SK텔레콤 윤풍영 코퍼레이트 센터장(맨 앞줄 왼쪽에서 8번째)과 각 사업부 임원,우수 비즈니스 파트너사 대표들이 기념사진 촬영을 하고 있는 모습. (사진/SK텔레콤 제공)  photo@newsis.com【서울=뉴시스】이국현 기자 = SK텔레콤은 비즈니스 파트너와 함께 뉴(New) ICT 사업 추진 방향과 동반 성장 계획을 공유하는 'New ICT 콜라보데이'를 개최했다고 30일 밝혔다.서울 광진구 워커힐 호텔에서 열린 행사에는 ADT캡스, 11번가 등 SK ICT 패밀리사의 각 사업부문 대표 임원과 우수 비즈니스 파트너사 대표 50여명이 참석했다. 이날 SK텔레콤은 뉴 ICT 사업 추진 방향으로 ▲고객 신뢰 회복과 5G 벤치마크(BM) 발굴을 통한 이동통신(MNO) 사업 목표 ▲5G 킬러 콘텐츠 중심의 미디어 사업 로드맵 ▲물리·정보보안에서 양자암호통신을 아우르는 통합 보안 사업 계획 등을 발표했다.비즈니스 파트너와 함께 성장하기 위한 지원 계획도 밝혔다. SK텔레콤은 SK동반성장센터를 파트너사에 오픈하고 파트너사의 경쟁력 향상을 위한 컨설팅과 교육도 강화할 계획이다. 올해는 기존에 있던 동반성장 펀드를 5G 관련 기술을 개발하는 파트너사에 집중 지원할 예정이다. SK텔레콤 패밀리사의 파트너사에게도 자금 지원 기회가 확대된다.앞서 SK텔레콤은 동반성장위원회가 주관하는 '동반성장지수 평가'에서 최근 6년 연속 최우수 등급을 받은 바 있다.lgh@newsis.com▶ 네이버에서 뉴시스 채널 구독하기▶ 뉴시스 빅데이터 MSI 주가시세표 바로가기 &lt;저작권자ⓒ 공감언론 뉴시스통신사. 무단전재-재배포 금지.&gt; ]",[],http://www.joseilbo.com/news/news_read.php?uid=369335&class=17&grp=,https://n.news.naver.com/mnews/article/003/0009040222?sid=101
2019.01.08.,이데일리,,"경기도, 취약계층 온라인 마케터 선발",,,http://www.edaily.co.kr/news/newspath.asp?newsid=03972086622360016,http://www.fnnews.com/
2019.01.16.,서울경제,경제,카카오페이 합류...제로페이 흥행부진 씻나,"[   온라인쇼핑에도 '설 마케팅' 전쟁이 본격 점화됐다.7일 유통가에 따르면 11번가는 오는 13일까지 설 연휴를 앞두고 사전특가 행사인 '설 마중' 기획전을 연다. 사전판매에서는 한정특가 상품을 단 일주일 동안 매일 5개씩 선보인다. 한정특가 상품 전용 '더블할인'(상품별 11%~20% 할인쿠폰+T멤버십할인) 혜택까지 받으면 더욱 저렴한 가격에 구매 가능하다. 또 매년 설 시즌마다 고객들이 많이 검색하고 찾은 상품 데이터를 기반으로 'HOT 키워드' 8개(한우, 건강식품, 한복, 과일, 스팸(햄), 샴푸·바디·치약, 화장품, 주방가전)를 선정해 각 키워드별 대표상품을 최대 50% 저렴한 가격에 선보인다.CJ ENM오쇼핑부문이 운영하는 온라인쇼핑몰인 CJmall도 오는 31일까지 '2019 설 풍성한 혜택' 기획전을 연다. '모바일 선물하기' 서비스를 운영하는 등 다양한 고객 편의 서비스도 강화한다.G마켓도 오는 13일까지 2019 신년 프로젝트로 '2019 새해선물은 G마켓에서' 프로모션을 열고, 최대 12% 할인쿠폰을 제공한다. 또 빅데이터를 통해 선정한 새해 선물 키워드를 제공해 쇼핑 편의성을 높였다.설 여행상품도 풍성하다. 옥션은 '미리 만나는 설 프로모션'을 오는 13일까지 진행하고 설 연휴 동안 즐길 수 있는 인기 여행지를 최대 12% 할인가에 선보인다. 11번가도 국내숙박, 해외여행, 각종 놀거리 티켓 등을 최대 15% 할인가에 판매한다.fnkhy@fnnews.com 김호연 기자     ▶ 세상의 모든 골 때리는 이야기 'fn파스'▶ 속보이는 연예뉴스 fn스타  ※ 저작권자 ⓒ 파이낸셜뉴스. 무단 전재-재배포 금지   ]",[],http://www.sedaily.com/NewsView/1VE4HNJEL0,https://n.news.naver.com/mnews/article/014/0004156248?sid=101
2019.01.31.,부산일보,,"브리타 코리아, 신제품 '마렐라 XL 블루' 출시",,,http://www.busan.com/view/busan/view.php?code=2019012415370897744,http://www.marketnews.co.kr/
13면 1단,연합뉴스,,구글 '3세대 크롬캐스트' 출시…신세계아이앤씨 단독 판매(종합),,,http://yna.kr/AKR20190122034551017?did=1195m,http://www.domin.co.kr
2019.01.31.,아시아경제,,뮤지컬 라이온킹 부산 공연 29일부터 예매 시작,,,http://view.asiae.co.kr/news/view.htm?idxno=2019012210133432412,http://www.newsis.com
2019.01.30.,서울경제,경제,카카오페이 합류...제로페이 흥행부진 씻나,"[ SK텔레콤 '2018 실적 발표' 후 콘퍼런스 콜 ""중간배당, SK하이닉스 배당과 연계 검토"" ""통합 OTT, 상반기 내 출범 계획...연내 해외 진출"" ""통합 OTT, 넷플릭스와 같은 구독 베이스 VOD""    【서울=뉴시스】이국현 기자 = SK텔레콤은 31일 ""이동전화 매출은 요금 인하 영향이 지속돼 2019년에는 역성장이 불가피할 것으로 예상된다""고 밝혔다. 다만 하반기에는 턴어라운드가 가능할 것으로 전망했다. 특히 SK텔레콤은 올해 미디어와 보안, 커머스 등 뉴(NEW) ICT 사업을 중심으로 성장세를 이어가며 지난해보다 1조원 많은 18조원의 매출액을 기록할 것으로 기대했다. 윤풍영 SK텔레콤 코퍼레이트 센터장(CFO)은 이날 '2018년 실적 발표' 이후 진행된 콘퍼런스 콜을 통해 ""하반기부터 가입자당 평균매출(ARPU) 증대를 통해 매출이 반전될 것으로 판단한다""며 ""시장 안정화가 지속되면 마케팅 비용이 절감되고, 설비투자비(CAPEX)의 탄력적인 조정을 통해 추가적인 비용 절감이 가능할 것으로 보고 있다""고 밝혔다. SK텔레콤은 올해 매출액은 전년 대비 6%, 규모로는 1조원 상향된 18조원으로 잡았다. 5G 서비스를 본격 전개하고 미디어, 보안, 커머스 중심의 뉴 ICT 사업을 강화해 실적을 견인한다는 계획이다 .다만 SK텔레콤은 올해 5G 설비투자액(CAPEX)은 5G 요금과 단말기 라인업 등이 확정된 후 공개할 예정이다. 윤 센터장은 ""5G 망 구축 등을 위해 설비투자액이 증가할 수 있으나 추가적으로 매출 창출 수준과 투자 수준을 연계할 방침""이라며 ""5G 상용화와 시장 선도에 부족함이 없도록 고객 수요를 면밀히 따져 투자하겠다. LTE 등 기존 네트워크 설비 투자비를 탄력적으로 조정해 합리적 수준을 정하겠다""고 말했다. ◇""중간배당, SK하이닉스 배당과 연계 검토"" SK텔레콤은 중간배당을 SK하이닉스 배당과 연계하는 등 배당금 산정 기준 변경도 검토키로 했다. 구체적인 방안은 이사회 결정 후 공개할 예정이다. 2018 회계연도 배당금은 이미 지급된 중간배당금 1000원을 포함해 1만원으로 유지하는 안을 결산 이사회에서 결의했다. 윤 센터장은 ""SK하이닉스에서 오는 배당을 일정 부분 당사 배당과 연계하는 것을 긍정적으로 고려한다는 입장은 변함이 없다""며 ""기말 배당은 기존 무선(MNO) 사업 수익과 연계해 9000원을 유지하고, 중간배당은 SK하이닉스 등 자회사 배당 수익을 일정 부분 연계해 기존 중간배당 대비 업 사이드를 제공하는 방안을 고민하고 있다""고 밝혔다. 그는 또 ""올해 별도 재무제표를 기준으로 주당 1만원 기준의 배당 성향은 76%다. 하이닉스 배당 규모와 연계할 예정이므로 배당 성향은 이보다 낮은 것으로 예상된다""며 ""별도 기준 배당 성향이 100% 넘는 시나리오는 발생하지 않을 것으로 본다""고 덧붙였다. ◇옥수수+푹 통합법인 상반기 출범..연내 해외 진출 SK브로드밴드의 '옥수수'와 지상파의 '푹(POOQ)' 통합법인은 상반기 내에 출범할 것으로 관측된다. 구체적인 통합 구조는 양측의 협의를 거쳐 조만간 확정할 예정이다. 지난 1월 SK브로드밴드는 '옥수수'와 지상파 방송 3사의 '푹(POOQ)'의 통합 OTT 서비스 협력에 대한 양해각서를 체결했다. 그는 ""통합법인 출범 이후 외부 투자자의 펀딩을 받을 예정이며 국내 콘텐츠를 강화하고 동남아 중심의 해외 사업도 연내에 출시할 계획을 갖고 있다""며 ""수익모델과 관련해서는 논의가 진행 중인 상황이다. 넷플릭스와 같은 서브스크립션(구독) 베이스의 VOD 형태가 될 예정이다""고 덧붙였다. 한편 SK텔레콤은 지배구조 개편에 대해선 ICT 포트폴리오 구축이 완료되는 최적의 시점을 고려해 추진키로 했다.윤 센터장은 ""지난해에는 커머스, 보안 사업 영역에서 11번가 구조개편과 투자 유치, ADT캡스, NSOK 합병에 이어 SK인포섹 인수를 통해 자생 가능한 성장 기반을 마련했고, 올해는 미디어 사업의 가치를 높이는 사업 마련을 검토하고 있다""며 ""방송 3사와 MOU 이후 이후 상반기 가시적인성과 나올 것으로 기대하고 있다""고 말했다. lgh@newsis.comlgh@newsis.com▶ 네이버에서 뉴시스 채널 구독하기▶ 뉴시스 빅데이터 MSI 주가시세표 바로가기 &lt;저작권자ⓒ 공감언론 뉴시스통신사. 무단전재-재배포 금지.&gt; ]",[],http://www.sedaily.com/NewsView/1VE4HNJEL0,https://n.news.naver.com/mnews/article/003/0009043797?sid=101
2019.01.14.,뉴스1,,"구글, AI스피커와 연동되는 '크롬캐스트' 시판",,,http://news1.kr/articles/?3530249,https://www.asiae.co.kr/
2019-01-30 15:16:48,부산일보,IT/과학,"브리타 코리아, 신제품 '마렐라 XL 블루' 출시","[     [아시아경제 황준호 기자] SK텔레콤이 지난 한 해간 선택약정의 파고를 넘지 못하고 영업이익이 20% 넘게 감소했다. 그래도 5G 시대 킬러콘텐츠가 될 미디어와 보안 사업이 선전하면서 실적 쇼크를 막았다.SK텔레콤은 지난해 연결기준 매출액 16조8740억원, 영업이익 1조2018억원을 달성했다고 31일 밝혔다. 각각 전년 대비 3.7%, 21.8% 줄었다. 지난해 선택약정할인 가입자 증가에 따라 실적이 감소했다.무선사업의 부진함은 미디어가 만회했다. SK브로드밴드는 연간 매출 3조2537억원, 영업이익 1756억원을 기록했다. 사상 최대치다. IPTV 가입자도 전년 대비 약 10% 증가한 473만명을 기록했다. 프리미엄 서비스인 UHD 가입 비중은 4분기에 처음으로 전체 가입자의 50%를 넘어섰다.보안사업체인 ADT캡스 실적은 4분기에 처음으로 반영됐다. ADT캡스는 4분기 매출 2008억원, 영업이익 286억원을 달성했다. SK텔레콤 측은 올해 물리보안 시장의 리딩 컴퍼니로의 도약할 계획이라고 했다. 또 안전·케어·융합보안 등 물리보안을 넘어선 사업 영역 확장 추진 중이라고 밝혔다.11번가의 매출도 늘었다. 4분기간 '십일절' 프로모션 등을 통해 전분기 대비 9% 증가한 1763억원의 매출액을 달성했다. 영업손실도 전년 대비 862억원 개선된 678억원의 손실을 기록했다.연간 순이익은 SK하이닉스의 역대 최고 실적에 따른 지분법 이익 영향으로 전년 대비 17.9% 상승한 3조1320억원을 기록했다. 4분기 매출은 4조3517억원을 달성했다. 전 분기 대비 3.9% 증가했다. 영업이익은 전분기 대비 25.9% 축소된 2253억원으로 나타났다. 가입자당 매출액(ARPU)도 전분기 3만2070원에서 3만1328원으로 줄었다.    SK텔레콤은 정책적 영향에 따라 무선수익이 줄었지만 지난해 8대 고객가치혁신에 따라 감소폭은 안정화 추세에 접어들었다고 밝혔다. 휴대폰 가입자는 연간 18만5000명 순증했다. 해지율도 0%대에 진입했다. 해지율은 1.22%를 기록했는데 알뜰폰 해지를 제외하면 0.99%를 기록했다. 가족간 데이터 공유 트렌드를 만들어낸 T플랜 가입자도 누적 400만명을 달성했으며, 1020요금제 0플랜도 50만 가입자를 확보했다.SK텔레콤은 올해 5G 서비스를 본격 전개하면서 미디어, 보안, 커머스 중심의 '뉴 ICT 사업'을 강화해 실적 확보에 나선다. 5G서비스는 AI 네트워크 운용 기술과 양자암호기술을 바탕으로 차별화된 서비스를 제공한다. 무선사업은 올해도 고객가치혁신 프로그램을 가동할 계획이다.미디어 사업은 옥수수와 푹(POOQ)을 통합해 경쟁력 있는 글로벌 OTT 플랫폼으로 육성한다. 미국 최대 규모 지상파 방송사 싱클레어와 손잡고 미국 차세대 방송 솔루션 시장에도 진출한다. 보안 사업은 지난해 ADT캡스-NSOK 합병과 SK인포섹 인수가 마무리되면서 올해 가정, 주차장 등에 신규 보안 서비스 상품을 선보인다. 커머스 사업은 지난해 11번가의 5000억원 투자 유치를 바탕으로 인공지능과 데이터를 기반한 서비스를 제공한다.윤풍영SK텔레콤 Corporate센터장은 ""'뉴 ICT' 사업 포트폴리오를 성공적으로 재편하면서 무선, 미디어, 보안, 커머스 등 4대사업의 기본 틀을 갖추게 됐다""며 ""올 한해도 5G서비스 경쟁력을 바탕으로 '뉴 ICT' 사업의 성장판을 열 것""이라고 말했다.    황준호 기자 rephwang@asiae.co.kr▶ 네이버 홈에서 '아시아경제' 뉴스 확인하기▶ 재미와 신기 '과학을읽다' ▶ 꿀잼 '인기만화'&lt;ⓒ경제를 보는 눈, 세계를 보는 창 아시아경제 무단전재 배포금지&gt;   ]",[],http://www.busan.com/view/busan/view.php?code=2019012415370897744,https://n.news.naver.com/mnews/article/277/0004405124?sid=105
2019-01-07 17:47:58,연합뉴스,,구글 '3세대 크롬캐스트' 출시…신세계아이앤씨 단독 판매(종합),,,http://yna.kr/AKR20190122034551017?did=1195m,http://www.newspim.com
2019-01-31 17:53:40,아시아경제,,뮤지컬 라이온킹 부산 공연 29일부터 예매 시작,,,http://view.asiae.co.kr/news/view.htm?idxno=2019012210133432412,http://news1.kr/
2019-01-31 10:42:51,이투데이,경제,경쟁사면 어때…유통업계 ‘적과의 동침’ 확산,"[ 지난해 유통업체 매출 126조원 전년대비 6.8%↑    © News1 최수아 디자이너(세종=뉴스1) 한종수 기자 = 지난해 온라인유통 매출이 크게 성장했지만 대형마트와 백화점같은 오프라인 매출은 저조한 흐름을 보였다. 다만 편의점은 소비트렌드 변화에 발 빠르게 대응하면서 비교적 좋은 성장세를 나타냈다. 30일 산업통상자원부에 따르면 2018년 국내 유통업체 전체 매출은 126조4000억원으로 전년 대비 6.8% 늘었다. 이 중에 오프라인 매출은 1.9%, 온라인 매출은 15.9% 각각 늘었다.오프라인 업태별로 대형마트는 전년보다 2.3% 매출이 줄면서 마이너스 성장을 나타냈고, 백화점은 전년 대비 1.3% 상승에 그쳤다. 온라인 유통 성장에 따른 시장 잠식 등이 좋지 않은 영향을 미친 것으로 풀이된다. 대신 기업형수퍼마켓(SSM) 매출은 1인 가구 확산에 맞춰 간편식 비중을 늘리면서 전년 대비 2.0% 상승했다. 특히 편의점 매출은 소비트렌드 변화에 따른 특화상품 판매 등 적극적인 마케팅으로 8.5% 올랐다.온라인은 업태별로 온라인판매 매출이 신선식품 새벽배송 인기 등에 힘입어 전년보다 19.2% 늘었고, 온라인판매중개 역시 모바일 쇼핑 확산 경향에 맞춘 간편결제 편리성 제고 영향으로 12.9% 성장했다. 온라인판매는 이마트·신세계·AK몰·홈플러스·갤러리아몰·롯데닷컴·롯데마트몰·위메프·티몬 등 9개사를 포함하며, 온라인판매중개는 이베이코리아(G마켓·옥션)·11번가·인터파크·쿠팡 등 4개 오픈마켓 매출을 합한 것이다. 한편 지난해 12월 월간 매출은 11조3400억원으로 전년 동기대비 5.1% 증가했다. 이 중에 오프라인은 전년 동기 대비 0.1% 소폭 감소하는 흐름을 보인 반면 온라인은 14.3% 늘었다.jepoo@news1.kr▶ [ 크립토허브 ]  [ 터닝포인트 2019 ] ▶ 네이버 메인에서 [뉴스1] 구독하기![© 뉴스1코리아(news1.kr), 무단 전재 및 재배포 금지] ]",[],http://www.etoday.co.kr/news/section/newsview.php?idxno=1708127,https://n.news.naver.com/mnews/article/421/0003811446?sid=101
2019-01-30 11:00:00,메트로신문,,"롯데네슬레코리아, 네스카페 설날 선물세트 출시",,,http://www.metroseoul.co.kr/news/newsview?newscd=2019012500064,http://www.seoulwire.com
2019.01.14.,디지털타임스,,"올웨이즈블루, 멀티비타민 `NK365` 특가 이벤트",,,http://www.dt.co.kr/contents.html?article_no=2019012802109919807010&ref=naver,http://www.seoulwire.com
2019.01.31.,브릿지경제,,"삼양사 큐원 ‘상쾌환’, 설 맞이 선물세트 출시",,,http://www.viva100.com/main/view.php?key=20190124010007567,http://www.sisafocus.co.kr
2019.01.11.,소비자가 만드는 신문,,"온라인몰서 구입한 의류, 광고와 실물 달라도 너무 달라",,,http://www.consumernews.co.kr/?mod=news&act=articleView&idxno=529758,http://www.thegolftimes.co.kr
2019.01.30.,소비자가 만드는 신문,,"온라인몰서 구입한 의류, 광고와 실물 달라도 너무 달라",,,http://www.consumernews.co.kr/?mod=news&act=articleView&idxno=529758,http://news1.kr/
25면 1단,스포츠서울,IT/과학,뮤지컬 '라이온킹' 인터내셔널 투어 부산에서 대미 장식,"[     SK텔레콤이 파트너사들과 함께 한 자리. (자료사진) 2017.12.12/뉴스1(서울=뉴스1) 김일창 기자 = SK텔레콤이 협력사와 상생 차원에서 SK동반성장센터를 파트너사에 개방한다.SK텔레콤은 30일 서울 광진구 워커힐호텔에서 협력사와 함께하는 '뉴(New) ICT 콜라보데이'를 개최하고 이같은 내용의 ICT 사업추진 방향과 동반성장 계획을 밝혔다.뉴ICT 사업추진 방향에는 Δ고객 신뢰회복과 5세대(5G) 사업모델 발굴을 통한 이동통신(MNO) 사업 Δ5G 킬러 콘텐츠 중심의 미디어 사업 로드맵 Δ물리·정보보안에서 양자암호통신까지 아우르는 통합보안 사업계획 등을 담았다.올해는 특히 동반성장 펀드를 5G 관련 기술을 개발하는 협력사에 집중 지원할 예정이다. ADT캡스와 11번가 등 SK텔레콤 계열사의 협력사에게도 자금지원 기회가 확대된다.SK텔레콤은 올해부터 협력사와 사회가치를 창출할만한 협업사업도 발굴할 예정이다. 행사에 참석한 SK텔레콤의 5G 단말 검증 파트너사 이맹훈 와이드넷엔지니어링 대표는 ""SK텔레콤이 이끌어갈 뉴ICT 로드맵을 보며 파트너사로서 자부심을 느낄 수 있었던 자리였다""라며 ""SK텔레콤과 5G 기술을 통해 우리 사회를 바꾸는 기술을 구현할 것""이라고 밝혔다.ickim@news1.kr▶ [ 크립토허브 ]  [ 터닝포인트 2019 ] ▶ 네이버 메인에서 [뉴스1] 구독하기![© 뉴스1코리아(news1.kr), 무단 전재 및 재배포 금지] ]",[],http://www.sportsseoul.com/news/read/722809,https://n.news.naver.com/mnews/article/421/0003811337?sid=105
2019.01.10.,아주경제,,"심플리쿡, 설 명절용 상차림 메뉴 출시",,,http://www.ajunews.com/view/20190123081020934,http://www.kmib.co.kr/
2019.01.30.,EBN,생활/문화,"삼양사 ‘상쾌환’, 설 맞이 선물세트 출시","[ 유통업계, 한상차림 세트 속속 내놔… 1인 가구 위한 즐길거리·도시락도    소갈비찜, 소고기뭇국, 나물 세트 등으로 구성된 ‘라운드키친7 상차림세트 1호’. 롯데백화점은 설 상차림 부담을 줄이기 위해 ‘한상차림’ 선물세트를 선보인다. 롯데백화점 제공유통업계가 설을 맞아 1인 가구와 3~4인 가구를 겨냥한 다양한 상품과 기획전을 선보이고 있다. 휴식을 위해 명절에 고향에 가지 않거나 명절 상차림은 간소하게 하고 가족 및 친척 등과 간단히 한 끼 해결하려는 사람이 점점 늘면서 명절 문화가 변하고 있기 때문이다. 롯데백화점은 명절 상차림 부담을 줄이기 위해 ‘한상차림’ 선물세트를 선보인다고 31일 밝혔다. 전과 나물과 갈비, 김치류 등 9가지 품목으로 구성했다. 직접 설 상차림을 준비할 때보다 가격이 약 20% 이상 저렴하다는 것이 롯데백화점 측 설명이다. GS리테일이 운영하는 ‘심플리쿡’은 설 손님맞이용 상차림 메뉴 4종을 출시했다고 31일 밝혔다. 떡만두국, 취나물과 도라지나물 등을 담아 만든 삼색나물, 궁중버섯불고기, 소고기버섯잡채 등은 GS리테일 모바일 쇼핑몰 ‘GS fresh’, 편의점 GS25 어플리케이션 ‘나만의 냉장고’ 등에서 구입할 수 있다.  신세계푸드는 다음달 1일부터 8일까지 자사가 운영하는 ‘올반’ ‘데블스도어’ ‘자니로켓’ ‘보노보노’ 등을 이용할 경우 신세계 푸딩플러스 포인트를 2배 적립해주는 이벤트를 진행한다. 설 연휴 동안 외식 수요가 증가할 것으로 보고 고객 선점에 나선 것으로 풀이된다. 이제는 유통업계 큰손으로 자리 잡은 1인 가구를 위한 기획전과 상품도 풍성하다. 통계청에 따르면 2017년 기준 1인 가구 비중은 28.6%로 가구 유형 중 비중이 가장 높았다. 11번가는 다음달 6일까지 ‘완벽한 설, 즐길거리’ 기획전을 열고 편의점 이용권, 외식 상품권, 공연관람권, 전시 이용권, 키즈카페 입장권 등 e쿠폰 50여종도 할인·판매한다. 김주희 11번가 사업운영담당은 “설을 휴가처럼 보내려는 이들이 늘고 있어 이런 추세를 반영한 상품들을 내놨다”고 설명했다. BGF리테일이 운영하는 편의점 CU는 ‘횡성한우 불고기 도시락’을, GS25는 다음달 14일까지 한정 판매하는 ‘유어스 설 한상 차림 도시락’을 각각 선보이며 고향에 가지 않는 1인 가구 잡기에 한창이다. CU에 따르면 설과 추석 등 명절 연휴기간 도시락 매출은 2017~2018년 각각 26.4%, 32.9% 신장한 것으로 조사됐다.손재호 기자 sayho@kmib.co.kr[네이버 메인에서 채널 구독하기][취향저격 뉴스는 여기] [의뢰하세요 취재대행소 왱]GoodNews paper ⓒ 국민일보(www.kmib.co.kr), 무단전재 및 재배포금지 ]",['제발좀사먹자 ㅋ'],http://www.ebn.co.kr/news/view/970136,https://n.news.naver.com/mnews/article/005/0001169843?sid=103
2019.01.31.,전자신문언론사 선정,,"제로페이, 후불결제 서비스 탑재 유력...마이너스 통장 처럼 결제",,,http://www.etnews.com/20190122000285,http://www.topdaily.kr
2019.01.18.,서울경제TV,,"구글, 새로운 크롬캐스트 국내 출시",,,http://www.sentv.co.kr/news/view/547897,http://www.mt.co.kr/
2019.01.31.,세계일보,IT/과학,방탄소년단(BTS) 정국이 사용하는 '다우니 어도러블' 품절이라는데…,"[    [머니투데이 김주현 기자] [초등학생, 쿠키즈 요금제 3종 가입하면 통신요금 50% 할인…미니 마블폰도 출시]    SK텔레콤 홍보모델들이 새 학기를 맞아 다양한 통신 서비스 혜택을 소개하고 있는 모습. SK텔레콤을 이용하는 초등학생은 쿠키즈 요금제 가입 시 요금을 50% 할인 받고 중고생은 데이터 2GB를 무료로 쓸 수 있다. 대학생은 최신 노트북을 저렴하게 구매 가능하다./사진=SK텔레콤SK텔레콤은 새학기를 맞아 다음달 1일부터 초·중·고·대학생 고객을 대상으로 다양한 혜택을 제공한다.   SK텔레콤은 새학기인 2~3월 학생들의 통신 서비스 수요가 평소보다 약 2배 늘어난다고 설명했다. 만 12세 이하 초등학생들은 다음달 1일부터 3월31일까지 신규약정이나 재약정 시 쿠키즈 요금제 3종에 가입하면 3개월 동안 통신 요금을 50% 할인 받을 수 있다. 선택약정할인과 중복 할인도 된다. 쿠키즈 요금제는 △쿠키즈 스마트(월 1만9900원) △쿠키즈 미니(월 1만5400원) △쿠키즈 워치(월 8800원) 등 3종이다. 초등학생 고객의 이용 패턴에 적합한 만 12세 이하 전용 요금제다.SK텔레콤은 초등학생에게 인기가 높은 마블(MARVEL) 디자인이 적용된 '미니폰 마블 블랙(출고가 25만3000원)'도 2월 1일 출시한다. 위치 알림과 마블 테마 화면, 미세먼지 예보 앱 등이 탑재돼있다. 중고생은 '영한동' 웹사이트에서 별도 신청만 하면 다양한 데이터 혜택을 받을 수 있다. SK텔레콤을 이용하는 모든 중고생은 3월 4~15일까지 약 2주간 진행되는 ‘0틴위크’ 이벤트에서 데이터 2GB(기가바이트)를 무료로 받을 수 있다.이외에도 모두의마블, 세븐나이츠, 2018프로야구, 스노우카메라, FLO 등 총21개 앱을 데이터 차감 없이 쓰는 ‘데이터슈퍼패스’와 데이터가 부족할 때 친구 3명이 모여 추가로 데이터 신청이 가능한 ‘데이터SOS’ 혜택도 제공된다.     /사진제공=SK텔레콤대학생은 ‘영한동’ 웹사이트에서 ‘0캠퍼스’에 가입하면 다음달 8일부터 3월31일까지 애플 맥북과 LG그램 등 최신 노트북을 저렴하게 구매할 수 있다. ‘0캠퍼스’에 가입한 대학생은 캠퍼스 전용 데이터 최대 3GB와 클라우드 최대 300GB를 무료로 받고 FLO 음악 무제한 듣기(월 6900원) 상품을 할인 받아 월 1500원에 이용할 수 있다. 아울러 설연휴가 있는 2월4~8일까지 T멤버십 고객들은 T데이 할인 혜택을 누릴 수 있다. T데이에는 △빕스(VIPS) 40% 할인 △11번가 새 학기 이벤트 상품 최대 22% 할인(1만원이내) △롯데월드 종합이용권 55% 할인(본인·동반1인) 등 학생들에게 인기있는 제휴 업체로 구성됐다.2월에는 설 연휴 이후에도 △13일 Most앱, T맵택시 할인 △20일 메가박스, T맵택시 할인 △27일 스타벅스, T맵택시 할인이 예정돼 있다.한명진 SK텔레콤 MNO사업지원그룹장은 “학생과 학부모 고객들이 매년 새 학기마다 이통사의 상품·서비스에 많은 관심을 갖는다""며 ""고객의 힘찬 새출발을 응원하기 위해 다양한 맞춤 혜택을 마련했다""고 말했다. ▶버닝썬 집단폭행 사건, 청원 20만 돌파▶손혜원 목포 부동산 투기논란, 팩트는? ▶뉴스는 머니투데이 김주현 기자 naro@&lt;저작권자 ⓒ '돈이 보이는 리얼타임 뉴스' 머니투데이, 무단전재 및 재배포 금지&gt;  ]",[],http://www.segye.com/content/html/2019/01/21/20190121004797.html?OutUrl=naver,https://n.news.naver.com/mnews/article/008/0004167759?sid=105
2019-01-30 10:21:35,파이낸셜뉴스,,롯데네슬레 '네스카페 설날 선물세트' 출시,,,http://www.fnnews.com/news/201901250942157824,http://www.sportsseoul.com/
2019-01-31 22:03:16,전자신문언론사 선정,IT/과학,[이슈분석]QR코드 전성시대...금융 혁신 대안인가,"[     [스포츠서울 김민규기자]SK텔레콤이 지난해 부진한 성적표를 냈다. 매출과 영업이익 모두 감소한 가운데 특히 영업이익은 전년대비 21.8% 감소한 1조2000억원대를 기록했다. 선택약정할인 가입자 증가 등 가계통신비 인하 정책으로 인한 무선 매출 감소 영향이 컸다.SK텔레콤은 지난해 연간 매출 16조8740억원, 영업이익 1조2018억원을 기록했다고 31일 공시했다. 이는 전년 동기 대비 매출은 3.7%, 영업이익은 21.8% 감소한 수치다. 이에 대해 SK텔레콤 관계자는 “연간 선택약정할인 가입자 증가로 이동통신사업 수익 감소가 불가피했다”며 “멤버십 로밍 등 고객의 요금 부담을 낮추기 위해 매출 손실을 감내하고 시행한 8대 고객가치혁신 활동도 영향을 미쳤다”고 설명했다.다만 같은 기간 당기순이익은 3조1320억원을 달성, 17.9% 증가했다. 이는 SK하이닉스의 역대 최고 실적에 따른 지분법 이익 영향 덕분이다.    SK텔레콤의 2018년 연결 손익계산서 요약과 별도 손익계산서 요약 표.  제공 | SK텔레콤무선사업의 부진은 미디어·보안 사업이 메웠다. SK텔레콤 미디어·보안 사업은 지난해 4분기 매출 4조3517억원으로 전분기보다 3.9% 증가했다. SK브로드밴드는 연간 매출은 3조2537억원, 영업이익 1756억원으로 사상 최대 실적을 기록했다. 인터넷(IP)TV 가입자가 전년보다 10% 증가한 473만명을 기록했고 초고화질(UHD) 상품 가입 비중은 지난해 4분기 처음으로 전체 가입자의 50%를 넘어섰다. 4분기 처음 반영된 ADT캡스는 매출 2008억원, 영업이익 286억원을 달성했다.고객가치혁신 활동의 성과도 있었다. 비록 무선매출은 하락했지만 이동통신가입자는 연간 18만5000명 순증했다. 해지율은 1.22%로 역대 최저를 기록했다.올해 실적도 5G(5세대 이동통신)상용화로 대규모 투자가 예상되는 만큼 녹록치 않을 전망이다. 이에 SK텔레콤은 5G 서비스 전개와 함께 미디어, 보안, 커머스 중심의 뉴 ICT 사업을 강화해 실적을 견인한다는 방침이다.5G 서비스는 5G 스마트폰 출시에 맞춰 수도권 및 주요 도시를 중심으로 확대할 계획이다. 인공지능(AI) 기반 네트워크 운용 기술과 양자암호 기술을 바탕으로 안전하고 차별화된 5G 네트워크 품질 제공에 나선다. 미디어 사업은 옥수수와 푹(POOQ)을 통합해 경쟁력 있는 글로벌 온라인동영상서비스(OTT) 플랫폼으로 육성하고, 보안부문은 물리·정보 보안을 통합해 집·주차장 등에 신규 보안 서비스를 제공할 예정이다. 아울러 커머스 사업은 지난해 11번가의 5000억원 투자 유치 성과로 내실 있는 사업 성장을 위한 토대를 마련함으로써 올해 손익분기점 달성을 목표로 하고 있다.윤풍영 SK텔레콤 코퍼레이트센터장은 “지난해 New ICT 사업 포트폴리오를 성공적으로 재편함으로써 MNO, 미디어, 보안, 커머스 4대 사업의 기본 틀을 갖췄다”며 “올 한해 압도적인 5G 서비스 경쟁력을 바탕으로 New ICT 사업의 성장판을 여는데 최선을 다할 것”이라고 밝혔다.kmg@sportsseoul.com▶스포츠서울 공식 페이스북▶팟캐스트 '스포츠서울 야구 X파일'▶스포츠서울 공식 유튜브 채널[기사제보 news@sportsseoul.com]  Copyright ⓒ 스포츠서울&amp;sportsseoul.com ]",[],http://www.etnews.com/20190122000248,https://n.news.naver.com/mnews/article/468/0000471177?sid=105
2019-01-30 10:31:54,이투데이,,"메디톡스, 유산균 함유 숙취해소제 ‘칸의 아침’ 출시",,,http://www.etoday.co.kr/news/section/newsview.php?idxno=1712977,http://www.inven.co.kr
2019-01-31 14:18:10,파이낸셜뉴스,,"""서둘러야 좋은 자리"" '라이온 킹' 부산 공연 티켓 오픈",[],[],http://www.fnnews.com/news/201901220853531009,https://sports.news.naver.com/news.nhn?oid=442&aid=0000093172
None,세계일보,,방탄소년단(BTS) 정국이 사용하는 '다우니 어도러블' 품절이라는데…,,,http://www.segye.com/content/html/2019/01/21/20190121004797.html?OutUrl=naver,http://news1.kr/
2019-01-31 11:24:41,파이낸셜뉴스,경제,롯데네슬레 '네스카페 설날 선물세트' 출시,"[ ""미니스톱, 日이온그룹이 기회있다고 판단한듯…사이 좋아""""이커머스 인수 가능성 항상 열려있어""    황각규 롯데지주 부회장이 지난 30일 고 이인희 한솔그룹 고문의 빈소를 찾아 조문한 후 삼성서울병원 장례식장을 나서고 있다. .2019.1.30/뉴스1 © News1 이종덕 기자(서울=뉴스1) 박희진 기자 = 황각규 롯데지주 부회장은 31일 ""롯데카드를 매각하면서 우리도 가능하면 전략적 파트너십을 가져가는 쪽으로 생각하고 있다""고 밝혔다. 황 부회장은 &lt;뉴스1&gt;과의 전화통화에서 금융계열사 롯데카드 매각과 관련해 이같은 구상을 갖고 있다고 설명했다. 롯데가 롯데카드 매각 이후 구상을 밝힌 것은 이번이 처음이다. 이는 롯데카드를 매각하더라도 최대 장점인 롯데백화점과 롯데마트 등 충성도 높은 고객 기반을 유지할 수 있도록 하겠다는 뜻으로 읽힌다. 이같은 장치를 미리 마련해 놓지 않는다면 롯데카드의 '몸값'이 떨어질 수 있다는 현실적 판단도 깔려 있는 것으로 풀이된다. 특히 롯데 입장에서도 신용카드가 유통과 시너지가 크기 때문에 매각되더라도 '전략적 제휴' 관계를 유지하는 편이 유리하다.  앞서 롯데그룹은 지난 30일 롯데카드와 롯데손해보험 매각을 위한 예비입찰을 진행했다. 롯데가 매각 조건으로 전략적 제휴를 내건 만큼 예비입찰에 참여한 것으로 알려진 한화그룹·하나금융지주 등 전략적 투자자(SI) 뿐만 아니라 MBK 등 재무적 투자자(FI)도 승산이 있을 것으로 풀이된다.롯데그룹은 2017년 10월 지주회사 체제로 전환하면서 공정거래법상 지주회사가 금융계열사를 소유할 수 없다는 금산분리 원칙에 따라 오는 10월까지 금융계열사를 매각해야하는 상황이다.  황각규 부회장은 최근 급성장하고 있는 간편결제시장 공략에 대해서도 의지를 피력했다. 황 부회장은 ""간편결제는 일종의 생태계""라며 ""생태계 조성에 주력하겠다""고 밝혔다. 롯데는 롯데카드의 경영 노하우를 적용해 간편결제 서비스 '엘페이'를 선보였고 2015년부터는 롯데멤버스를 롯데카드로부터 독립, 외부 제휴사를 늘리며 생태계를 넓혀왔다. 최근 매각이 백지화된 한국미니스톱에 대해서는 ""돈이나 조건을 떠나서 팔아야하나 계속해야 하나를 놓고 고민하다 (대주주측에서) 기회가 있다고 판단한 것 같다""고 풀이했다. 한국미니스톱은 일본 이온그룹 계열사인 일본미니스톱㈜이 대주주다.황 부회장은 ""회사 가치로 1조원을 주겠다고 했으면 얼른 팔자했을 수도 있겠지만 그것도 상대성이 있다""며 ""그렇다고 가격에 대해서 일절 언급이 있었던 것은 아니다""고 말했다. 롯데는 지난해 11월 신세계와 사모펀드가 참여한 본입찰에서 가장 높은 4500억원을 제시, 유력 인수후보로 꼽혔다.  일본 이온그룹이 롯데에 매각하는 것을 기피한게 아니냐는 관측도 일축했다. 황 부회장은 ""세븐일레븐과 함께 일본에서 가장 큰 유통그룹인 이온에 일본 롯데가 식품 등을 공급하는 관계라 서로 왕래가 잦다""며 ""이온과는 옛날부터 사이가 좋다""고 말했다. 향후 다시 매물로 나올 가능성에 대해서는 ""알 수 없다""고 조심스러운 반응을 보였다. 유통 트렌드가 기존 오프라인 매장 중심에서 온라인 중심으로 급격히 변하고 있는 것에 대해서도 ""살아남을 수 있다""고 자신감을 나타냈다. 일부에서는 온라인 시장 급성장으로 오프라인 중심의 롯데 위상이 예전같지 않다는 지적도 나오고 있다. 급성장 중인 이커머스 인수에도 적극적인 입장이다. 황 부회장은 ""인수 가능성은 항상 문이 열려 있다""고 강조했다. 다만 과거 매각설이 돌았던 11번가와의 협상 여부에 대해서는 ""NCND(인정하지도 부인하지도 않는다)는 기조)""라며 말을 아꼈다.하지만 쿠팡, 위메프, 티몬 등 모바일 기반으로 급성장한 1세대 소셜커머스 업체들은 모두 적자 상태라 인수 여건이 녹록치 않다. 롯데그룹이 과감한 M&amp;A 전략으로 덩치를 키웠지만 실익을 따지는 보수적 색채가 강하다. 이 때문에 '돈 먹는 하마'인 이커머스 인수에 롯데가 적극 나서지 않을 것이란 관측도 제기된다. 결국 '오너'인 신동빈 회장의 결단에 달렸다는 분석이다. 황 부회장도 ""쿠팡이 6000억원씩 적자를 내고 있다""며 ""사실 소비자만 좋아지고 있다""고 토로했다. 정작 온라인이 대세인데 '자영업 보호'라는 미명 아래 대형마트를 규제하는 정치논리에 대한 '쓴소리'도 이어졌다. 황 부회장은 ""이커머스를 소비자 관점에서 보듯 모든 관점을 소비자 입장에서 보면 전통시장이 안좋은 것이 롯데마트, 홈플러스 때문이냐""며 ""온라인 때문에 나빠지는 게 아니냐""고 반문했다. 정부가 자영업자 보호를 위해 경쟁력이 떨어지는 오프라인 상권에만 매달릴 것이 아니라 온라인 교육 등 급변하는 시대에 적응할 수 있도록 지원해야 한다는 일자리 전문가들의 지적과 궤를 같이하는 주장이다.2brich@news1.kr▶ [ 크립토허브 ]  [ 터닝포인트 2019 ] ▶ 네이버 메인에서 [뉴스1] 구독하기![© 뉴스1코리아(news1.kr), 무단 전재 및 재배포 금지] ]","['일단 몸값높이려고 말은 저렇게하고, 팔고나면 싹 변하겠지. 파는순간 파는사람ㅡ사는사람에서 가맹점ㅡ카드사 관계로 바뀌는데. 롯데백화점.마트는 자기네에 유리하게 조건제시하는 카드사에 제휴상품 출시하겠지. 그리고 롯데마트는 이미 국민.우리카드에 제휴상품 있는거로 안다. 그리고 한화가 사가면 롯데백화점고객을 현.롯데카드를 매개로 갤러리아로 끌어들일텐데, 롯데가 그걸 바보같이 두고만보며 롯데백화점 제휴카드를 한군데로만 유지하겠음? 신세계는 삼성.씨티.신한 모두 제휴카드있고, 현대.갤러리아도 자체카드에 우리카드 등에 제휴카드 있는데']",http://www.fnnews.com/news/201901250942157824,https://n.news.naver.com/mnews/article/421/0003814005?sid=101
2019.01.31.,전자신문언론사 선정,,[이슈분석]QR코드 전성시대...금융 혁신 대안인가,,,http://www.etnews.com/20190122000248,http://www.sportsseoul.com/
2019.01.30.,이투데이,IT/과학,"메디톡스, 유산균 함유 숙취해소제 ‘칸의 아침’ 출시","[     [스포츠서울 김민규기자]SK텔레콤이 지난해 부진한 성적표를 냈다. 매출과 영업이익 모두 감소한 가운데 특히 영업이익은 전년대비 21.8% 감소한 1조2000억원대를 기록했다. 선택약정할인 가입자 증가 등 가계통신비 인하 정책으로 인한 무선 매출 감소 영향이 컸다.SK텔레콤은 지난해 연간 매출 16조8740억원, 영업이익 1조2018억원을 기록했다고 31일 공시했다. 이는 전년 동기 대비 매출은 3.7%, 영업이익은 21.8% 감소한 수치다. 이에 대해 SK텔레콤 관계자는 “연간 선택약정할인 가입자 증가로 이동통신사업 수익 감소가 불가피했다”며 “멤버십 로밍 등 고객의 요금 부담을 낮추기 위해 매출 손실을 감내하고 시행한 8대 고객가치혁신 활동도 영향을 미쳤다”고 설명했다.다만 같은 기간 당기순이익은 3조1320억원을 달성, 17.9% 증가했다. 이는 SK하이닉스의 역대 최고 실적에 따른 지분법 이익 영향 덕분이다.    SK텔레콤의 2018년 연결 손익계산서 요약과 별도 손익계산서 요약 표.  제공 | SK텔레콤무선사업의 부진은 미디어·보안 사업이 메웠다. SK텔레콤 미디어·보안 사업은 지난해 4분기 매출 4조3517억원으로 전분기보다 3.9% 증가했다. SK브로드밴드는 연간 매출은 3조2537억원, 영업이익 1756억원으로 사상 최대 실적을 기록했다. 인터넷(IP)TV 가입자가 전년보다 10% 증가한 473만명을 기록했고 초고화질(UHD) 상품 가입 비중은 지난해 4분기 처음으로 전체 가입자의 50%를 넘어섰다. 4분기 처음 반영된 ADT캡스는 매출 2008억원, 영업이익 286억원을 달성했다.고객가치혁신 활동의 성과도 있었다. 비록 무선매출은 하락했지만 이동통신가입자는 연간 18만5000명 순증했다. 해지율은 1.22%로 역대 최저를 기록했다.올해 실적도 5G(5세대 이동통신)상용화로 대규모 투자가 예상되는 만큼 녹록치 않을 전망이다. 이에 SK텔레콤은 5G 서비스 전개와 함께 미디어, 보안, 커머스 중심의 뉴 ICT 사업을 강화해 실적을 견인한다는 방침이다.5G 서비스는 5G 스마트폰 출시에 맞춰 수도권 및 주요 도시를 중심으로 확대할 계획이다. 인공지능(AI) 기반 네트워크 운용 기술과 양자암호 기술을 바탕으로 안전하고 차별화된 5G 네트워크 품질 제공에 나선다. 미디어 사업은 옥수수와 푹(POOQ)을 통합해 경쟁력 있는 글로벌 온라인동영상서비스(OTT) 플랫폼으로 육성하고, 보안부문은 물리·정보 보안을 통합해 집·주차장 등에 신규 보안 서비스를 제공할 예정이다. 아울러 커머스 사업은 지난해 11번가의 5000억원 투자 유치 성과로 내실 있는 사업 성장을 위한 토대를 마련함으로써 올해 손익분기점 달성을 목표로 하고 있다.윤풍영 SK텔레콤 코퍼레이트센터장은 “지난해 New ICT 사업 포트폴리오를 성공적으로 재편함으로써 MNO, 미디어, 보안, 커머스 4대 사업의 기본 틀을 갖췄다”며 “올 한해 압도적인 5G 서비스 경쟁력을 바탕으로 New ICT 사업의 성장판을 여는데 최선을 다할 것”이라고 밝혔다.kmg@sportsseoul.com▶스포츠서울 공식 페이스북▶팟캐스트 '스포츠서울 야구 X파일'▶스포츠서울 공식 유튜브 채널[기사제보 news@sportsseoul.com]  Copyright ⓒ 스포츠서울&amp;sportsseoul.com ]",[],http://www.etoday.co.kr/news/section/newsview.php?idxno=1712977,https://n.news.naver.com/mnews/article/468/0000471177?sid=105
2019.01.18.,이투데이,,"“설 명절에도 간편식” GS리테일, 심플리쿡 명절용 메뉴 출시",,,http://www.etoday.co.kr/news/section/newsview.php?idxno=1713988,http://www.edaily.co.kr/
2019.01.31.,마켓뉴스,IT/과학,"삼양, 설 맞이 큐원 ""상쾌환"" 선물세트 출시","[ ICT 계열사·파트너사 초청 'New ICT 콜라보데이' 개최동반성장펀드, 5G기술 개발 파트너사에 집중 지원 방침    SK텔레콤이 30일 서울 광진구 워커힐호텔에서 비즈니스 파트너와 함께 New ICT 사업 추진 방향과 동반성장 계획을 공유하는 ‘New ICT 콜라보데이’를 개최했다. (사진=SKT 제공)[이데일리 한광범 기자] SK텔레콤(017670)이 30일 비즈니스 파트너와 함께 새로운 ICT 사업 추진 방향과 동반성장 계획을 공유하는 ‘New ICT 콜라보데이’를 개최했다.서울 광장동 워커힐호텔에서 열린 이날 행사엔 ADT캡스, 11번가 등 SK ICT 패밀리사의 각 사업부문 대표 임원과 우수 비즈니스 파트너사 대표 50여 명이 참석했다.이번 행사는 SK텔레콤이 글로벌 ICT 강자로 성장하기 위해 한 해를 시작하며 비즈니스 파트너와 진솔하게 소통하고 눈높이를 맞추는 자리가 필요하다고 판단해 마련됐다.SK텔레콤은 ICT 사업 추진 방향으로 △고객 신뢰회복과 5G 비즈니스모델(BM) 발굴을 통한  이동통신(MNO) 사업 목표 △5G 킬러 콘텐츠 중심의 미디어 사업 로드맵 △물리·정보보안에서 양자암호통신까지 아우르는 통합 보안 사업 계획 등을 발표했다.아울러 비즈니스 파트너와 함께 성장해 나가기 위한 지원 계획도 공개했다. 서울 중구에 위치한 SK동반성장센터를 파트너사에 오픈하고 파트너사 경쟁력 향상을 위한 컨설팅과 교육도 강화한다는 방침이다.또 기존에 있던 동반성장펀드를 올해 5G 관련 기술을 개발하는 파트너사에 집중 지원할 예정이다. SK텔레콤 패밀리사의 파트너사에게도 자금 지원 기회가 확대된다. 이밖에도 SK텔레콤은 올해부터 파트너사와 함께 사회적 가치를 창출하는 협업 아이템도 고민할 예정이다.이날 행사에 참석한 SK텔레콤 5G 단말 검증 파트너사 와이드넷엔지니어링의 이맹훈 대표는 “SK텔레콤이 이끌어갈 새 ICT 로드맵을 보며 파트너사로서 자부심을 느낄 수 있었던 자리였다”며 “SK텔레콤과 5G 기술을 통해 우리 사회를 바꾸는 기술을 구현할 것”이라고 말했다.윤풍영 SK텔레콤 코퍼레이트센터장은 “앞으로도 파트너사에 실질적인 도움을 줄 수 있는 다양한 동반성장 프로그램을 고민하며 파트너사와 함께 글로벌 ICT 강자로 진화해 나갈 것”이라고 밝혔다.한광범 (totoro@edaily.co.kr)이데일리 채널 구독 이벤트 [★BTS★ 실물영접 기회를▶]꿀잼가득 [영상보기▶] , 빡침해소!청춘뉘우스~ [스냅타임▶]＜ⓒ종합 경제정보 미디어 이데일리 - 무단전재 &amp; 재배포 금지＞ ]",[],http://www.marketnews.co.kr/view.php?ud=2019012411225770636cf2da44de_24,https://n.news.naver.com/mnews/article/018/0004302400?sid=105
2019.01.30.,데일리팝,,"[비건(vegan)의 발견] 비건, 식품과 화장품에서도 하나의 트렌드로!",,,http://www.dailypop.kr/news/articleView.html?idxno=37525,http://www.inven.co.kr
2019.01.31.,MBN,,‘언더나인틴’ 측 “파이널 120분 특별 편성…스페셜 무대 펼친다”,[],[],http://star.mbn.co.kr/view.php?year=2019&no=45875&refer=portal,https://sports.news.naver.com/news.nhn?oid=442&aid=0000093172
2019.01.06.,한국정경신문,,"미키마우스와 보솜이가 준비한 선물..깨끗한나라, '베이비케어 밴드&팬티' 상...",,,http://kpenews.com/View.aspx?No=20510,http://www.getnews.co.kr
2019.01.04.,아시아경제,,"[경기뉴스]도, 취약층 '온라인마케터' 육성",,,http://view.asiae.co.kr/news/view.htm?idxno=2019012107573771069,http://www.fnnews.com/
2019.01.11.,디지털타임스,IT/과학,정식서비스 앞두고 재정비 중인 제로페이,"[     SK텔레콤은 기해년 새 학기를 맞아 내달 1일부터 초등학생, 중고생, 대학생 고객을 대상으로 다양한 맞춤 혜택을 제공한다고 30일 밝혔다.             SK텔레콤 모델들이 새 학기 맞이 요금·데이터 혜택을 홍보하고 있다. SK텔레콤 제공    새 학기 시즌인 2~3월에는 초등~대학생의 통신 서비스 수요가 평월 대비 약 2배 늘어난다. 그만큼 이통사의 요금, 데이터, 제휴 혜택에 대한 관심도 여느 때보다 높다.  만 12세 이하 초등학생은 내달 1일부터 3월 31일까지 신규약정, 재약정 시 쿠키즈 요금제 3종에 가입하면 3개월간 통신 요금을 50% 할인 받을 수 있다. 선택약정할인 등 중복 할인도 가능하다. 쿠키즈 요금제는 △쿠키즈 스마트(월 1만9800원, 이하 부가세포함) △쿠키즈 미니(월 1만5400원) △쿠키즈 워치(월 8800원) 등 총 3종으로 초등학생 고객의 이용 패턴에 적합한 만 12세 이하 전용 요금제다.  SK텔레콤은 초등학생에게 인기가 높은 마블 디자인이 적용된 미니폰 마블 블랙도 내달 1일 출시한다. 위치 알림, 마블 테마 화면, 미세먼지 예보 앱 등 초등학생과 학부모에게 유용한 기능을 두루 탑재했다.  중고생은 영한동 웹사이트에서 별도 신청만 하면 다양한 데이터 혜택을 받을 수 있다. 중고생은 타 연령층 대비 데이터 수요가 많은 편이다. SK텔레콤을 이용하는 모든 중고생은 3월 4일부터 3월15일까지 약 2주간 진행되는 0틴위크 이벤트를 통해 데이터 2GB를 무료로 받을 수 있다.  이 외에도 모두의마블, 세븐나이츠, 2018프로야구, 스노우카메라, FLO 등 총 21개 앱을 데이터 차감 없이 쓰는 데이터슈퍼패스와 데이터가 부족할 때 친구 3명이 모여 추가로 데이터 신청이 가능한 데이터SOS 혜택도 주어진다.  대학생은 영한동 웹사이트에서 0캠퍼스에 가입하면 내달 8일부터 3월 31일까지 애플 맥북, LG그램 등 최신 노트북을 저렴하게 구매할 수 있다. 0캠퍼스에 가입한 대학생은 캠퍼스 전용 데이터 최대 3GB와 클라우드 최대 300GB를 무료로 받고, FLO 음악 무제한 듣기(월 6900원, 부가세별도) 상품을 할인 받아 월 1500원에 이용 가능하다.  T멤버십을 이용 중인 모든 학생, 학부모 고객은 설 연휴가 겹치는 내달 4일부터 8일까지 T Day의 파격적인 할인 혜택을 누릴 수 있다. T Day는 △빕스 40% 할인 △11번가 새 학기 이벤트 상품 최대 22% 할인(1만원이내) △롯데월드 종합이용권 55% 할인(본인 및 동반1인) 등 학생들에게 인기있는 제휴 업체로 구성됐다.  한명진 SK텔레콤 MNO사업지원그룹장은 ""학생, 학부모 고객들이 매년 새 학기마다 이통사의 상품·서비스에 많은 관심을 갖는다""며 ""고객의 힘찬 새출발을 응원하기 위해 다양한 맞춤 혜택을 마련했다""고 말했다.   syj@fnnews.com 서영준 기자   ▶ 세상의 모든 골 때리는 이야기 'fn파스'▶ 속보이는 연예뉴스 fn스타  ※ 저작권자 ⓒ 파이낸셜뉴스. 무단 전재-재배포 금지   ]",[],http://www.dt.co.kr/contents.html?article_no=2019012202109958037004&ref=naver,https://n.news.naver.com/mnews/article/014/0004169470?sid=105
2019.01.31.,CCTV뉴스,,"구글, 새로운 크롬캐스트 국내 출시",,,http://www.cctvnews.co.kr/news/articleView.html?idxno=101033,http://news1.kr/
2019-01-31 14:18:10,에너지경제,경제,"롯데네슬레코리아, 네스카페 설날 선물세트 출시","[ ""미니스톱, 日이온그룹이 기회있다고 판단한듯…사이 좋아""""이커머스 인수 가능성 항상 열려있어""    황각규 롯데지주 부회장이 지난 30일 고 이인희 한솔그룹 고문의 빈소를 찾아 조문한 후 삼성서울병원 장례식장을 나서고 있다. .2019.1.30/뉴스1 © News1 이종덕 기자(서울=뉴스1) 박희진 기자 = 황각규 롯데지주 부회장은 31일 ""롯데카드를 매각하면서 우리도 가능하면 전략적 파트너십을 가져가는 쪽으로 생각하고 있다""고 밝혔다. 황 부회장은 &lt;뉴스1&gt;과의 전화통화에서 금융계열사 롯데카드 매각과 관련해 이같은 구상을 갖고 있다고 설명했다. 롯데가 롯데카드 매각 이후 구상을 밝힌 것은 이번이 처음이다. 이는 롯데카드를 매각하더라도 최대 장점인 롯데백화점과 롯데마트 등 충성도 높은 고객 기반을 유지할 수 있도록 하겠다는 뜻으로 읽힌다. 이같은 장치를 미리 마련해 놓지 않는다면 롯데카드의 '몸값'이 떨어질 수 있다는 현실적 판단도 깔려 있는 것으로 풀이된다. 특히 롯데 입장에서도 신용카드가 유통과 시너지가 크기 때문에 매각되더라도 '전략적 제휴' 관계를 유지하는 편이 유리하다.  앞서 롯데그룹은 지난 30일 롯데카드와 롯데손해보험 매각을 위한 예비입찰을 진행했다. 롯데가 매각 조건으로 전략적 제휴를 내건 만큼 예비입찰에 참여한 것으로 알려진 한화그룹·하나금융지주 등 전략적 투자자(SI) 뿐만 아니라 MBK 등 재무적 투자자(FI)도 승산이 있을 것으로 풀이된다.롯데그룹은 2017년 10월 지주회사 체제로 전환하면서 공정거래법상 지주회사가 금융계열사를 소유할 수 없다는 금산분리 원칙에 따라 오는 10월까지 금융계열사를 매각해야하는 상황이다.  황각규 부회장은 최근 급성장하고 있는 간편결제시장 공략에 대해서도 의지를 피력했다. 황 부회장은 ""간편결제는 일종의 생태계""라며 ""생태계 조성에 주력하겠다""고 밝혔다. 롯데는 롯데카드의 경영 노하우를 적용해 간편결제 서비스 '엘페이'를 선보였고 2015년부터는 롯데멤버스를 롯데카드로부터 독립, 외부 제휴사를 늘리며 생태계를 넓혀왔다. 최근 매각이 백지화된 한국미니스톱에 대해서는 ""돈이나 조건을 떠나서 팔아야하나 계속해야 하나를 놓고 고민하다 (대주주측에서) 기회가 있다고 판단한 것 같다""고 풀이했다. 한국미니스톱은 일본 이온그룹 계열사인 일본미니스톱㈜이 대주주다.황 부회장은 ""회사 가치로 1조원을 주겠다고 했으면 얼른 팔자했을 수도 있겠지만 그것도 상대성이 있다""며 ""그렇다고 가격에 대해서 일절 언급이 있었던 것은 아니다""고 말했다. 롯데는 지난해 11월 신세계와 사모펀드가 참여한 본입찰에서 가장 높은 4500억원을 제시, 유력 인수후보로 꼽혔다.  일본 이온그룹이 롯데에 매각하는 것을 기피한게 아니냐는 관측도 일축했다. 황 부회장은 ""세븐일레븐과 함께 일본에서 가장 큰 유통그룹인 이온에 일본 롯데가 식품 등을 공급하는 관계라 서로 왕래가 잦다""며 ""이온과는 옛날부터 사이가 좋다""고 말했다. 향후 다시 매물로 나올 가능성에 대해서는 ""알 수 없다""고 조심스러운 반응을 보였다. 유통 트렌드가 기존 오프라인 매장 중심에서 온라인 중심으로 급격히 변하고 있는 것에 대해서도 ""살아남을 수 있다""고 자신감을 나타냈다. 일부에서는 온라인 시장 급성장으로 오프라인 중심의 롯데 위상이 예전같지 않다는 지적도 나오고 있다. 급성장 중인 이커머스 인수에도 적극적인 입장이다. 황 부회장은 ""인수 가능성은 항상 문이 열려 있다""고 강조했다. 다만 과거 매각설이 돌았던 11번가와의 협상 여부에 대해서는 ""NCND(인정하지도 부인하지도 않는다)는 기조)""라며 말을 아꼈다.하지만 쿠팡, 위메프, 티몬 등 모바일 기반으로 급성장한 1세대 소셜커머스 업체들은 모두 적자 상태라 인수 여건이 녹록치 않다. 롯데그룹이 과감한 M&amp;A 전략으로 덩치를 키웠지만 실익을 따지는 보수적 색채가 강하다. 이 때문에 '돈 먹는 하마'인 이커머스 인수에 롯데가 적극 나서지 않을 것이란 관측도 제기된다. 결국 '오너'인 신동빈 회장의 결단에 달렸다는 분석이다. 황 부회장도 ""쿠팡이 6000억원씩 적자를 내고 있다""며 ""사실 소비자만 좋아지고 있다""고 토로했다. 정작 온라인이 대세인데 '자영업 보호'라는 미명 아래 대형마트를 규제하는 정치논리에 대한 '쓴소리'도 이어졌다. 황 부회장은 ""이커머스를 소비자 관점에서 보듯 모든 관점을 소비자 입장에서 보면 전통시장이 안좋은 것이 롯데마트, 홈플러스 때문이냐""며 ""온라인 때문에 나빠지는 게 아니냐""고 반문했다. 정부가 자영업자 보호를 위해 경쟁력이 떨어지는 오프라인 상권에만 매달릴 것이 아니라 온라인 교육 등 급변하는 시대에 적응할 수 있도록 지원해야 한다는 일자리 전문가들의 지적과 궤를 같이하는 주장이다.2brich@news1.kr▶ [ 크립토허브 ]  [ 터닝포인트 2019 ] ▶ 네이버 메인에서 [뉴스1] 구독하기![© 뉴스1코리아(news1.kr), 무단 전재 및 재배포 금지] ]","['일단 몸값높이려고 말은 저렇게하고, 팔고나면 싹 변하겠지. 파는순간 파는사람ㅡ사는사람에서 가맹점ㅡ카드사 관계로 바뀌는데. 롯데백화점.마트는 자기네에 유리하게 조건제시하는 카드사에 제휴상품 출시하겠지. 그리고 롯데마트는 이미 국민.우리카드에 제휴상품 있는거로 안다. 그리고 한화가 사가면 롯데백화점고객을 현.롯데카드를 매개로 갤러리아로 끌어들일텐데, 롯데가 그걸 바보같이 두고만보며 롯데백화점 제휴카드를 한군데로만 유지하겠음? 신세계는 삼성.씨티.신한 모두 제휴카드있고, 현대.갤러리아도 자체카드에 우리카드 등에 제휴카드 있는데']",http://www.ekn.kr/news/article.html?no=411534,https://n.news.naver.com/mnews/article/421/0003814005?sid=101
2019-01-30 15:10:38,스포츠동아,,"한독, 설맞이 테라큐민플러스 선물세트 출시",,,http://sports.donga.com/3/all/20190121/93793190/1,http://www.kukinews.com
None,티브이데일리,,"‘언더나인틴’ 파이널 무대, 120분 확대편성 [공식]",,,http://tvdaily.co.kr/read.php3?aid=15481492421430718010,http://www.newsprime.co.kr
2019-01-30 09:46:06,뉴스토마토,,"카카오, 제로페이 본사업 참여",,,http://www.newstomato.com/ReadNews.aspx?no=870954,http://www.newsculture.press
2019-01-31 11:24:41,디지털타임스,,"파인디지털, ADAS 블랙박스 예약판매",,,http://www.dt.co.kr/contents.html?article_no=2019012202109932052011&ref=naver,http://biz.chosun.com/
2019-01-31 18:01:37,MBC연예,IT/과학,"'언더나인틴' 아이돌 도전기 파이널 관문, 마지막 순위 발표식…생방송에 오를...","[    SK텔레콤이 지난해 무선통신 서비스 이용요금 인하로 매출과 영업이익이 모두 줄었다. SK텔레콤은 미디어 사업 강화 등 사업 포트폴리오를 강화하고 5세대(G) 이동통신 서비스 시작에 맞춰 가입자를 지속적으로 늘려 올해 하반기에 무선통신 실적을 회복시키겠다는 목표다. SK텔레콤(017670)은 31일 열린 2018년 4분기 실적 관련 콘퍼런스콜을 통해 ""2019년 매출액은 2018년에 비해 1조원 이상 성장을 기대한다""고 밝혔다.    박정호 SK텔레콤 사장이 지난 8일 CES 2019가 열린 미국 라스베이거스에서 간담회를 열고 5세대(G) 이동통신 사업계획에 대해서 설명하고 있다. SK텔레콤은 올해 5G와 함께 미디어, 커머스 분야도 강화한다. /김범수 기자지난해 요금제 개편, 괌과 사이판 로밍 패스 실시, 데이터 로밍 시 음성 전화 무료 등의 서비스를 실시한 SK텔레콤의 이동통신 매출은 모두 줄었다. 연간 매출액은 16조8740억원, 영업이익은 1조2018억원을 기록해 2017년에 비해 각각 3.7%, 21.8% 감소했다.이런 요금 인하 효과는 올 상반기까지 이어질 전망이다. 하지만 SK텔레콤은 고객 데이터 사용량에 기반한 요금제 제시, 순증 가입자 증가를 통해 하반기 회복을 예상하고 있다. 또 5G를 시작으로 늘어나는 비용은 마케팅 비용 조정 등으로 이익 방어에 나선다는 방침이다.SK텔레콤은 콘퍼런스콜을 통해 ""지배구조 개편과 기업가치 재고를 지속 검토하면서 올해 미디어, 보안, 커머스 등 사업 가치를 올리겠다""며 ""상반기 중 방송 3사와의 업무협약(MOU) 효과가 나타날 것이고, 지배구조 개편 시기는 이런 포트폴리오 완료 시점을 고려해 추진하겠다""고 밝혔다.SK텔레콤은 상반기 내에 옥수수와 방송 3사 플랫폼인 푹(pooq)의 통합 법인 구조는 양측 협의를 거쳐 조만간 확정할 예정이다. 통합법인 출범 이후 외부에서 투자를 유치해 콘텐츠를 강화하고 동남아 중심으로 해외사업도 연내 출시한다. 통합 법인 사업 모델은 논의 넷플릭스 같은 구독형 모델로 동영상을 서비스할 계획이다.이외에도 지난해 5000억원 투자를 유치한 11번가의 사업도 강화한다. 외부 제휴를 통해 상품 범위를 확대해 수익을 창출하는 방식으로 경영한다. 패션과 뷰티, 생활용품(마트) 등 다양한 외부 제휴를 추진해 수익성을 높인다. 또 SK텔레콤이 가진 고객 기반을 활용해 11번가와 연계하는 방법을 강력히 추진한다. SK텔레콤은 콘퍼런스콜을 통해 ""새 배당정책 하에 기말배당은 9000원을 유지하고 중간 배당은 SK하이닉스(000660)등 일정 수익과 연계해 기존 배당보다 늘리겠다""고 밝혔다.[김범수 기자 kbs@chosunbiz.com]chosunbiz.com   ]",[],http://enews.imbc.com/News/RetrieveNewsInfo/253091,https://n.news.naver.com/mnews/article/366/0000426075?sid=105
2019.01.30.,글로벌경제,,"삼양사 큐원 ‘상쾌환’, 설 맞이 선물세트 출시",,,http://www.getnews.co.kr/view.php?ud=20190124111635534641d0c69529_16,http://www.inews24.com/
2019.01.11.,MBC연예,IT/과학,"'언더나인틴' 아이돌 도전기 파이널 관문, 마지막 순위 발표식…생방송에 오를...","[ 초등생 2~3월 요금 50% 할인[아이뉴스24 도민선 기자] 새학기를 맞아 SK텔레콤을 이용하는 초등학생, 중고생, 대학생 고객을 대상으로 요금제 혜택이 주어진다.SK텔레콤(대표 박정호)은 만 12세 이하 초등학생은 2월~3월 중 신규약정, 재약정 시 쿠키즈 요금제 3종에 가입하면 3개월간 통신 요금을 50% 할인 받을 수 있다고 30일 발표했다. 선택약정할인 등 중복 할인도 가능하다.쿠키즈 요금제는 ▲쿠키즈 스마트(월 1만9천800원, 이하 부가가치세 포함) ▲쿠키즈 미니(월 1만5천400원) ▲쿠키즈 워치(월 8천800원) 총 3종이다.SK텔레콤은 초등학생에게 인기가 높은 마블 디자인이 적용된 '미니폰 마블 블랙(출고가 25만3천원)'도 출시한다. 위치 알림, 마블 테마 화면, 미세먼지 예보 앱 등 초등학생과 학부모에게 유용한 기능을 두루 탑재했다.     [출처=SK텔레콤]     [출처=SK텔레콤]중고교생은 '영한동' 웹사이트에서 별도 신청만 하면 다양한 데이터 혜택을 받을 수 있다. 중고생은 타 연령층 대비 데이터 수요가 많은 편이다. SK텔레콤을 이용하는 모든 중고생은 3월4~15일 진행되는 '0틴위크' 이벤트를 통해 데이터 2GB를 무료로 받을 수 있다.이밖에도 모두의마블, 세븐나이츠, 2018프로야구, 스노우카메라, FLO 등 총 21개 앱을 데이터 차감 없이 쓰는 '데이터슈퍼패스'와 데이터가 부족할 때 친구 3명이 모여 추가로 데이터 신청이 가능한 '데이터SOS' 혜택도 제공된다.대학생은 영한동 웹사이트에서 '0캠퍼스'에 가입하면 다음달 8일부터 3월 31일까지 애플 맥북, LG그램 등 최신 노트북을 저렴하게 구입할 수 있다. 0캠퍼스에 가입한 대학생은 캠퍼스 전용 데이터 최대 3GB와 클라우드 최대 300GB를 무료로 받고, FLO 음악 무제한 듣기(월 6천900원, 부가가치세 별도) 상품을 할인 받아 월 1천500원에 이용할 수 있다.T멤버십을 이용 중인 모든 학생, 학부모 고객은 설 연휴가 겹치는 2월4일부터 8일까지 T Day의 파격적인 할인 혜택을 누릴 수 있다. T Day는 ▲빕스(VIPS) 40% 할인 ▲11번가 새 학기 이벤트 상품 최대 22% 할인(1만원이내) ▲롯데월드 종합이용권 55% 할인(본인 및 동반1인) 등 학생들에게 인기있는 제휴 업체로 구성됐다.2월에는 설 연휴 이후에도 ▲13일 모스트앱·T맵택시 할인 ▲20일 메가박스·T맵택시 할인 ▲27일 스타벅스·T맵택시 할인이 예정돼 있다.한명진 SK텔레콤 MNO사업지원그룹장은 ""학생, 학부모 고객들이 매년 새 학기마다 이통사의 상품·서비스에 많은 관심을 갖는다""며, ""고객의 힘찬 새출발을 응원하기 위해 다양한 맞춤 혜택을 마련했다""고 말했다.도민선기자 domingo@inews24.com▶네이버 채널에서 '아이뉴스24'를 구독해주세요.▶아이뉴스TV에서 부동산 고수를 만나보세요.[ⓒ 아이뉴스24 무단전재 및 재배포 금지] ]",[],http://enews.imbc.com/News/RetrieveNewsInfo/253091,https://n.news.naver.com/mnews/article/031/0000479943?sid=105
2019.01.31.,글로벌경제,,"삼양사 큐원 ‘상쾌환’, 설 맞이 선물세트 출시",,,http://www.getnews.co.kr/view.php?ud=20190124111635534641d0c69529_16,http://www.newsculture.press
2019.01.18.,스포츠경향,,"‘언더나인틴’ 최수민, 규정 위반으로 방출",,,http://sports.khan.co.kr/news/sk_index.html?art_id=201901192202003&sec_id=540201&pt=nv,http://biz.chosun.com/
2019.01.04.,디지털데일리,IT/과학,"구글, ‘크롬캐스트3’ 국내 정식 출시…5만4900원","[    SK텔레콤이 지난해 무선통신 서비스 이용요금 인하로 매출과 영업이익이 모두 줄었다. SK텔레콤은 미디어 사업 강화 등 사업 포트폴리오를 강화하고 5세대(G) 이동통신 서비스 시작에 맞춰 가입자를 지속적으로 늘려 올해 하반기에 무선통신 실적을 회복시키겠다는 목표다. SK텔레콤(017670)은 31일 열린 2018년 4분기 실적 관련 콘퍼런스콜을 통해 ""2019년 매출액은 2018년에 비해 1조원 이상 성장을 기대한다""고 밝혔다.    박정호 SK텔레콤 사장이 지난 8일 CES 2019가 열린 미국 라스베이거스에서 간담회를 열고 5세대(G) 이동통신 사업계획에 대해서 설명하고 있다. SK텔레콤은 올해 5G와 함께 미디어, 커머스 분야도 강화한다. /김범수 기자지난해 요금제 개편, 괌과 사이판 로밍 패스 실시, 데이터 로밍 시 음성 전화 무료 등의 서비스를 실시한 SK텔레콤의 이동통신 매출은 모두 줄었다. 연간 매출액은 16조8740억원, 영업이익은 1조2018억원을 기록해 2017년에 비해 각각 3.7%, 21.8% 감소했다.이런 요금 인하 효과는 올 상반기까지 이어질 전망이다. 하지만 SK텔레콤은 고객 데이터 사용량에 기반한 요금제 제시, 순증 가입자 증가를 통해 하반기 회복을 예상하고 있다. 또 5G를 시작으로 늘어나는 비용은 마케팅 비용 조정 등으로 이익 방어에 나선다는 방침이다.SK텔레콤은 콘퍼런스콜을 통해 ""지배구조 개편과 기업가치 재고를 지속 검토하면서 올해 미디어, 보안, 커머스 등 사업 가치를 올리겠다""며 ""상반기 중 방송 3사와의 업무협약(MOU) 효과가 나타날 것이고, 지배구조 개편 시기는 이런 포트폴리오 완료 시점을 고려해 추진하겠다""고 밝혔다.SK텔레콤은 상반기 내에 옥수수와 방송 3사 플랫폼인 푹(pooq)의 통합 법인 구조는 양측 협의를 거쳐 조만간 확정할 예정이다. 통합법인 출범 이후 외부에서 투자를 유치해 콘텐츠를 강화하고 동남아 중심으로 해외사업도 연내 출시한다. 통합 법인 사업 모델은 논의 넷플릭스 같은 구독형 모델로 동영상을 서비스할 계획이다.이외에도 지난해 5000억원 투자를 유치한 11번가의 사업도 강화한다. 외부 제휴를 통해 상품 범위를 확대해 수익을 창출하는 방식으로 경영한다. 패션과 뷰티, 생활용품(마트) 등 다양한 외부 제휴를 추진해 수익성을 높인다. 또 SK텔레콤이 가진 고객 기반을 활용해 11번가와 연계하는 방법을 강력히 추진한다. SK텔레콤은 콘퍼런스콜을 통해 ""새 배당정책 하에 기말배당은 9000원을 유지하고 중간 배당은 SK하이닉스(000660)등 일정 수익과 연계해 기존 배당보다 늘리겠다""고 밝혔다.[김범수 기자 kbs@chosunbiz.com]chosunbiz.com   ]",[],http://www.ddaily.co.kr/news/article.html?no=177146,https://n.news.naver.com/mnews/article/366/0000426075?sid=105
2019.01.31.,로이슈,,"GS리테일 심플리쿡, 명절용 메뉴 출시",,,http://www.lawissue.co.kr/view.php?ud=201901230842416146204ead0791_12,http://wikileaks-kr.org
2019.01.30.,MBC연예,,'언더나인틴' 굳건한 화제성으로 꾸준한 인기 증명…토요일 순위 1위,,,http://enews.imbc.com/News/RetrieveNewsInfo/252925,http://news1.kr/
2019.01.31.,로이슈,사회,"올웨이즈블루(주), 농축수산물 회원전용 특가몰인 폐쇄몰 오픈","[     경남도가 오는 7일부터 다음달 6일까지 인터넷쇼핑몰 ‘e경남몰’을 통해 설맞이 특별 할인행사를 실시한다. 사진은'e경남몰' 특별할인행사 포스터.(경남도 제공)2019.1.4/뉴스1© News1(경남=뉴스1) 강대한 기자 = 경남도가 오는 7일부터 2월 6일까지 인터넷쇼핑몰 ‘e경남몰’을 통해 설맞이 특별 할인행사를 실시한다. 이번 행사는 ‘e경남몰’ 홈페이지뿐만 아니라 네이버 스토어팜이나 11번가 지역특산물 전문관, 모바일 웹 등 다양한 채널에서 동시에 열린다.행사 기간 중 매주 월요일 마다 선착순 2019명에게 ‘전 제품 10% 할인쿠폰’을 제공하며 3만원 이상 구매한 회원 100명에게는 백미, 견과류, 유자빵, 적립금 등의 경품도 나눠준다.또 전체 상품별로 최대 25%할인을 적용받게 된다. ‘전 제품 10% 할인쿠폰’과 상품별 25% 할인 이벤트는 중복이 가능하다.e경남몰은 경남도 추천상품인 ‘QC상품’과 안전한 농산물인 ‘안심농’ 경상남도 농산물 대표브랜드 ‘이로로’ 시장군수가 추천하는 지역 농특산물 등 223개 업체의 3316여개 상품이 다양하게 등록돼있다.rok1813@news1.kr▶ [ 크립토허브 ]  [ 터닝포인트 2019 ] ▶ 에어팟&amp;스타벅스 커피 경품(~1/25)[© 뉴스1코리아(news1.kr), 무단 전재 및 재배포 금지] ]",[],http://www.lawissue.co.kr/view.php?ud=201901280914396741204ead0791_12,https://n.news.naver.com/mnews/article/421/0003770320?sid=102
2019.01.30.,조선비즈,,"메디톡스, 숙취 해소 특허 유산균 '칸의 아침' 출시",,,http://biz.chosun.com/site/data/html_dir/2019/01/21/2019012100924.html,http://www.g-enews.com/
2019.01.18.,위키트리,,"경기도, 취약계층 온라인 마케터 육성 교육",,,http://www.wikitree.co.kr/main/news_view.php?id=397955,http://www.mt.co.kr/
2019-01-30 09:13:44,이데일리,경제,"신세계I&C, 구글 크롬캐스트 단독 총판..판매 개시","[    [머니투데이 세종=권혜민 기자] [지난해 전체 유통업체 매출 전년대비 6.8% 증가…온라인이 성장세 주도, 대형마트 매출은 2.3%↓]     /자료=산업통상자원부지난해 온라인 유통업체 매출이 전년대비 15.9% 성장했다. 대형마트, 백화점 등 오프라인 매출은 1.9% 늘어나는데 그쳤지만 1인 가구 증가에 힘입어 편의점 매출은 8.5% 늘었다.30일 산업통상자원부에 따르면 주요 온·오프라인 유통업체 26개사를 대상으로 조사한 결과 지난해 전체 유통업체 매출은 전년 대비 6.8% 증가했다. 오프라인 유통업체 매출은 1.9%, 온라인 유통업체는 15.9% 각각 늘었다.오프라인 업체 중에선 편의점의 성장세가 뚜렷했다. 전년대비 매출이 8.5% 늘었다. 점포수가 꾸준히 늘어난 데다 1인 가구 증가 추세에 맞춰 소포장 제품 등 특화상품을 내놓은 전략이 주효했던 것으로 꼽힌다. 백화점(1.3%)과 기업형슈퍼마켓(SSM)(2.0%)의 매출도 늘었다. 백화점의 경우 잡화와 의류부문 매출은 각각 5.9%, 2.0% 줄었지만 단가가 높은 대형가전이나 가구 등 가정용품(6.7%) 부문의 매출이 증가했다. SSM에선 1인 가구 확산에 맞춰 간편식 비중을 늘리는 등의 대응으로 주력품목인 식품군의 매출이 2.9% 늘어난 효과를 봤다. 반면 대형마트 매출은 2.3% 줄어들며 감소 추세를 이어갔다. 온라인쇼핑 등에 시장을 뺏긴 결과다. 식품군(0.7%), 가전부문(0.7%)을 제외한 모든 상품군의 매출이 쪼그라들었다.온라인 매출은 전년대비 15.9% 늘며 두 자릿수 성장세를 이어갔다. 온라인판매와 온라인판매중개 매출이 각각 19.2%, 14.7% 증가했다.온라인판매는 유통업체가 온라인으로도 직접 제품을 판매하는 것으로, 이마트, 신세계, AK몰, 홈플러스 등이 해당된다. 온라인판매중개는 G마켓, 옥션, 11번가, 인터파크, 쿠팡 등 온라인 플랫폼 제공 사업자를 뜻한다. 온라인판매는 새벽 배송 등 신선식품의 배송 경쟁력이 강화되면서 급성장한 식품부문(25.6%)을 중심으로 모든 상품군의 매출이 늘었다. 온라인판매중개의 경우 모바일 쇼핑이 확산하는 가운데 상품추천, 간편결제 등 편리 기능을 보급하면서 매출 증가세를 이어갔다. ▶버닝썬 집단폭행 사건, 청원 20만 돌파▶손혜원 목포 부동산 투기논란, 팩트는? ▶뉴스는 머니투데이 세종=권혜민 기자 aevin54@mt.co.kr&lt;저작권자 ⓒ '돈이 보이는 리얼타임 뉴스' 머니투데이, 무단전재 및 재배포 금지&gt;  ]",[],http://www.edaily.co.kr/news/newspath.asp?newsid=02220566622360344,https://n.news.naver.com/mnews/article/008/0004167833?sid=101
2019-01-31 18:01:37,이데일리,,"신세계I&C, 구글 크롬캐스트 단독 총판..판매 개시",,,http://www.edaily.co.kr/news/newspath.asp?newsid=02220566622360344,http://www.enewstoday.co.kr/
2019-01-04 16:15:44,뉴스핌,,돌아온 '스카이'...첫 복귀작 '무선이어폰' 27일까지 예판,,,http://www.newspim.com/news/view/20190121000449,http://www.inews24.com/
2019-01-30 11:14:45,글로벌이코노믹,IT/과학,"삼양사 큐원 ‘상쾌환’, 설 맞이 선물세트 출시","[ 파트너사와 5G·미디어·보안·커머스 등 주요 사업 방향 공유하는 자리 마련[아이뉴스24 김문기 기자] SK텔레콤이 5G 동반성장을 위한 전략을 파트너사들에게 공유했다.SK텔레콤(사장 박정호)은 비즈니스 파트너와 함께 뉴ICT 사업 추진 방향과 동반성장 계획을 공유하는 '뉴ICT 콜라보데이'를 개최했다고 30일 발표했다.서울 광진구 워커힐 호텔에서 열린 이번 행사는 ADT캡스, 11번가 등 SK ICT 패밀리사의 각 사업부문 대표 임원과 우수 비즈니스 파트너사 대표 50여 명이 참석했다.SK텔레콤은 '글로벌 ICT 강자'로 성장하기 위해 한 해를 시작하며 비즈니스 파트너와 진솔하게 소통하고 눈높이를 맞추는 자리가 필요하다고 판단해 이번 행사를 기획했다고 설명했다.     [사진=SKT]SK텔레콤은 뉴ICT 사업 추진 방향으로 ▲고객 신뢰회복과 5G BM발굴을 통한 이동통신(MNO) 사업 목표 ▲5G 킬러 콘텐츠 중심의 미디어 사업 로드맵 ▲물리∙정보보안에서 양자암호통신까지 아우르는 통합 보안 사업 계획 등을 발표했다.비즈니스 파트너와 함께 성장해 나가기 위한 지원 계획도 밝혔다. SK텔레콤은 SK동반성장센터(서울 중구 소재)를 파트너사에 오픈하고 파트너사의 경쟁력 향상을 위한 컨설팅과 교육도 강화할 계획이다.올해는 기존에 있던 동반성장 펀드를 5G 관련 기술을 개발하는 파트너사에 집중 지원할 예정이다. SK텔레콤 패밀리사의 파트너사에게도 자금 지원 기회가 확대된다. 올해부터는 파트너사와 머리를 맞대고 사회적 가치를 창출하는 협업 아이템도 고민할 예정이다.행사에 참석한 SK텔레콤의 5G 단말 검증 파트너사 와이드넷엔지니어링 이맹훈 대표는 ""SK텔레콤이 이끌어갈 뉴 ICT 로드맵을 보며 파트너사로서 자부심을 느낄 수 있었던 자리였다""며 ""SK텔레콤과 5G 기술을 통해 우리 사회를 바꾸는 기술을 구현할 것""이라고 밝혔다.윤풍영 SK텔레콤 코퍼레이트 센터장은 ""앞으로도 파트너사에 실질적인 도움을 줄 수 있는 다양한 동반성장 프로그램을 고민하며 파트너사와 함께 글로벌 ICT 강자로 진화해 나갈 것""이라고 덧붙였다.한편, SK텔레콤은 동반성장위원회가 주관하는 '동반성장지수 평가'에서 최근 6년 연속 최우수 등급을 받은 바 있다.김문기기자 moon@inews24.com▶네이버 채널에서 '아이뉴스24'를 구독해주세요.▶아이뉴스TV에서 부동산 고수를 만나보세요.[ⓒ 아이뉴스24 무단전재 및 재배포 금지] ]",[],http://www.g-enews.com/ko-kr/news/article/news_all/201901240933433585f6d02acec0_1/article.html,https://n.news.naver.com/mnews/article/031/0000479953?sid=105
2019-01-30 09:43:32,뉴스핌,,"메디톡스, 숙취해소 유산균 '칸의 아침' 출시",,,http://www.newspim.com/news/view/20190121000337,http://www.kbench.com/
2019.01.30.,한국경제TV,,"‘언더나인틴’, 10대의 열정 폭발했던 예비돌들 오디션 영상 공개 ‘풋풋함에...",,,http://news.wowtv.co.kr/NewsCenter/News/Read?articleId=A201901250052&t=NN,http://www.mt.co.kr/
2019.01.31.,디지털투데이,경제,새로운 '구글 크롬캐스트' 국내 출시...풀HD급 영상 끊김없이,"[    [머니투데이 세종=권혜민 기자] [지난해 전체 유통업체 매출 전년대비 6.8% 증가…온라인이 성장세 주도, 대형마트 매출은 2.3%↓]     /자료=산업통상자원부지난해 온라인 유통업체 매출이 전년대비 15.9% 성장했다. 대형마트, 백화점 등 오프라인 매출은 1.9% 늘어나는데 그쳤지만 1인 가구 증가에 힘입어 편의점 매출은 8.5% 늘었다.30일 산업통상자원부에 따르면 주요 온·오프라인 유통업체 26개사를 대상으로 조사한 결과 지난해 전체 유통업체 매출은 전년 대비 6.8% 증가했다. 오프라인 유통업체 매출은 1.9%, 온라인 유통업체는 15.9% 각각 늘었다.오프라인 업체 중에선 편의점의 성장세가 뚜렷했다. 전년대비 매출이 8.5% 늘었다. 점포수가 꾸준히 늘어난 데다 1인 가구 증가 추세에 맞춰 소포장 제품 등 특화상품을 내놓은 전략이 주효했던 것으로 꼽힌다. 백화점(1.3%)과 기업형슈퍼마켓(SSM)(2.0%)의 매출도 늘었다. 백화점의 경우 잡화와 의류부문 매출은 각각 5.9%, 2.0% 줄었지만 단가가 높은 대형가전이나 가구 등 가정용품(6.7%) 부문의 매출이 증가했다. SSM에선 1인 가구 확산에 맞춰 간편식 비중을 늘리는 등의 대응으로 주력품목인 식품군의 매출이 2.9% 늘어난 효과를 봤다. 반면 대형마트 매출은 2.3% 줄어들며 감소 추세를 이어갔다. 온라인쇼핑 등에 시장을 뺏긴 결과다. 식품군(0.7%), 가전부문(0.7%)을 제외한 모든 상품군의 매출이 쪼그라들었다.온라인 매출은 전년대비 15.9% 늘며 두 자릿수 성장세를 이어갔다. 온라인판매와 온라인판매중개 매출이 각각 19.2%, 14.7% 증가했다.온라인판매는 유통업체가 온라인으로도 직접 제품을 판매하는 것으로, 이마트, 신세계, AK몰, 홈플러스 등이 해당된다. 온라인판매중개는 G마켓, 옥션, 11번가, 인터파크, 쿠팡 등 온라인 플랫폼 제공 사업자를 뜻한다. 온라인판매는 새벽 배송 등 신선식품의 배송 경쟁력이 강화되면서 급성장한 식품부문(25.6%)을 중심으로 모든 상품군의 매출이 늘었다. 온라인판매중개의 경우 모바일 쇼핑이 확산하는 가운데 상품추천, 간편결제 등 편리 기능을 보급하면서 매출 증가세를 이어갔다. ▶버닝썬 집단폭행 사건, 청원 20만 돌파▶손혜원 목포 부동산 투기논란, 팩트는? ▶뉴스는 머니투데이 세종=권혜민 기자 aevin54@mt.co.kr&lt;저작권자 ⓒ '돈이 보이는 리얼타임 뉴스' 머니투데이, 무단전재 및 재배포 금지&gt;  ]",[],http://www.digitaltoday.co.kr/news/articleView.html?idxno=206542,https://n.news.naver.com/mnews/article/008/0004167833?sid=101
2019.01.30.,뉴스웍스,,"올웨이즈블루, 'NK365' 면역력 강화 멀티비타민 본격 판매",,,http://www.newsworks.co.kr/news/articleView.html?idxno=331495,http://www.enewstoday.co.kr/
2019.01.31.,헤럴드POP,,"'언더나인틴' 측 ""2월 9일 파이널 방송..120분 특별 편성""[공식]",,,http://biz.heraldcorp.com/view.php?ud=201901221527453809273_1,http://www.inews24.com/
2019.01.30.,국제뉴스,IT/과학,'라이온 킹' 드디어 부산 상륙...11일 부산 개막!,"[ 파트너사와 5G·미디어·보안·커머스 등 주요 사업 방향 공유하는 자리 마련[아이뉴스24 김문기 기자] SK텔레콤이 5G 동반성장을 위한 전략을 파트너사들에게 공유했다.SK텔레콤(사장 박정호)은 비즈니스 파트너와 함께 뉴ICT 사업 추진 방향과 동반성장 계획을 공유하는 '뉴ICT 콜라보데이'를 개최했다고 30일 발표했다.서울 광진구 워커힐 호텔에서 열린 이번 행사는 ADT캡스, 11번가 등 SK ICT 패밀리사의 각 사업부문 대표 임원과 우수 비즈니스 파트너사 대표 50여 명이 참석했다.SK텔레콤은 '글로벌 ICT 강자'로 성장하기 위해 한 해를 시작하며 비즈니스 파트너와 진솔하게 소통하고 눈높이를 맞추는 자리가 필요하다고 판단해 이번 행사를 기획했다고 설명했다.     [사진=SKT]SK텔레콤은 뉴ICT 사업 추진 방향으로 ▲고객 신뢰회복과 5G BM발굴을 통한 이동통신(MNO) 사업 목표 ▲5G 킬러 콘텐츠 중심의 미디어 사업 로드맵 ▲물리∙정보보안에서 양자암호통신까지 아우르는 통합 보안 사업 계획 등을 발표했다.비즈니스 파트너와 함께 성장해 나가기 위한 지원 계획도 밝혔다. SK텔레콤은 SK동반성장센터(서울 중구 소재)를 파트너사에 오픈하고 파트너사의 경쟁력 향상을 위한 컨설팅과 교육도 강화할 계획이다.올해는 기존에 있던 동반성장 펀드를 5G 관련 기술을 개발하는 파트너사에 집중 지원할 예정이다. SK텔레콤 패밀리사의 파트너사에게도 자금 지원 기회가 확대된다. 올해부터는 파트너사와 머리를 맞대고 사회적 가치를 창출하는 협업 아이템도 고민할 예정이다.행사에 참석한 SK텔레콤의 5G 단말 검증 파트너사 와이드넷엔지니어링 이맹훈 대표는 ""SK텔레콤이 이끌어갈 뉴 ICT 로드맵을 보며 파트너사로서 자부심을 느낄 수 있었던 자리였다""며 ""SK텔레콤과 5G 기술을 통해 우리 사회를 바꾸는 기술을 구현할 것""이라고 밝혔다.윤풍영 SK텔레콤 코퍼레이트 센터장은 ""앞으로도 파트너사에 실질적인 도움을 줄 수 있는 다양한 동반성장 프로그램을 고민하며 파트너사와 함께 글로벌 ICT 강자로 진화해 나갈 것""이라고 덧붙였다.한편, SK텔레콤은 동반성장위원회가 주관하는 '동반성장지수 평가'에서 최근 6년 연속 최우수 등급을 받은 바 있다.김문기기자 moon@inews24.com▶네이버 채널에서 '아이뉴스24'를 구독해주세요.▶아이뉴스TV에서 부동산 고수를 만나보세요.[ⓒ 아이뉴스24 무단전재 및 재배포 금지] ]",[],http://www.gukjenews.com/news/articleView.html?idxno=1057612,https://n.news.naver.com/mnews/article/031/0000479953?sid=105
2019.01.18.,이투데이,,"한독, 설맞이 테라큐민플러스 선물세트 출시",,,http://www.etoday.co.kr/news/section/newsview.php?idxno=1713053,http://www.m-i.kr
19면 TOP,이투데이,,"한독, 설맞이 테라큐민플러스 선물세트 출시",,,http://www.etoday.co.kr/news/section/newsview.php?idxno=1713053,http://www.etnews.com
2019.01.11.,포쓰저널,IT/과학,"삼양사, 큐원 '상쾌환 설 선물세트' 출시","[     SK텔레콤이 내달부터 초등학생·중고생·대학생 고객을 대상으로 통신요금 할인 혜택을 강화한다.SK텔레콤이 내달부터 초등학생·중고생·대학생 고객을 대상으로 통신요금 할인 혜택을 강화한다.SK텔레콤은 “새 학기 시즌인 2~3월에는 학생 통신 서비스 수요가 평월 대비 약 2배 늘어난다”면서 “그만큼 이통사 요금, 데이터, 제휴 혜택 관심이 여느 때보다 높다”며 취지를 설명했다.만 12세 이하 초등학생이 3월까지 쿠키즈 요금제 3종에 가입하면 3개월간 통신요금을 50% 할인 받는다. 선택약정할인 등 중복 할인이 허용된다. 쿠키즈 요금제는 △쿠키즈 스마트(월 1만9,800원) △쿠키즈 미니(월 1만5400원) △쿠키즈 워치(월 8800원) 3종이다.중고생은 '영한동' 사이트에서 별도 신청만 하면 데이터 혜택을 받는다. SK텔레콤은 내달 3일부터 15일까지 진행하는 'O틴위크' 이벤트를 통해 데이터 2GB가 추가 제공한다. 모두의마블·2018프로야구 등 21개 애플리케이션(앱)을 데이터 차감 없이 쓰는 '데이터슈퍼패스'와 '데이터SOS' 혜택도 지원한다.대학생이 영한동 사이트에서 O캠퍼스에 가입하면 내달 8일부터 3월 31일까지 애플 맥북·LG 그램 등 최신 노트북을 저렴하게 구입할 수 있다. O캠퍼스에 가입한 대학생은 캠퍼스 전용 데이터 3GB와 클라우드 최대 300GB를 무료로 받는다.설 연휴기간에는 △빕스 40% 할인 △11번가 새학기 상품 최대 22% 할인 △메가박스·T맵택시·스타벅스 할인 등 T멤버십 혜택이 마련돼 있다.한명진 SK텔레콤 MNO사업지원그룹장은 “고객의 힘찬 새 출발을 응원하기 위해 다양한 맞춤 혜택을 제공하는 것”이라고 말했다.    SK텔레콤이 내달부터 초등학생·중고생·대학생 고객을 대상으로 통신요금 할인 혜택을 강화한다.    SK텔레콤이 내달부터 초등학생·중고생·대학생 고객을 대상으로 통신요금 할인 혜택을 강화한다.최재필기자 jpchoi@etnews.com▶ 네이버 모바일에서 [전자신문] 채널 구독하기▶ 전자신문 바로가기 [Copyright ⓒ 전자신문 &amp; 전자신문인터넷, 무단전재 및 재배포 금지] ]","['기존사용자=호구', '기존 사용자는.?']",http://www.4th.kr/news/articleView.html?idxno=8360,https://n.news.naver.com/mnews/article/030/0002780331?sid=105
2019.01.07.,KPI뉴스,,"불만댓글 썼다고 '고소'…와디즈, 적반하장식 고객대응 '물의'",,,https://www.kpinews.kr/newsView/1065601822127623,http://www.kbench.com/
2019.01.31.,전자신문,,"파인디지털, 지능형 DAS 블랙박스 '파인뷰 X5' 예약판매",,,http://www.etnews.com/20190122000203,http://www.etnews.com
2019-01-30 11:14:45,녹색경제신문,IT/과학,"착한텔레콤 '스카이(SKY) 브랜드 부활'...무선 이어폰 '인기 폭발', 1주 만에...","[    오픈마켓 업계가 연초부터 일제히 판매수수료 인상에 나선다.이베이코리아·11번가에 이어 인터파크가 최대 부과 요율을 13%로 상향 조정한다. 오픈마켓 업계는 e커머스 경쟁사가 증가하고 가격비교 등 각종 제휴 비용이 늘어나는 가운데 수익을 보존하기 위해 안간힘이다.9일 유통업계에 따르면 인터파크는 오는 24일 오픈마켓 상품 카테고리 등록 서비스 이용료(판매수수료)를 인상한다. 상품 분류에 따라 0.7%포인트(P) 또는 1%P를 올리는 게 골자다. 지난해 11월 일부 카테고리 판매수수료를 인상한 후 2개월여만이다.인터파크는 이번에 대분류 18개, 중분류 241개 카테고리를 인상 대상에 포함시켰다. 생활·주방·홈인테리어는 물론 최근 온라인 주문 수요가 급증하고 있는 골프·낚시 등 취미용품에 최대 13% 요율을 적용한다. 자전거 등 일부 상품 요율은 8%에서 9%로 상향한다. 전회 식품군 중심 11개 대분류 카테고리 수수료를 올린 것을 감안하면. 취급상품 대부분의 판매수수료가 상승했다.    ⓒ게티이미지뱅크G마켓과 옥션을 운영하는 이베이코리아는 11일 19개 대분류 카테고리에 최대 13% 수수료를 적용한다. 11번가는 레저·리빙·신선식품·해외직구 등 총 74개 대분류 카테고리에 13% 요율을 부과한다. 인터파크가 가세하면서 이른바 '오픈마켓 빅3'가 이 달 모두 판매수수료를 올리게 됐다. 지난해까지 최대 12%로 유지된 오픈마켓 수수료 요율이 13%로 굳어지는 모양새다. 오픈마켓 채널을 병행 운영하는 종합몰의 수수료 과금 기준에도 영향을 미칠 전망이다.인터파크 관계자는 “판매자들이 상품을 노출시키는 채널이 늘고 있는 추세”라면서 “각 노출 채널 별 부가 수수료가 증가하면서 판매수수료도 상승한 것”이라고 설명했다.오픈마켓 업계는 입점 판매자에게 가격비교 서비스 업체와 협력해 상품 노출 서비스를 제공한다. 상품 판매 시 가격비교 서비스 업체에 건 당 판매액 2% 안팎을 수수료를 지불하는 구조다. 가격비교 서비스 이용자가 급증하면서 오픈마켓이 부담해야 하는 비용도 커졌다.e커머스 업계 간 최저가 경쟁도 수수료 인상 요인이다. 가격비교 서비스로 최저가 상품을 찾는 소비자를 끌어들이기 위해서는 판매가격을 계속 내려야 한다. 박리다매 형태 판매 전략이 계속되는 가운데 수익을 늘리기 위해서는 입점 판매자 대상 판매수수료, 노출 광고 비용을 늘릴 수밖에 없다는 게 업체측 설명이다.한 오픈마켓 판매자는 “기본 수수료 13%에 쿠폰·검색광고 비용 등을 합하면 체감 수수료는 20%를 웃돈다”면서 “오픈마켓 판매자가 경쟁 채널로 이탈하는 것을 방지하기 위한 지원책이 필요하다”고 말했다.윤희석 유통 전문기자 pioneer@etnews.com▶ 5G가 열어갈 미래 세상 ""5G 그랜드 비전 2019""▶ 네이버 모바일에서 [전자신문] 채널 구독하기▶ 전자신문 바로가기 [Copyright ⓒ 전자신문 &amp; 전자신문인터넷, 무단전재 및 재배포 금지] ]",[],http://www.greened.kr/news/articleView.html?idxno=92515,https://n.news.naver.com/mnews/article/030/0002774491?sid=105
2019-01-30 09:43:32,연합뉴스,,"강원마트, 내달 6일까지 '설맞이 우리 고장 특산품 할인큰잔치'",,,http://yna.kr/AKR20190123070400848?did=1195m,http://www.ilovepc.co.kr
2019-01-30 15:00:43,비즈트리뷴,,"구글, '새로운 버전' 크롬캐스트 국내 출시",,,http://biztribune.co.kr/news/view.php?no=93779,http://www.ilovepc.co.kr
2019-01-09 16:01:18,이코노뉴스,,"브리타 코리아, '마렐라 XL 블루' 출시",,,http://www.econonews.co.kr/news/articleView.html?idxno=51303,http://www.hankyung.com/
2019-01-31 10:14:41,매일경제,IT/과학,"메디톡스, 숙취해소 유산균 `칸의 아침` 출시","[ 선택약정할인 가입자 증가 등 영향미디어·보안 사업은 호조SKT ""올해 매출 18조원 예상""[ 최수진 기자  ]     SK텔레콤이 연간 선택약정할인 가입자 증가 등 이동통신사업의 수익 감소 영향으로 지난해 영업이익이 전년보다 21.8% 떨어졌다.SK텔레콤은 지난해 연결 재무제표 기준 연간 매출 16조8740억원, 영업이익 1조2018억원, 순이익 3조1320억원을 기록했다고 31일 밝혔다. 이는 전년대비 각각 3.7%, 21.8% 떨어진 것이다.지난해 4분기 영업이익은 연결기준 2253억원으로 전년 동기대비 27.4% 감소했다. 같은 기간 매출액은 4조3517억원으로 전년 동기대비 3.24% 줄었고 당기순이익은 4745억원으로 28.17% 감소했다.    실적 하락 주요 원인은 이동전화 수익이다. 기초연금수급자 요금 감면 영향과 선택약정할인 가입자 증가 때문이라고 SK텔레콤은 설명했다. 지난해 4분기 SK텔레콤 이동전화수익은 전년 동기 대비 9.0%, 전분기 대비 1.4% 감소했다. 지난해 이동전화 수익은 10조원으로 전년대비 7.1% 떨어졌다.ARPU(가입자 1인당 평균 수익)도 지속적으로 떨어지고 있다. 지난해 4분기 ARPU는 전년동기 대비 10.2%, 전분기 대비 2.3% 감소했고, 지난해 ARPU는 3만2246원으로 전년대비 7.6% 줄었다.반면 미디어와 보안 사업은 지난해 4분기 전 분기보다 3.9% 증가한 매출 4조 3517억원을 달성했다. ADT캡스는 지난해 4분기 매출 2008억원, 영업이익 286억원을 달성했다.SK텔레콤은 올해 매출액이 18조원 예상된다고 이날 공시했다. 또 5G(5세대 이동통신)에 대한 투자도 지속적으로 확대할 계획이다.또 미디어 사업은 옥수수와 푹(POOQ)을 통합해 경쟁력 있는 글로벌 온라인 동영상 서비스(OTT) 플랫폼으로 육성하고, 미국 최대 규모 지상파 방송사 싱클레어사와 손잡고 미국 차세대 방송 솔루션 시장에 진출함으로써 올 한해 외연 확대에 나선다.커머스 사업은 지난해 11번가의 5000억원 투자 유치 성과로 내실 있는 사업 성장을 위한 토대를 마련했다. 윤풍영 SK텔레콤 Corporate센터장은 “지난해 New ICT 사업 포트폴리오를 성공적으로 재편함으로써 MNO, 미디어, 보안, 커머스 4대 사업의 기본 틀을 갖췄다”며, “올 한해 압도적인 5G 서비스 경쟁력을 바탕으로 New ICT 사업의 성장판을 여는데 최선을 다할 것”이라고 밝혔다.최수진 한경닷컴 기자 naive@hankyung.com[한경닷컴 바로가기] [모바일한경 구독신청] 네이버에서 한국경제 채널 구독하기 &lt;자세히 보기&gt; ⓒ 한국경제 &amp; hankyung.com, 무단전재 및 재배포 금지   ]",[''],http://news.mk.co.kr/newsRead.php?year=2019&no=41978,https://n.news.naver.com/mnews/article/015/0004087428?sid=105
2019.01.31.,헤럴드POP,,'언더나인틴' 비드라마 부문 토요일 1위..굳건한 화제성+꾸준한 인기,,,http://biz.heraldcorp.com/view.php?ud=201901231433578486083_1,http://www.datanet.co.kr
2019.01.30.,아시아타임즈,,"구글, 새로운 크롬캐스트 국내 출시",,,http://www.asiatime.co.kr/news/articleView.html?idxno=224620,http://www.segye.com
2019.01.30.,민중의소리,IT/과학,카카오페이·KT 등 대형사업자 ‘제로페이’ 본사업 참여,"[         SK텔레콤(SKT)은 새 학기를 맞아 2월1일부터 SK텔레콤을 이용하는 초중고 및 대학생을 대상으로 '맞춤 혜택'을 제공한다고 30일 밝혔다.새 학기 시즌인 2~3월은 학생들의 통신 서비스 수요가 평월 대비 약 2배 늘어나는 것으로 나타났다. 이에 따라 이통사들의 요금 및 데이터, 제휴 혜택에도 많은 관심이 쏠린다. 이날 SKT에 따르면, 만 12세 이하 초등학생은 내달 1일부터 3월31일까지 신규약정, 재약정 시 쿠키즈 요금제 3종에 가입하면 3개월간 통신 요금을 50% 할인 받을 수 있다. 선택약정할인 등 중복 할인도 가능하다. 쿠키즈 요금제는 ▲쿠키즈 스마트(월 1만9800원, 이하 부가세 포함) ▲쿠키즈 미니(월 1만5400원) ▲쿠키즈 워치(월 8800원) 등 총 3종으로 초등학생 고객의 이용 패턴에 적합한 만 12세 이하 전용 요금제다.초등학생들에게 인기가 많은 스마트폰인 마블(MARVEL) 디자인이 적용된 '미니폰 마블 블랙'(출고가 25만3000원)도 2월1일 출시한다. 위치 알림, 마블 테마 화면, 미세먼지 예보 앱 등 초등학생과 학부모에게 유용한 기능을 탑재했다.    중고생은 '영한동' 웹사이트에서 별도 신청하면 다양한 데이터 혜택을 받을 수 있다. 중고생의 경우, 타 연령층 대비 데이터 수요가 많은 편이다. SKT를 이용하는 모든 중고생은 3월4일부터 3월15일까지 약 2주간 진행되는 '0틴위크' 이벤트를 통해 데이터 2GB를 무료로 받을 수 있다. 모두의마블, 세븐나이츠, 2018프로야구, 스노우카메라, FLO 등 총 21개 앱을 데이터 차감 없이 쓰는 '데이터슈퍼패스'와 데이터가 부족할 때 친구 3명이 모여 추가로 데이터 신청이 가능한 '데이터SOS' 혜택도 제공한다.대학생은 영한동 웹사이트에서 '0캠퍼스'에 가입하면 2월8일부터 3월31일까지 애플 맥북, LG그램 등 최신 노트북을 저렴하게 구매할 수 있다. 0캠퍼스에 가입한 대학생은 캠퍼스 전용 데이터 최대 3GB와 클라우드 최대 300GB를 무료로 받고, FLO 음악 무제한 듣기(월 6900원, 이하 부가세별도) 상품을 할인 받아 월 1500원에 이용 가능하다.T멤버십을 이용 중인 모든 학생, 학부모 고객은 설 연휴가 겹치는 2월4일부터 8일까지 T Day의 파격적인 할인 혜택을 누릴 수 있다. T Day는 ▲빕스(VIPS) 40% 할인 ▲11번가 새 학기 이벤트 상품 최대 22% 할인(1만원 이내) ▲롯데월드 종합이용권 55% 할인(본인 및 동반1인) 등 학생들에게 인기있는 제휴 업체로 구성됐다. 2월에는 설 연휴 이후에도 ▲13일 Most앱, T맵택시 할인 ▲20일 메가박스, T맵택시 할인 ▲27일 스타벅스, T맵택시 할인 등이 진행된다.현화영 기자 hhy@segye.comⓒ 세상을 보는 눈, 글로벌 미디어 세계일보 ]",[],http://www.vop.co.kr/A00001372583.html,https://n.news.naver.com/mnews/article/022/0003337292?sid=105
2019.01.30.,비즈트리뷴,,"삼양사 큐원 ‘상쾌환’, 설 맞이 선물세트 출시",,,http://biztribune.co.kr/news/view.php?no=94345,http://www.wikitree.co.kr
2019.01.07.,아시아투데이,,"메디톡스, 유산균 '칸의 아침' 출시…사업다각화 행보",,,http://www.asiatoday.co.kr/view.php?key=20190121010012498,http://www.inews24.com/
2019.01.31.,아주경제,경제,2030 “나도 유튜버 할래”…수십만원 방송장비 ‘불티’,"[ 대형마트, 2년 연속 나홀로 역신장…모바일 쇼핑 확산에 온라인 매출 '쑥'[아이뉴스24 장유미 기자] 지난해에도 온라인 쇼핑몰의 매출 고공행진이 이어지면서 상대적으로 오프라인 유통채널들의 성장세가 위축된 것으로 나타났다. 특히 대형마트는 2017년에 이어 작년에도 나홀로 역신장하며 업태의 어려움이 그대로 드러났다.30일 산업통상자원부가 발표한 '2018년 유통업체 매출동향'에 따르면 주요 유통업체 매출이 전년 대비 6.8% 증가한 가운데, 온라인(15.9%)이 오프라인(1.9%)에 비해 큰 폭의 성장세를 유지한 것으로 드러났다.     [자료=산업부]오프라인 유통업체들은 지난해 대형마트를 제외한 다른 업태의 매출이 소폭 증가세를 보였다. 백화점은 매출이 1.3% 증가했고, 편의점과 SSM도 각각 8.5%, 2.0% 신장했다. 반면, 대형마트는 2017년(-0.1%)에 이어 지난해에도 2.3% 역신장했다.매출비중 역시 대형마트는 소폭 줄었다. 지난해 오프라인 유통업체 매출 비중을 분석한 결과, 대형마트는 전년 대비 2%p 감소한 22.0%를 기록했고 백화점도 2017년 19.6%에서 18.6%로, SSM도 4.5%에서 4.3%로 소폭 하락했다. 편의점만 16.9%에서 17.2%로 소폭 상승했다.산업부 관계자는 ""편의점은 지속적인 점포 수 증가와 소비트렌드 변화에 대한 특화상품 판매 등 적극적인 대응을 통해 전체 매출이 증가한 모습을 보였다""며 ""대형마트는 온라인·전문점의 성장에 따른 시장 잠식 현상 등에 따라 식품군(0.7%)과 가전부문(0.7%)을 제외한 모든 상품군 매출이 감소하며 전체 매출이 감소세를 나타냈다""고 분석했다.이어 ""오프라인 유통업체의 매출 증가세가 온라인에 비해 상당히 저조한 것으로 나타났다""며 ""신기술 도입과 배송제도 개선을 통한 쇼핑 편의성 제고 영향으로 온라인 쇼핑에 대한 소비자 선호가 증가했기 때문""이라고 덧붙였다.실제로 지난해 온라인 유통업체의 매출 비중과 매출 증감률은 2017년 각각 35.0%, 13.2%에서 37.9%, 15.9%로 상승했다. 온라인 판매 중개가 차지하는 매출 비중은 2017년보다 1.8%p 늘어난 26.9%를 기록했고, 매출증가세도 2017년보다 2배 가량 높은 14.7% 증가한 것으로 조사됐다. 온라인 판매의 매출비중과 매출증가세도 두 자릿수를 유지하며 2017년에 이어 좋은 흐름을 이어갔다.온라인판매는 이마트·신세계·AK몰·홈플러스·갤러리아몰·롯데닷컴·롯데마트몰·위메프·티몬 등 9개 사, 온라인판매중개는 이베이코리아(G마켓·옥션)·11번가·인터파크·쿠팡 등 오픈마켓을 뜻한다.산업부 관계자는 ""온라인판매는 새벽 배송 등 신선식품 배송경쟁력 강화에 따른 식품부분의 성장을 중심으로 모든 상품군 매출이 증가세를 보였다""며 ""온라인판매중개도 모바일 쇼핑의 확산 경향에 맞춰 상품추천과 간편결제 등 편리성을 제고한 영향으로 매출 성장세가 지속됐다""고 설명했다.지난해 상품군별 매출비중은 가전·문화(0.7%p)와 식품(0.1%p), 서비스(1.0%p)의 비중이 소폭 증가했지만, 패션·잡화(1.3%p)와 아동·스포츠 부문(0.3%p)의 매출 비중이 감소한 것으로 나타났다.산업부 관계자는 ""소비자들의 온라인 쇼핑 선호 확대 추세에 따라 온라인에서 식품과 생활·가구 부문, 가전·전자 등 모든 매출이 오름세를 보였다""고 밝혔다.지난달 주요 유통업체 매출 역시 오프라인은 소폭 감소했지만 온라인은 두 자릿수 성장세를 기록했다.오프라인 매출은 편의점·SSM의 성장에도 불구하고 대형마트 매출 감소 추세의 영향으로 전체 오프라인 매출은 0.1% 감소했다. 대형마트 매출은 지난해 4월 이후 감소 추세가 추석 명절 시점을 제외하고 계속 이어지고 있는 상황이다.온라인 매출은 무료배송 확대 등 소비자들의 온라인 쇼핑 편의 개선을 통해 온라인에 대한 소비자 선호 증가 추세를 유지하며 14.3% 성장했다. 덕분에 유통업체 전체 매출도 전년 동월 대비 5.1% 증가했다.산업부 관계자는 ""지난달 서비스와 가전·문화 부문의 성장을 중심으로 패션을 제외한 대부분 상품군 매출이 증가세를 보였다""며 ""편의점 영향으로 전체 구매건수는 소폭 증가했지만 전체 구매 단가는 감소했다""고 설명했다.이어 ""전년 동월 대비 매출이 비교적 크게 증가한 온라인과 편의점의 매출 비중은 더 확대된 것으로 나타났다""며 ""나머지 업태의 매출 비중은 지난달 소폭 축소했다""고 덧붙였다.장유미기자 sweet@inews24.com▶네이버 채널에서 '아이뉴스24'를 구독해주세요.▶아이뉴스TV에서 부동산 고수를 만나보세요.[ⓒ 아이뉴스24 무단전재 및 재배포 금지] ]",[],http://www.ajunews.com/view/20190127111243192,https://n.news.naver.com/mnews/article/031/0000479987?sid=101
2019.01.03.,시민일보,,"고려인삼바이오, 차가버섯 설 맞이 선물세트 출시",,,http://www.siminilbo.co.kr/news/articleView.html?idxno=601602,http://www.ilovepc.co.kr
27면 1단,스포츠월드,,"'언더나인틴', 대중의 애정으로 비드라마 종합 부문 '1위'",,,http://www.sportsworldi.com/content/html/2019/01/23/20190123751653.html,http://www.hankyung.com/
2019.01.31.,머니S,IT/과학,"경기도, 장애인 등 취약계층 50명 선발 '경제적 자립 지원' 한다","[ 선택약정할인 가입자 증가 등 영향미디어·보안 사업은 호조SKT ""올해 매출 18조원 예상""[ 최수진 기자  ]     SK텔레콤이 연간 선택약정할인 가입자 증가 등 이동통신사업의 수익 감소 영향으로 지난해 영업이익이 전년보다 21.8% 떨어졌다.SK텔레콤은 지난해 연결 재무제표 기준 연간 매출 16조8740억원, 영업이익 1조2018억원, 순이익 3조1320억원을 기록했다고 31일 밝혔다. 이는 전년대비 각각 3.7%, 21.8% 떨어진 것이다.지난해 4분기 영업이익은 연결기준 2253억원으로 전년 동기대비 27.4% 감소했다. 같은 기간 매출액은 4조3517억원으로 전년 동기대비 3.24% 줄었고 당기순이익은 4745억원으로 28.17% 감소했다.    실적 하락 주요 원인은 이동전화 수익이다. 기초연금수급자 요금 감면 영향과 선택약정할인 가입자 증가 때문이라고 SK텔레콤은 설명했다. 지난해 4분기 SK텔레콤 이동전화수익은 전년 동기 대비 9.0%, 전분기 대비 1.4% 감소했다. 지난해 이동전화 수익은 10조원으로 전년대비 7.1% 떨어졌다.ARPU(가입자 1인당 평균 수익)도 지속적으로 떨어지고 있다. 지난해 4분기 ARPU는 전년동기 대비 10.2%, 전분기 대비 2.3% 감소했고, 지난해 ARPU는 3만2246원으로 전년대비 7.6% 줄었다.반면 미디어와 보안 사업은 지난해 4분기 전 분기보다 3.9% 증가한 매출 4조 3517억원을 달성했다. ADT캡스는 지난해 4분기 매출 2008억원, 영업이익 286억원을 달성했다.SK텔레콤은 올해 매출액이 18조원 예상된다고 이날 공시했다. 또 5G(5세대 이동통신)에 대한 투자도 지속적으로 확대할 계획이다.또 미디어 사업은 옥수수와 푹(POOQ)을 통합해 경쟁력 있는 글로벌 온라인 동영상 서비스(OTT) 플랫폼으로 육성하고, 미국 최대 규모 지상파 방송사 싱클레어사와 손잡고 미국 차세대 방송 솔루션 시장에 진출함으로써 올 한해 외연 확대에 나선다.커머스 사업은 지난해 11번가의 5000억원 투자 유치 성과로 내실 있는 사업 성장을 위한 토대를 마련했다. 윤풍영 SK텔레콤 Corporate센터장은 “지난해 New ICT 사업 포트폴리오를 성공적으로 재편함으로써 MNO, 미디어, 보안, 커머스 4대 사업의 기본 틀을 갖췄다”며, “올 한해 압도적인 5G 서비스 경쟁력을 바탕으로 New ICT 사업의 성장판을 여는데 최선을 다할 것”이라고 밝혔다.최수진 한경닷컴 기자 naive@hankyung.com[한경닷컴 바로가기] [모바일한경 구독신청] 네이버에서 한국경제 채널 구독하기 &lt;자세히 보기&gt; ⓒ 한국경제 &amp; hankyung.com, 무단전재 및 재배포 금지   ]",[''],http://moneys.mt.co.kr/news/mwView.php?no=2019012112328076646,https://n.news.naver.com/mnews/article/015/0004087428?sid=105
2019.01.31.,마켓뉴스,,"GS리테일 심플리쿡, 설 상차림 필수 메뉴 출시",,,http://www.marketnews.co.kr/view.php?ud=2019012310211329776cf2d12f15_24,https://www.kpinews.kr/
2019-01-30 10:31:12,공감신문,,"런칭과 동시 베스트 1위달성, 슈퍼대디 리얼소프트 기저귀에 이목 집중!",,,http://www.gokorea.kr/news/articleView.html?idxno=66594,http://www.etnews.com
2019-01-30 11:01:07,아시아경제,IT/과학,29만원짜리 강아지 맞춤 한복…명절도 반려동물 팔자가 상팔자(종합),"[     글로벌 디스플레이 브랜드 벤큐(지사장 소윤석)는 자사 HDR 모니터 구매 시 최대 5만원 문화상품권을 증정하는 행사를 실시한다. 이번 행사는 벤큐 모니터 공식 수입원 피치밸리와 함께 11번가 단독으로 진행한다.27인치 FHD모니터 EW277HDR 구매 시 2만원 모바일 문화상품권을 증정한다. 27.9인치 4K UHD해상도를 지원하는 EL2870U는 3만원권, 35인치 WQHD 해상도 커브드 모니터 EX3501R는 5만원권을 증정한다.3개 제품은 HDR 기능 뿐 아니라 아이케어 기능도 더욱 강화됐다. 주변 밝기를 감지해 화면 밝기와 색온도를 최적화하는 기능이 탑재, 장시간 모니터를 사용해도 눈이 편안하다.이상현 벤큐 마케팅팀장은 “HDR은 명암을 극대화하여 보다 실감나는 영상을 표현하지만 눈이 쉽게 피로해질 수 있다”면서 “벤큐 HDR모니터는 눈의 피로감을 덜어주는 아이케어 기능이 있어 보다 건강하게 HDR 콘텐츠를 즐길 수 있다”고 말했다.권상희기자 shkwon@etnews.com▶ 5G가 열어갈 미래 세상 ""5G 그랜드 비전 2019""▶ 네이버 모바일에서 [전자신문] 채널 구독하기▶ 전자신문 바로가기 [Copyright ⓒ 전자신문 &amp; 전자신문인터넷, 무단전재 및 재배포 금지] ]",[],http://view.asiae.co.kr/news/view.htm?idxno=2019012415084140935,https://n.news.naver.com/mnews/article/030/0002773844?sid=105
2019-01-31 10:14:41,인벤,,"ARGB LED 감성 PC 케이스, 'MSI MAG 뱀파이어 010' 출시",,,http://www.inven.co.kr/webzine/news/?news=214333,http://www.inews24.com/
2019-01-08 11:34:18,인천일보,IT/과학,[사설] 오염된 캠프마켓 정화 반환은 상식이다,"[ MNO 실적, 하반기 턴어라운드 기대[아이뉴스24 김문기 기자] ""지배구조 개편 시기는 ICT 포트폴리오가 완성되는 최적의 시점에 할 것이며, 현재까지는 결정된 바 없다.""윤풍영 SK텔레콤 코퍼레이트센터장(CFO)은 31일 실적 컨퍼런스콜을 통해 지배구조개편과 관련된 시점에 대해 이같이 말했다.윤 CFO는 ""지배구조개편과 기업가치제고를 지속 검토하고 있다""며, ""이의 일환으로 ICT 포트폴리오 를 강화하고 있다""고 말했다.이어, ""지난해는 비통신 사업중 보안과 커머스에서 ADT캡스 SK인포섹 인수와 11번가 투자 유치 등을 이뤘다""며, ""올해도 미디어, 보안, 커머스 등 비통신 사업 가치를 올려 시너지 및 지배구조 효과를 극대화하는데 노력할 것""이라고 덧붙였다.또 ""현재는 미디어 사업가치 상승 등 기반 마련에 집중하고 있다""며, ""옥수수와 푹 (통합 등) 지상파와 협력으로 상반기 가시적인 성과가 나올 것으로 예상한다""고 설명했다.SK텔레콤은 수익성이 하락세인 MNO(무선) 사업도 올 하반기를 기점으로 턴어라운드 할 것으로 기대했다.윤 CFO는 ""올해 5G 상용화를 통한 이동통신 매출 상승은 보안, 커머스, 미디어 등과 연결돼 전년대비 1조원 이상의 개선이 있을 것""이라며, ""요금인하 효과는 지속되겠지만 합리적 요금제 제시, 가입자 순증 등에 힘입어 하반기 (실적) 턴어라운드를 예상하고 있다""고 강조했다.이어 ""5G 일정 비용 있겠지만 마케팅 등 효율적 집행으로 최소화할 계획""이라고 말했다.아울러 ""SK브로드밴드는 IPTV T커머스 중심으로 두자릿수 이상 성장으로 실적 개선에 이바지하는 한편, OTT 등 신규 미디어 사업 성장도 예상된다""고 덧붙였다.    김문기기자 moon@inews24.com▶네이버 채널에서 '아이뉴스24'를 구독해주세요.▶아이뉴스TV에서 부동산 고수를 만나보세요.[ⓒ 아이뉴스24 무단전재 및 재배포 금지] ]",['합리적 요금제 제시? ㅈ까고 계시네 추천요금제만 유치해야지 왜 arpu 들먹거리면서 무조건 라지 이상 팔라하냐? 시대가 어느시댄데? 정직하게 새로고침 이라메~ 추천요금제 맞추면 알프 신경안써도 된다메~ 아 못해먹것다'],http://www.incheonilbo.com/news/articleView.html?idxno=927132,https://n.news.naver.com/mnews/article/031/0000480283?sid=105
2019-01-31 16:53:41,포인트데일리,,"삼양사 큐원 ‘상쾌환’, 설 맞이 선물세트 출시",,,http://www.thekpm.com/view.php?ud=20190124093900886448e3dd6dd5_17,http://news1.kr/
2019-01-31 17:19:45,스포츠투데이,IT/과학,"'언더나인틴', 2월 9일 파이널 공연+방송 시간 연장","[ ""이동통신 매출, 올 하반기 턴어라운드 기대""""미디어, 보안 등 非통신사업 성장이 실적 견인할 것""    서울 중구 SK텔레콤 본사의 모습. © News1(서울=뉴스1) 강은성 기자 = SK텔레콤이 오는 3월부터 상용화될 개인용 5세대(5G) 이동통신 서비스와 폭발적으로 성장하고 있는 미디어 사업, ADT캡스 인수에 따른 보안사업 등에 힘입어 올해 1조원 이상의 매출확대를 일구겠다고 공언했다. 윤풍영 SK텔레콤 코퍼레이트센터장은 31일 진행한 실적발표 콘퍼런스콜에서 ""지난 2018년 실적은 이동전화 수익감소로 인해 영업이익 하락이 불가피했다""면서 ""올해는 5G 개인용 서비스 상용화와 함께 홈미디어 사업확대, 보안 등 비(非)통신 사업의 성장세가 가속화되면서 지난해보다 1조원, 6%가량 성장한 18조원의 매출을 기록할 수 있을 것""이라고 말했다. SK텔레콤은 지난 2018년에 연결기준 매출 16조8740억원, 영업이익 1조2018억원, 순이익 3조1320억원을 기록했다. 매출과 영업이익은 전년대비 3.7%, 21.8%씩 감소했고 순이익만 자회사 SK하이닉스의 지분법 이익에 따라 17.9% 증가했다. 특히 지난해 실적부진의 주 요인은 이동전화 사업이었다. 이동전화 매출은 전년대비 7.1%나 감소하면서 4분기 일회성 비용 등을 제외하더라도 SK텔레콤의 실적부진에 적지않은 영향을 미쳤다. 하지만 윤 센터장은 이에 대해 ""올해부터는 25% 요금할인 가입자가 안정 추세에 접어들고 5G 상용화에 따른 매출확대 등으로 하반기부터 이동전화 매출의 턴어라운드가 가능할 것""이라고 말했다. 실제 김홍식 하나금융투자증권 선임연구원은 ""25% 선택약정할인 가입자 전환이 올해 어느 정도 마무리되고 나면 이로 인한 무선실적 감소는 어느정도 안정을 되찾을 것""이라면서 ""3월부터 출시될 5G 요금제는 광대역, 대용량 데이터 서비스를 기본으로 하기 때문에 현 요금제와 비교해 요금을 인상하지는 않더라도 이용자들이 고가 요금제를 선택해 5G 서비스를 누리려는 '업셀링' 현상이 일어날 것""이라고 전망했다. 아울러 SK텔레콤은 5G 개인 서비스 상용화 이후 이동통신 매출상승과 더불어 보안, 미디어, 커머스등 ICT 연관 비즈니스 수익이 가시화 될 것으로 기대하고 있다. 윤 센터장은 ""지배구조 개편과 기업가치 제고를 지속적으로 검토하고 있다""면서 ""지난해엔 비(非)통신 사업 중 핀테크와 보안, 11번가 등의 자생 가능한 성장기반을 마련했다면 올해는 미디어, 보안, 커머스등 비통신 사업의 가치를 올려 사업간 시너지 창출 및 지배구조 개편 효과를 극대화하도록 노력하겠다""고 말했다.esther@news1.kr▶ [ 크립토허브 ]  [ 터닝포인트 2019 ] ▶ 네이버 메인에서 [뉴스1] 구독하기![© 뉴스1코리아(news1.kr), 무단 전재 및 재배포 금지] ]",[],http://stoo.com/article.php?aid=52344946793,https://n.news.naver.com/mnews/article/421/0003815377?sid=105
2019.01.31.,연합뉴스,,"설명절 D-19, 온라인업체도 선물세트 판매 본격화",,,http://yna.kr/AKR20190114035600030?did=1195m,http://www.asiatime.co.kr/
2019.01.31.,뉴스1,,"'언더나인틴' 데뷔조, 그룹명 공모…2월 9일 발표",,,http://news1.kr/articles/?3527285,http://www.hankyung.com/
2019.01.03.,글로벌이코노믹,IT/과학,"심플리쿡, 설 상차림 필수 메뉴 출시","[ 선택약정할인 가입자 증가 등 영향미디어·보안 사업은 호조SKT ""올해 매출 18조원 예상""[ 최수진 기자  ]     SK텔레콤이 연간 선택약정할인 가입자 증가 등 이동통신사업의 수익 감소 영향으로 지난해 영업이익이 전년보다 21.8% 떨어졌다.SK텔레콤은 지난해 연결 재무제표 기준 연간 매출 16조8740억원, 영업이익 1조2018억원, 순이익 3조1320억원을 기록했다고 31일 밝혔다. 이는 전년대비 각각 3.7%, 21.8% 떨어진 것이다.지난해 4분기 영업이익은 연결기준 2253억원으로 전년 동기대비 27.4% 감소했다. 같은 기간 매출액은 4조3517억원으로 전년 동기대비 3.24% 줄었고 당기순이익은 4745억원으로 28.17% 감소했다.    실적 하락 주요 원인은 이동전화 수익이다. 기초연금수급자 요금 감면 영향과 선택약정할인 가입자 증가 때문이라고 SK텔레콤은 설명했다. 지난해 4분기 SK텔레콤 이동전화수익은 전년 동기 대비 9.0%, 전분기 대비 1.4% 감소했다. 지난해 이동전화 수익은 10조원으로 전년대비 7.1% 떨어졌다.ARPU(가입자 1인당 평균 수익)도 지속적으로 떨어지고 있다. 지난해 4분기 ARPU는 전년동기 대비 10.2%, 전분기 대비 2.3% 감소했고, 지난해 ARPU는 3만2246원으로 전년대비 7.6% 줄었다.반면 미디어와 보안 사업은 지난해 4분기 전 분기보다 3.9% 증가한 매출 4조 3517억원을 달성했다. ADT캡스는 지난해 4분기 매출 2008억원, 영업이익 286억원을 달성했다.SK텔레콤은 올해 매출액이 18조원 예상된다고 이날 공시했다. 또 5G(5세대 이동통신)에 대한 투자도 지속적으로 확대할 계획이다.또 미디어 사업은 옥수수와 푹(POOQ)을 통합해 경쟁력 있는 글로벌 온라인 동영상 서비스(OTT) 플랫폼으로 육성하고, 미국 최대 규모 지상파 방송사 싱클레어사와 손잡고 미국 차세대 방송 솔루션 시장에 진출함으로써 올 한해 외연 확대에 나선다.커머스 사업은 지난해 11번가의 5000억원 투자 유치 성과로 내실 있는 사업 성장을 위한 토대를 마련했다. 윤풍영 SK텔레콤 Corporate센터장은 “지난해 New ICT 사업 포트폴리오를 성공적으로 재편함으로써 MNO, 미디어, 보안, 커머스 4대 사업의 기본 틀을 갖췄다”며, “올 한해 압도적인 5G 서비스 경쟁력을 바탕으로 New ICT 사업의 성장판을 여는데 최선을 다할 것”이라고 밝혔다.최수진 한경닷컴 기자 naive@hankyung.com[한경닷컴 바로가기] [모바일한경 구독신청] 네이버에서 한국경제 채널 구독하기 &lt;자세히 보기&gt; ⓒ 한국경제 &amp; hankyung.com, 무단전재 및 재배포 금지   ]",[''],http://www.g-enews.com/ko-kr/news/article/news_all/20190123090400770c176748603_1/article.html,https://n.news.naver.com/mnews/article/015/0004087428?sid=105
27면 1단,머니투데이,,"SK텔레콤, 중장기 비전에 주목 '매수' -미래에셋대우",,,http://news.mt.co.kr/mtview.php?no=2019012307483838789,https://www.kpinews.kr/
2019.01.30.,한국일보,,"‘언더나인틴’ 19人 예비돌, 파이널 ‘120분 특별 편성’ 확정…스페셜 무대...",,,http://www.hankookilbo.com/news/npath/201901230092062162?did=NA,http://www.etnews.com
2019.01.30.,이뉴스투데이,IT/과학,"새해맞이 득템 기회…이커머스업계, 특가경쟁 돌입","[     글로벌 디스플레이 브랜드 벤큐(지사장 소윤석)는 자사 HDR 모니터 구매 시 최대 5만원 문화상품권을 증정하는 행사를 실시한다. 이번 행사는 벤큐 모니터 공식 수입원 피치밸리와 함께 11번가 단독으로 진행한다.27인치 FHD모니터 EW277HDR 구매 시 2만원 모바일 문화상품권을 증정한다. 27.9인치 4K UHD해상도를 지원하는 EL2870U는 3만원권, 35인치 WQHD 해상도 커브드 모니터 EX3501R는 5만원권을 증정한다.3개 제품은 HDR 기능 뿐 아니라 아이케어 기능도 더욱 강화됐다. 주변 밝기를 감지해 화면 밝기와 색온도를 최적화하는 기능이 탑재, 장시간 모니터를 사용해도 눈이 편안하다.이상현 벤큐 마케팅팀장은 “HDR은 명암을 극대화하여 보다 실감나는 영상을 표현하지만 눈이 쉽게 피로해질 수 있다”면서 “벤큐 HDR모니터는 눈의 피로감을 덜어주는 아이케어 기능이 있어 보다 건강하게 HDR 콘텐츠를 즐길 수 있다”고 말했다.권상희기자 shkwon@etnews.com▶ 5G가 열어갈 미래 세상 ""5G 그랜드 비전 2019""▶ 네이버 모바일에서 [전자신문] 채널 구독하기▶ 전자신문 바로가기 [Copyright ⓒ 전자신문 &amp; 전자신문인터넷, 무단전재 및 재배포 금지] ]",[],http://www.enewstoday.co.kr/news/articleView.html?idxno=1258830,https://n.news.naver.com/mnews/article/030/0002773844?sid=105
2019.01.31.,글로벌경제,,GS리테일 ‘심플리쿡’ 설 상차림 필수 메뉴 출시,,,http://www.getnews.co.kr/view.php?ud=20190123140112762541d0c69529_16,http://www.ajunews.com
2019.01.31.,아시아투데이,,[친절한 프리뷰] ‘언더나인틴’ 파이널 생방송 무대에 오를 생존 예비돌은?,,,http://www.asiatoday.co.kr/view.php?key=20190126001712157,http://www.etoday.co.kr
2019.01.18.,이데일리언론사 선정,,"'스카이폰'이 돌아온다… ""연내 서비스센터 50곳 이상 구축할 것""",,,http://www.edaily.co.kr/news/newspath.asp?newsid=04057366622357720,http://www.inews24.com/
14면 1단,동아일보,IT/과학,"한독, 설맞이 ‘테라큐민플러스 선물세트’ 출시…“실속·건강 담았다”","[ MNO 실적, 하반기 턴어라운드 기대[아이뉴스24 김문기 기자] ""지배구조 개편 시기는 ICT 포트폴리오가 완성되는 최적의 시점에 할 것이며, 현재까지는 결정된 바 없다.""윤풍영 SK텔레콤 코퍼레이트센터장(CFO)은 31일 실적 컨퍼런스콜을 통해 지배구조개편과 관련된 시점에 대해 이같이 말했다.윤 CFO는 ""지배구조개편과 기업가치제고를 지속 검토하고 있다""며, ""이의 일환으로 ICT 포트폴리오 를 강화하고 있다""고 말했다.이어, ""지난해는 비통신 사업중 보안과 커머스에서 ADT캡스 SK인포섹 인수와 11번가 투자 유치 등을 이뤘다""며, ""올해도 미디어, 보안, 커머스 등 비통신 사업 가치를 올려 시너지 및 지배구조 효과를 극대화하는데 노력할 것""이라고 덧붙였다.또 ""현재는 미디어 사업가치 상승 등 기반 마련에 집중하고 있다""며, ""옥수수와 푹 (통합 등) 지상파와 협력으로 상반기 가시적인 성과가 나올 것으로 예상한다""고 설명했다.SK텔레콤은 수익성이 하락세인 MNO(무선) 사업도 올 하반기를 기점으로 턴어라운드 할 것으로 기대했다.윤 CFO는 ""올해 5G 상용화를 통한 이동통신 매출 상승은 보안, 커머스, 미디어 등과 연결돼 전년대비 1조원 이상의 개선이 있을 것""이라며, ""요금인하 효과는 지속되겠지만 합리적 요금제 제시, 가입자 순증 등에 힘입어 하반기 (실적) 턴어라운드를 예상하고 있다""고 강조했다.이어 ""5G 일정 비용 있겠지만 마케팅 등 효율적 집행으로 최소화할 계획""이라고 말했다.아울러 ""SK브로드밴드는 IPTV T커머스 중심으로 두자릿수 이상 성장으로 실적 개선에 이바지하는 한편, OTT 등 신규 미디어 사업 성장도 예상된다""고 덧붙였다.    김문기기자 moon@inews24.com▶네이버 채널에서 '아이뉴스24'를 구독해주세요.▶아이뉴스TV에서 부동산 고수를 만나보세요.[ⓒ 아이뉴스24 무단전재 및 재배포 금지] ]",['합리적 요금제 제시? ㅈ까고 계시네 추천요금제만 유치해야지 왜 arpu 들먹거리면서 무조건 라지 이상 팔라하냐? 시대가 어느시댄데? 정직하게 새로고침 이라메~ 추천요금제 맞추면 알프 신경안써도 된다메~ 아 못해먹것다'],http://news.donga.com/3/all/20190121/93789581/2,https://n.news.naver.com/mnews/article/031/0000480283?sid=105
2019-01-31 10:14:41,녹색경제신문,,"삼양사 큐원, '상쾌환' 설 맞이 첫 선물세트 출시... 온라인 한정 판매",,,http://www.greened.kr/news/articleView.html?idxno=92022,http://news1.kr/
2019-01-08 11:34:18,머니투데이방송,IT/과학,"파인디지털, 지능형 ADAS 블랙박스 '파인뷰 X5' 예약판매 진행","[ ""이동통신 매출, 올 하반기 턴어라운드 기대""""미디어, 보안 등 非통신사업 성장이 실적 견인할 것""    서울 중구 SK텔레콤 본사의 모습. © News1(서울=뉴스1) 강은성 기자 = SK텔레콤이 오는 3월부터 상용화될 개인용 5세대(5G) 이동통신 서비스와 폭발적으로 성장하고 있는 미디어 사업, ADT캡스 인수에 따른 보안사업 등에 힘입어 올해 1조원 이상의 매출확대를 일구겠다고 공언했다. 윤풍영 SK텔레콤 코퍼레이트센터장은 31일 진행한 실적발표 콘퍼런스콜에서 ""지난 2018년 실적은 이동전화 수익감소로 인해 영업이익 하락이 불가피했다""면서 ""올해는 5G 개인용 서비스 상용화와 함께 홈미디어 사업확대, 보안 등 비(非)통신 사업의 성장세가 가속화되면서 지난해보다 1조원, 6%가량 성장한 18조원의 매출을 기록할 수 있을 것""이라고 말했다. SK텔레콤은 지난 2018년에 연결기준 매출 16조8740억원, 영업이익 1조2018억원, 순이익 3조1320억원을 기록했다. 매출과 영업이익은 전년대비 3.7%, 21.8%씩 감소했고 순이익만 자회사 SK하이닉스의 지분법 이익에 따라 17.9% 증가했다. 특히 지난해 실적부진의 주 요인은 이동전화 사업이었다. 이동전화 매출은 전년대비 7.1%나 감소하면서 4분기 일회성 비용 등을 제외하더라도 SK텔레콤의 실적부진에 적지않은 영향을 미쳤다. 하지만 윤 센터장은 이에 대해 ""올해부터는 25% 요금할인 가입자가 안정 추세에 접어들고 5G 상용화에 따른 매출확대 등으로 하반기부터 이동전화 매출의 턴어라운드가 가능할 것""이라고 말했다. 실제 김홍식 하나금융투자증권 선임연구원은 ""25% 선택약정할인 가입자 전환이 올해 어느 정도 마무리되고 나면 이로 인한 무선실적 감소는 어느정도 안정을 되찾을 것""이라면서 ""3월부터 출시될 5G 요금제는 광대역, 대용량 데이터 서비스를 기본으로 하기 때문에 현 요금제와 비교해 요금을 인상하지는 않더라도 이용자들이 고가 요금제를 선택해 5G 서비스를 누리려는 '업셀링' 현상이 일어날 것""이라고 전망했다. 아울러 SK텔레콤은 5G 개인 서비스 상용화 이후 이동통신 매출상승과 더불어 보안, 미디어, 커머스등 ICT 연관 비즈니스 수익이 가시화 될 것으로 기대하고 있다. 윤 센터장은 ""지배구조 개편과 기업가치 제고를 지속적으로 검토하고 있다""면서 ""지난해엔 비(非)통신 사업 중 핀테크와 보안, 11번가 등의 자생 가능한 성장기반을 마련했다면 올해는 미디어, 보안, 커머스등 비통신 사업의 가치를 올려 사업간 시너지 창출 및 지배구조 개편 효과를 극대화하도록 노력하겠다""고 말했다.esther@news1.kr▶ [ 크립토허브 ]  [ 터닝포인트 2019 ] ▶ 네이버 메인에서 [뉴스1] 구독하기![© 뉴스1코리아(news1.kr), 무단 전재 및 재배포 금지] ]",[],http://news.mtn.co.kr/newscenter/news_viewer.mtn?gidx=2019012209332447802,https://n.news.naver.com/mnews/article/421/0003815377?sid=105
2019-01-31 16:53:41,스포츠한국,,"뮤지컬 '라이온 킹', 4월 11일 부산 공연 개막… 29일 오후 2시 티켓 오픈",,,http://sports.hankooki.com/lpage/entv/201901/sp20190122124253136730.htm,http://www.ilovepc.co.kr
2019-01-31 17:19:45,스포츠서울,,"125000000 vs. 8500, '극과 극' 설 선물세트 가격",,,http://www.sportsseoul.com/news/read/721059,http://www.munhwa.com/
2019-01-30 14:41:00,시사포커스,사회,"이케아, 지난해 유통 브랜드 시급 1위…이어 자라‧COS","[     마포구, 조례개정통해 혜택 확대서울 마포구는 망원시장 등 전통시장을 중심으로 ‘제로페이’ 결제가 확산하고 있다고 30일 밝혔다. 마포구는 지난해 12월 소상공인 카드 수수료 부담을 덜어주기 위한 제로페이 시범운영을 시작한 뒤 한 달여간 1060여 곳의 가맹점을 모집했다. 특히 망원시장은 사업자등록 기준 업소 72곳 중 절반이 넘는 41곳이 가맹점(사진)으로 등록했다.마포구는 제로페이의 확산과 조기 정착을 위해 분주히 움직이고 있다. 자체적으로 제로페이 추진 태스크포스(TF)를 꾸리고 상반기 중으로 제로페이 이용자 감면을 위한 조례 개정도 추진한다. 이를 통해 지역 내 공공시설물의 입장료와 이용료, 수강료 등을 할인받을 수 있도록 할 계획이다. 홍보 인력도 채용한다. 전문 홍보 인력을 투입해 오는 4월까지 제로페이 가맹점 발굴과 소비자 홍보에 보다 집중할 방침이다. 또 올해부터 공무원들의 복지포인트 일부를 제로페이로 사용하는 방안도 도입했다. 최근 중소벤처기업부가 오는 3월 시작하는 제로페이 본사업 참여자로 카카오페이와 KT, 11번가 등을 정했다고 발표하며 제로페이 확산 분위기도 커지고 있다. 유동균 마포구청장은 “마포구는 매월 1회 제로페이 활성화를 위한 관련 부서 전체회의를 개최하고 지역 내 상점과 기업, 시설 등 공공과 민간에 전방위적인 홍보를 펼쳐 나갈 계획”이라며 “영세 자영업자의 수수료 부담을 덜고 소비자에게 전에 없던 추가적인 혜택을 줄 수 있는 제도이니만큼 제로페이 확산을 위해 최선을 다하겠다”고 말했다.   김도연 기자 kdychi@munhwa.com[ 문화닷컴 바로가기 | 문화일보가 직접 편집한 뉴스 채널 | 모바일 웹 ][Copyrightⓒmunhwa.com '대한민국 오후를 여는 유일석간 문화일보' 무단 전재 및 재배포 금지(구독신청:02)3701-5555)]   ]",[],http://www.sisafocus.co.kr/news/articleView.html?idxno=200902,https://n.news.naver.com/mnews/article/021/0002380329?sid=102
2019.01.30.,아시아경제,,캣맘·도그파파 지갑 노리면 백발백중…애완동물 전용관 쑥쑥,,,http://view.asiae.co.kr/news/view.htm?idxno=2019010510591148057,http://www.etoday.co.kr
2019.01.31.,메디파나뉴스,,"메디톡스, 첫 유산균 제품 출시… 사업다각화 행보",,,http://medipana.com/news/news_viewer.asp?NewsNum=233689&MainKind=A&NewsKind=5&vCount=12&vKind=1,http://www.inews24.com/
2019.01.31.,스마트경제,IT/과학,"삼양사, 큐원 '상쾌환' 설 맞이 숙취해소 선물세트로 출시","[ MNO 실적, 하반기 턴어라운드 기대[아이뉴스24 김문기 기자] ""지배구조 개편 시기는 ICT 포트폴리오가 완성되는 최적의 시점에 할 것이며, 현재까지는 결정된 바 없다.""윤풍영 SK텔레콤 코퍼레이트센터장(CFO)은 31일 실적 컨퍼런스콜을 통해 지배구조개편과 관련된 시점에 대해 이같이 말했다.윤 CFO는 ""지배구조개편과 기업가치제고를 지속 검토하고 있다""며, ""이의 일환으로 ICT 포트폴리오 를 강화하고 있다""고 말했다.이어, ""지난해는 비통신 사업중 보안과 커머스에서 ADT캡스 SK인포섹 인수와 11번가 투자 유치 등을 이뤘다""며, ""올해도 미디어, 보안, 커머스 등 비통신 사업 가치를 올려 시너지 및 지배구조 효과를 극대화하는데 노력할 것""이라고 덧붙였다.또 ""현재는 미디어 사업가치 상승 등 기반 마련에 집중하고 있다""며, ""옥수수와 푹 (통합 등) 지상파와 협력으로 상반기 가시적인 성과가 나올 것으로 예상한다""고 설명했다.SK텔레콤은 수익성이 하락세인 MNO(무선) 사업도 올 하반기를 기점으로 턴어라운드 할 것으로 기대했다.윤 CFO는 ""올해 5G 상용화를 통한 이동통신 매출 상승은 보안, 커머스, 미디어 등과 연결돼 전년대비 1조원 이상의 개선이 있을 것""이라며, ""요금인하 효과는 지속되겠지만 합리적 요금제 제시, 가입자 순증 등에 힘입어 하반기 (실적) 턴어라운드를 예상하고 있다""고 강조했다.이어 ""5G 일정 비용 있겠지만 마케팅 등 효율적 집행으로 최소화할 계획""이라고 말했다.아울러 ""SK브로드밴드는 IPTV T커머스 중심으로 두자릿수 이상 성장으로 실적 개선에 이바지하는 한편, OTT 등 신규 미디어 사업 성장도 예상된다""고 덧붙였다.    김문기기자 moon@inews24.com▶네이버 채널에서 '아이뉴스24'를 구독해주세요.▶아이뉴스TV에서 부동산 고수를 만나보세요.[ⓒ 아이뉴스24 무단전재 및 재배포 금지] ]",['합리적 요금제 제시? ㅈ까고 계시네 추천요금제만 유치해야지 왜 arpu 들먹거리면서 무조건 라지 이상 팔라하냐? 시대가 어느시댄데? 정직하게 새로고침 이라메~ 추천요금제 맞추면 알프 신경안써도 된다메~ 아 못해먹것다'],http://www.dailysmart.co.kr/news/articleView.html?idxno=5469,https://n.news.naver.com/mnews/article/031/0000480283?sid=105
2019.01.31.,머니투데이,,"편의점 증가율 감소하니 점포당 매출액 증가…""과밀화가 수익 악화 주범""",,,http://news.mt.co.kr/mtview.php?no=2019012415073998691,http://news1.kr/
2019.01.30.,전자신문언론사 선정,IT/과학,"[이슈분석]SK텔레콤, 한국의 알파벳·소프트뱅크로 재탄생","[ ""이동통신 매출, 올 하반기 턴어라운드 기대""""미디어, 보안 등 非통신사업 성장이 실적 견인할 것""    서울 중구 SK텔레콤 본사의 모습. © News1(서울=뉴스1) 강은성 기자 = SK텔레콤이 오는 3월부터 상용화될 개인용 5세대(5G) 이동통신 서비스와 폭발적으로 성장하고 있는 미디어 사업, ADT캡스 인수에 따른 보안사업 등에 힘입어 올해 1조원 이상의 매출확대를 일구겠다고 공언했다. 윤풍영 SK텔레콤 코퍼레이트센터장은 31일 진행한 실적발표 콘퍼런스콜에서 ""지난 2018년 실적은 이동전화 수익감소로 인해 영업이익 하락이 불가피했다""면서 ""올해는 5G 개인용 서비스 상용화와 함께 홈미디어 사업확대, 보안 등 비(非)통신 사업의 성장세가 가속화되면서 지난해보다 1조원, 6%가량 성장한 18조원의 매출을 기록할 수 있을 것""이라고 말했다. SK텔레콤은 지난 2018년에 연결기준 매출 16조8740억원, 영업이익 1조2018억원, 순이익 3조1320억원을 기록했다. 매출과 영업이익은 전년대비 3.7%, 21.8%씩 감소했고 순이익만 자회사 SK하이닉스의 지분법 이익에 따라 17.9% 증가했다. 특히 지난해 실적부진의 주 요인은 이동전화 사업이었다. 이동전화 매출은 전년대비 7.1%나 감소하면서 4분기 일회성 비용 등을 제외하더라도 SK텔레콤의 실적부진에 적지않은 영향을 미쳤다. 하지만 윤 센터장은 이에 대해 ""올해부터는 25% 요금할인 가입자가 안정 추세에 접어들고 5G 상용화에 따른 매출확대 등으로 하반기부터 이동전화 매출의 턴어라운드가 가능할 것""이라고 말했다. 실제 김홍식 하나금융투자증권 선임연구원은 ""25% 선택약정할인 가입자 전환이 올해 어느 정도 마무리되고 나면 이로 인한 무선실적 감소는 어느정도 안정을 되찾을 것""이라면서 ""3월부터 출시될 5G 요금제는 광대역, 대용량 데이터 서비스를 기본으로 하기 때문에 현 요금제와 비교해 요금을 인상하지는 않더라도 이용자들이 고가 요금제를 선택해 5G 서비스를 누리려는 '업셀링' 현상이 일어날 것""이라고 전망했다. 아울러 SK텔레콤은 5G 개인 서비스 상용화 이후 이동통신 매출상승과 더불어 보안, 미디어, 커머스등 ICT 연관 비즈니스 수익이 가시화 될 것으로 기대하고 있다. 윤 센터장은 ""지배구조 개편과 기업가치 제고를 지속적으로 검토하고 있다""면서 ""지난해엔 비(非)통신 사업 중 핀테크와 보안, 11번가 등의 자생 가능한 성장기반을 마련했다면 올해는 미디어, 보안, 커머스등 비통신 사업의 가치를 올려 사업간 시너지 창출 및 지배구조 개편 효과를 극대화하도록 노력하겠다""고 말했다.esther@news1.kr▶ [ 크립토허브 ]  [ 터닝포인트 2019 ] ▶ 네이버 메인에서 [뉴스1] 구독하기![© 뉴스1코리아(news1.kr), 무단 전재 및 재배포 금지] ]",[],http://www.etnews.com/20190118000212,https://n.news.naver.com/mnews/article/421/0003815377?sid=105
2019.01.18.,뉴스웍스,,"""SK텔레콤, 실적보다는 중장기 비전에 주목""",,,http://www.newsworks.co.kr/news/articleView.html?idxno=330318,http://www.inthenews.co.kr
14면 1단,파이낸셜뉴스,,'몸짱'이 되려면 마그네슘과 비타민B₆에 주목하라,,,http://www.fnnews.com/news/201901230909073703,http://www.newdaily.co.kr/
2019.01.31.,조이뉴스24,,"'언더나인틴', 파이널 무대 120분 확대 편성…2월 9일 방송",,,http://www.joynews24.com/view/1153036,http://www.ilovepc.co.kr
2019.01.18.,에너지경제,,"[이통사 MISSION①] SK텔레콤, 중간지주사 전환…연내 성사 되나",,,http://www.ekn.kr/news/article.html?no=411966,http://www.munhwa.com/
2019.01.15.,아주경제,사회,‘명성 입증한’ 뮤지컬 ‘라이온 킹’ 부산 상륙...1월29일 첫 티켓 오픈,"[     마포구, 조례개정통해 혜택 확대서울 마포구는 망원시장 등 전통시장을 중심으로 ‘제로페이’ 결제가 확산하고 있다고 30일 밝혔다. 마포구는 지난해 12월 소상공인 카드 수수료 부담을 덜어주기 위한 제로페이 시범운영을 시작한 뒤 한 달여간 1060여 곳의 가맹점을 모집했다. 특히 망원시장은 사업자등록 기준 업소 72곳 중 절반이 넘는 41곳이 가맹점(사진)으로 등록했다.마포구는 제로페이의 확산과 조기 정착을 위해 분주히 움직이고 있다. 자체적으로 제로페이 추진 태스크포스(TF)를 꾸리고 상반기 중으로 제로페이 이용자 감면을 위한 조례 개정도 추진한다. 이를 통해 지역 내 공공시설물의 입장료와 이용료, 수강료 등을 할인받을 수 있도록 할 계획이다. 홍보 인력도 채용한다. 전문 홍보 인력을 투입해 오는 4월까지 제로페이 가맹점 발굴과 소비자 홍보에 보다 집중할 방침이다. 또 올해부터 공무원들의 복지포인트 일부를 제로페이로 사용하는 방안도 도입했다. 최근 중소벤처기업부가 오는 3월 시작하는 제로페이 본사업 참여자로 카카오페이와 KT, 11번가 등을 정했다고 발표하며 제로페이 확산 분위기도 커지고 있다. 유동균 마포구청장은 “마포구는 매월 1회 제로페이 활성화를 위한 관련 부서 전체회의를 개최하고 지역 내 상점과 기업, 시설 등 공공과 민간에 전방위적인 홍보를 펼쳐 나갈 계획”이라며 “영세 자영업자의 수수료 부담을 덜고 소비자에게 전에 없던 추가적인 혜택을 줄 수 있는 제도이니만큼 제로페이 확산을 위해 최선을 다하겠다”고 말했다.   김도연 기자 kdychi@munhwa.com[ 문화닷컴 바로가기 | 문화일보가 직접 편집한 뉴스 채널 | 모바일 웹 ][Copyrightⓒmunhwa.com '대한민국 오후를 여는 유일석간 문화일보' 무단 전재 및 재배포 금지(구독신청:02)3701-5555)]   ]",[],http://www.ajunews.com/view/20190122090603943,https://n.news.naver.com/mnews/article/021/0002380329?sid=102
2019-01-31 16:53:41,포인트데일리,,"심플리쿡, 설 상차림 필수 메뉴 출시",,,http://www.thekpm.com/view.php?ud=20190123092629781148e3dd6dd5_17,http://www.fntimes.com
2019-01-31 17:19:45,엑스포츠뉴스,,'언더나인틴' 2월 9일 파이널 무대…방송 시간 10분 연장,,,http://www.xportsnews.com/?ac=article_view&entry_id=1067756,http://www.ilovepc.co.kr
2019-01-30 14:41:00,한국경제TV,,"‘언더나인틴’, 굳건한 화제성으로 꾸준한 인기 증명 ‘비드라마 부문 토요일...",,,http://news.wowtv.co.kr/NewsCenter/News/Read?articleId=A201901230404&t=NN,http://www.kbench.com/
2019.01.31.,위키리크스한국,,"[WIKI 수첩] '카토캔' 소비자 클레임, 알고도 눈 감은 남양유업",,,http://www.wikileaks-kr.org/news/articleView.html?idxno=46240,http://www.srtimes.kr
2019.01.30.,뉴시스,,"서울시, 여성안심택배 주유소로 확대…총 215곳 운영",,,http://www.newsis.com/view/?id=NISX20190115_0000530098&cID=10201&pID=10200,http://www.dt.co.kr/
2019.01.31.,머니투데이,경제,"오트릭스 TV, B2B시장에서 더 인정받는 중소기업 TV로 눈길","[     SK텔레콤이 새 학기를 맞아 2월 1일부터 SK텔레콤을 이용하는 초등학생, 중고생, 대학생 고객을 대상으로 다양한 맞춤 혜택을 제공한다. 새 학기 시즌인 2월~3월에는 학생들의 통신 서비스 수요가 평월 대비 약 2배 늘어난다. 그만큼 이통사의 요금과 데이터, 제휴 혜택에 대한 관심도 여느 때보다 높다.우선, 만 12세 이하 초등학생은 2월 1일부터 3월 31일까지 신규약정, 재약정 시 쿠키즈 요금제 3종에 가입하면 3개월간 통신 요금을 50% 할인 받을 수 있다. 선택약정할인 등 중복 할인도 가능하다. 쿠키즈 요금제는 △쿠키즈 스마트(월 1만9800원, 이하 부가세포함) △쿠키즈 미니(월 1만5400원) △쿠키즈 워치(월 8800원) 총 3종이다. 중고생은 '영한동' 웹사이트에서 별도 신청만 하면 다양한 데이터 혜택을 받을 수 있다. SK텔레콤을 이용하는 모든 중고생은 3월 4일부터 3월 15일까지 약 2주간 진행되는 '0틴위크' 이벤트를 통해 데이터 2GB를 무료로 받을 수 있다. 이외에도 모두의마블, 세븐나이츠, 2018프로야구, 스노우카메라, 플로(FLO) 등 총21개 앱을 데이터 차감 없이 쓰는 '데이터슈퍼패스'와 데이터가 부족할 때 친구 3명이 모여 추가로 데이터 신청이 가능한 '데이터SOS' 혜택도 주어진다.대학생은 '영한동' 웹사이트에서 '0캠퍼스'에 가입하면 2월 8일부터 3월 31일까지 애플 맥북, LG그램 등 최신 노트북을 저렴하게 구매할 수 있다. '0캠퍼스'에 가입한 대학생은 캠퍼스 전용 데이터 최대 3GB와 클라우드를 최대 300GB 무료로 받고, 플로 음악 무제한 듣기(월 6900원, 부가세별도) 상품을 할인 받아 월 1500원에 이용 가능하다.T멤버십을 이용 중인 모든 학생, 학부모 고객은 설 연휴가 겹치는 2월 4일부터 8일까지 T 데이의 할인 혜택을 누릴 수 있다. T Day는 △빕스(VIPS) 40% 할인 △11번가 새 학기 이벤트 상품 최대 22% 할인(1만원이내) △롯데월드 종합이용권 55% 할인(본인 및 동반1인) 등 학생들에게 인기있는 제휴 업체로 구성됐다. 김은지기자 kej@dt.co.kr 디지털타임스 홈페이지 바로가기 / 디지털타임스 뉴스 더보기네이버 채널에서 '디지털타임스'를 구독해주세요. ]",[],http://news.mt.co.kr/mtview.php?no=2019012317490928777,https://n.news.naver.com/mnews/article/029/0002506004?sid=101
2019.01.18.,아시아투데이,,장애인 등 취약계층 50명 선발 ‘오픈마켓 창업교육’ 진행,,,http://www.asiatoday.co.kr/view.php?key=20190121010012905,http://www.fntimes.com
2019.01.15.,쿠키뉴스,,"‘언더나인틴’, 파이널 공연 방송 시간 연장…‘마지막까지 축제 예고’",,,http://www.kukinews.com/news/article.html?no=624570,http://www.ilovepc.co.kr
2019.01.30.,스트레이트뉴스,,카카오페이 '제로페이' 본 사업 한번 해볼까,,,http://www.straightnews.co.kr/news/articleView.html?idxno=41821,http://www.kbench.com/
2019.01.07.,지디넷코리아언론사 선정,,"화웨이, 미디어패드 M5 10·밴드3 프로 국내 출시",,,http://www.zdnet.co.kr/ArticleView.asp?artice_id=20190114112721,http://sports.donga.com/
